11 3529
11 3557
11 3537
11 3568
11 3562
14 3562
24 3537
24 3568
24 3586
27 3537
36 3537
36 3562
36 3586
46 3506
53 3568
68 3586
71 3529
86 3529
86 3537
103 3537
113 3586
113 3537
122 3537
122 3587
122 3580
122 3520
122 3568
127 3587
150 3568
157 3506
166 3562
172 3516
172 3580
172 3529
172 3506
172 3587
173 3537
180 3587
180 3567
182 3537
265 3587
306 3529
306 3537
306 3567
306 3562
308 3562
319 3537
346 3537
383 3529
383 3537
407 3580
457 3562
457 3529
457 3557
457 3586
457 3568
457 3537
465 3562
546 3562
556 3537
582 3557
600 3568
634 3554
710 3537
737 3568
742 3568
749 3537
759 3587
763 3529
766 3587
766 3516
766 3562
766 3580
766 3537
766 3537
766 3557
766 3586
784 3568
784 3587
789 3537
789 3586
798 3568
813 3537
813 3520
813 3537
813 3587
813 3580
822 3537
825 3587
825 3568
825 3562
825 3537
826 3506
826 3516
838 3516
865 3554
872 3587
879 3568
879 3537
879 3516
974 3580
974 3587
988 3541
988 3537
988 3580
988 3529
988 3557
993 3537
994 3537
994 3529
996 3557
996 3554
996 3562
1000 3586
1006 3568
1009 3529
1032 3587
1041 3586
1055 3554
1062 3529
1063 3568
1097 3580
1097 3554
1097 3562
1098 3580
1098 3529
1133 3537
1133 3586
1133 3568
1133 3557
1137 3537
1137 3537
1151 3537
1166 3554
1166 3586
1166 3537
1166 3538
1166 3537
1204 3537
1210 3586
1210 3537
1210 3557
1210 3580
1210 3587
1247 3537
1248 3562
1259 3506
1259 3529
1286 3537
1296 3537
1296 3537
1305 3516
1305 3580
1305 3541
1305 3587
1305 3529
1305 3506
1367 3520
1374 3529
1374 3554
1381 3537
1381 3537
1384 3537
1384 3587
1419 3516
1470 3537
1492 3537
1492 3568
1496 3562
1496 3586
1537 3568
1538 3580
1542 3537
1542 3586
1542 3554
1549 3562
1549 3580
1549 3529
1549 3568
1549 3587
1549 3537
1553 3568
1566 3537
1566 3537
1596 3562
1608 3520
1608 3562
1621 3568
1623 3580
1647 3587
1667 3537
1688 3537
1691 3562
1701 3537
1701 3537
1701 3586
1717 3587
1717 3516
1734 3537
1749 3562
1749 3538
1749 3516
1769 3537
1783 3537
1783 3580
1783 3562
1803 3537
1808 3516
1813 3557
1814 3516
1821 3516
1838 3562
1872 3529
1891 3568
1899 3516
1922 3537
1925 3587
1947 3562
1967 3587
1967 3520
1967 3580
1967 3537
1972 3562
1972 3587
1972 3529
1972 3516
1972 3580
1990 3562
2001 3554
2065 3587
2109 3562
2116 3529
2118 3580
2129 3529
2129 3568
2135 3537
2135 3568
2145 3537
2145 3587
2209 3587
2210 3562
2217 3568
2230 3541
2237 3529
2237 3541
2237 3557
2237 3537
2237 3568
2237 3580
2237 3537
2240 3580
2252 3576
2252 3520
2256 3562
2258 3568
2258 3586
2289 3568
2290 3587
2290 3580
2290 3516
2290 3568
2290 3520
2290 3541
2290 3567
2290 3529
2290 3537
2297 3537
2297 3516
2297 3568
2297 3562
2297 3587
2297 3529
2299 3580
2299 3541
2323 3562
2323 3580
2326 3568
2326 3567
2326 3537
2326 3520
2326 3516
2326 3580
2326 3587
2326 3506
2326 3562
2326 3529
2326 3557
2326 3541
2328 3537
2328 3529
2328 3568
2328 3562
2332 3562
2365 3516
2365 3580
2369 3541
2369 3554
2371 3537
2371 3537
2371 3516
2379 3541
2398 3516
2398 3580
2410 3586
2411 3580
2411 3529
2411 3537
2416 3587
2474 3562
2485 3537
2485 3516
2485 3587
2485 3557
2485 3529
2485 3568
2485 3580
2497 3548
2497 3529
2497 3547
2504 3568
2508 3562
2510 3529
2510 3557
2510 3516
2544 3568
2546 3567
2548 3568
2559 3516
2559 3580
2559 3568
2564 3537
2565 3529
2565 3537
2565 3557
2565 3548
2565 3506
2565 3562
2565 3587
2565 3516
2565 3557
2565 3537
2565 3580
2565 3547
2565 3520
2565 3567
2565 3568
2565 3541
2565 3538
2576 3516
2585 3562
2585 3537
2587 3568
2594 3580
2594 3562
2595 3537
2595 3586
2605 3568
2612 3587
2613 3541
2617 3580
2618 3562
2623 3516
2623 3586
2651 3580
2651 3541
2651 3548
2651 3516
2651 3562
2653 3516
2653 3568
2653 3529
2653 3580
2653 3537
2653 3548
2653 3537
2653 3587
2654 3537
2654 3529
2654 3562
2657 3580
2657 3568
2657 3562
2657 3516
2658 3537
2658 3537
2658 3587
2658 3580
2658 3541
2658 3557
2660 3541
2660 3537
2660 3529
2660 3580
2667 3586
2674 3562
2686 3538
2688 3529
2688 3586
2688 3587
2688 3580
2688 3568
2688 3557
2688 3537
2688 3562
2688 3516
2688 3541
2689 3529
2691 3568
2693 3516
2693 3580
2693 3562
2693 3537
2693 3537
2693 3529
2693 3568
2693 3587
2696 3568
2696 3537
2696 3537
2697 3537
2697 3562
2699 3580
2699 3587
2700 3529
2700 3520
2700 3580
2702 3537
2703 3516
2706 3537
2706 3587
2707 3568
2707 3516
2707 3537
2713 3562
2713 3516
2713 3580
2713 3529
2713 3506
2713 3568
2719 3562
2727 3529
2727 3516
2737 3516
2740 3520
2746 3562
2747 3580
2747 3529
2747 3516
2747 3568
2775 3568
2790 3516
2790 3548
2790 3537
2790 3580
2819 3516
2831 3529
2832 3568
2838 3516
2838 3587
2842 3580
2842 3587
2842 3506
2842 3538
2859 3562
2859 3568
2871 3537
2871 3568
2872 3557
2923 3537
2923 3516
2923 3568
2932 3537
2932 3568
2935 3537
2939 3529
2958 3516
2967 3520
2967 3562
2967 3580
2967 3529
2967 3587
2967 3568
2972 3568
2972 3562
2972 3537
2972 3557
2974 3562
2975 3541
2976 3541
2981 3568
2981 3537
2986 3537
2988 3537
2988 3537
2991 3562
3000 3568
3005 3562
3005 3580
3005 3529
3010 3580
3010 3587
3010 3520
3010 3529
3010 3557
3010 3537
3018 3557
3018 3537
3020 3516
3024 3562
3024 3580
3026 3568
3026 3529
3026 3587
3026 3537
3026 3537
3028 3567
3028 3580
3028 3529
3028 3568
3031 3567
3031 3516
3031 3537
3031 3580
3032 3541
3032 3557
3032 3587
3032 3520
3032 3516
3032 3568
3032 3567
3033 3568
3034 3568
3036 3592
3036 3516
3040 3576
3044 3516
3053 3516
3055 3587
3056 3516
3056 3587
3056 3520
3059 3537
3059 3537
3081 3516
3084 3537
3084 3562
3084 3568
3094 3537
3120 3520
3127 3541
3144 3568
3144 3529
3168 3568
3168 3562
3168 3516
3168 3557
3173 3537
3173 3529
3175 3541
3175 3537
3175 3529
3180 3529
3180 3516
3180 3537
3188 3567
3189 3587
3192 3537
3192 3537
3196 3529
3202 3516
3225 3516
3252 3516
3252 3587
3258 3587
3258 3541
3258 3568
3274 3537
3275 3516
3276 3562
3276 3529
3284 3516
3284 3557
3290 3587
3291 3516
3291 3506
3291 3587
3291 3562
3301 3576
3304 3557
3304 3529
3304 3516
3304 3580
3317 3568
3333 3587
3343 3541
3345 3586
3349 3580
3349 3587
3350 3516
3352 3529
3352 3537
3352 3568
3374 3516
3375 3562
3375 3516
3377 3587
3378 3562
3379 3516
3380 3516
3384 3580
3390 3537
3392 3529
3394 3537
3394 3516
3394 3541
3394 3562
3394 3529
3394 3568
3402 3537
3402 3516
3404 3529
3404 3586
3404 3587
3406 3541
3439 3548
3439 3516
3439 3567
3447 3537
3449 3557
3449 3537
3450 3557
3452 3537
3452 3586
3453 3537
3453 3568
3454 3537
3454 3568
3455 3537
3456 3568
3456 3537
3457 3537
3457 3568
3458 3586
3458 3529
3458 3537
3461 3557
3469 3587
3469 3567
3469 3529
3470 3580
3470 3587
3477 3529
3477 3557
3477 3587
3477 3506
3478 3586
3479 3537
3479 3580
3479 3568
3479 3587
3496 3562
3498 3586
3510 3516
3511 3516
3512 3516
3513 3516
3514 3516
3519 3568
3519 3529
3520 3529
3521 3568
3521 3529
3522 3529
3522 3554
3522 3557
3523 3529
3524 3529
3525 3529
3525 3541
3526 3529
3527 3576
3527 3529
3536 3520
3541 3562
3553 3587
3556 3541
3561 3562
3562 3537
3562 3580
3562 3541
3568 3537
3568 3562
3569 3580
3571 3586
3578 3580
3581 3587
3582 3587
3583 3587
3584 3587
3585 3587
3586 3587
3591 3568
3595 3537
3614 3568
3614 3586
3614 3557
3614 3562
3614 3537
3615 3562
3615 3568
3615 3557
3615 3541
3624 3568
3625 3520
3629 3537
3630 3562
3631 3562
3631 3568
3633 3557
3635 3568
3641 3562
3641 3537
3641 3568
3642 3586
3645 3562
3645 3568
3651 3537
3652 3537
3658 3537
3658 3568
3659 3568
3660 3557
3660 3568
3660 3562
3661 3562
3661 3568
3666 3562
3666 3586
3666 3568
3666 3554
3674 3557
3691 3537
3691 3568
3714 3562
3719 3541
3719 3562
3720 3562
3720 3568
3724 3562
3724 3568
3729 3562
3731 3557
3748 3537
3777 3568
3785 3562
3786 3541
3787 3537
3787 3557
3787 3554
3787 3568
3794 3568
3794 3537
3796 3568
3796 3537
3798 3586
3800 3568
3806 3554
3813 3568
3813 3537
3813 3562
3814 3568
3823 3541
3824 3541
3839 3562
3845 3554
3854 3562
3854 3537
3862 3562
3863 3537
3894 3576
3897 3568
3916 3586
3917 3568
3949 3562
3956 3537
3956 3568
3965 3568
3969 3537
3976 3537
3977 3562
3991 3562
3995 3586
4001 3568
4036 3586
4036 3562
4039 3562
4040 3586
4040 3562
4044 3537
4045 3586
4045 3537
4059 3562
4061 3562
4062 3562
4063 3568
4063 3562
4064 3562
4065 3568
4065 3562
4066 3568
4066 3562
4067 3562
4068 3562
4069 3562
4070 3586
4070 3562
4071 3562
4072 3562
4072 3557
4073 3537
4073 3562
4074 3562
4075 3562
4077 3537
4077 3568
4098 3568
4124 3568
4124 3537
4137 3568
4138 3568
4141 3568
4151 3537
4151 3568
4151 3586
4152 3568
4211 3537
4211 3568
4212 3537
4214 3568
4261 3568
4261 3537
4273 3568
4275 3537
4276 3586
4292 3568
4310 3586
4312 3568
4313 3568
4314 3568
4315 3568
4316 3568
4317 3568
4318 3568
4319 3568
4320 3568
4321 3568
4338 3537
4347 3554
4355 3537
4364 3554
4428 3537
4433 3557
4441 3537
4483 3537
4509 3537
4527 3537
4535 3537
4547 3537
4557 3586
4563 3554
4574 3586
4587 3537
4632 3586
4632 3554
4653 3537
4665 3537
4671 3554
4709 3586
4746 3537
4824 3537
4824 3586
4828 3586
4859 3537
4879 3537
4899 3537
4899 3586
4937 3537
4943 3537
4947 3537
4948 3537
4964 3586
4964 3537
4967 3537
4967 3586
4973 3537
4974 3537
4974 3586
4981 3586
4982 3537
5024 3537
5036 3537
5039 3537
5040 3537
5059 3537
5060 3537
5061 3537
5062 3537
5063 3537
5079 3586
5123 3586
5176 3586
5177 3586
5180 3586
5189 3586
5191 3554
5246 3586
5296 3554
5316 3586
5342 3586
5343 3586
5427 3586
5437 3586
5452 3554
5484 3586
5524 3586
5543 3586
5624 3586
5655 3586
5697 3586
5714 3586
5770 3586
5796 3586
5819 3586
5836 3586
5857 3586
5883 3586
5981 3586
5982 3586
5983 3586
5984 3586
5985 3586
5986 3586
5987 3586
5988 3586
5989 3586
5990 3586
