11 2475
11 2485
11 2435
11 2470
11 2479
11 2411
11 2426
11 2400
11 2456
11 2410
14 2475
14 2470
21 2410
28 2479
28 2470
36 2485
36 2456
36 2470
42 2475
47 2485
47 2470
47 2470
59 2470
59 2400
62 2470
62 2470
66 2470
66 2470
68 2440
71 2400
87 2456
109 2440
110 2400
113 2479
113 2410
122 2456
122 2411
122 2440
122 2485
122 2474
128 2470
143 2474
147 2485
161 2474
166 2411
172 2470
172 2470
172 2411
173 2400
203 2470
203 2470
203 2456
215 2400
237 2470
270 2485
290 2474
304 2499
306 2485
308 2474
310 2400
310 2485
311 2456
311 2485
312 2400
315 2470
315 2456
403 2416
407 2400
425 2433
432 2485
457 2411
457 2435
457 2433
457 2440
457 2490
457 2456
495 2470
546 2474
546 2440
582 2456
600 2475
633 2474
634 2485
634 2440
635 2475
650 2400
663 2485
665 2470
667 2470
704 2400
710 2474
722 2410
722 2470
737 2440
737 2433
742 2435
766 2485
766 2440
766 2456
766 2410
766 2433
766 2474
784 2416
784 2470
784 2416
784 2400
784 2411
784 2411
784 2456
789 2456
789 2400
795 2400
813 2470
813 2475
813 2400
813 2485
813 2410
825 2456
825 2411
825 2485
825 2416
826 2410
826 2474
826 2400
838 2416
842 2485
842 2411
854 2470
856 2411
865 2490
899 2410
907 2470
922 2411
935 2470
935 2485
937 2485
946 2485
946 2400
948 2485
978 2435
982 2470
982 2470
988 2400
988 2479
988 2474
988 2485
988 2435
988 2416
988 2411
993 2479
993 2475
993 2400
996 2400
996 2479
996 2435
996 2470
996 2470
1000 2410
1006 2435
1042 2470
1051 2470
1051 2470
1051 2485
1055 2416
1059 2470
1059 2470
1062 2485
1062 2400
1062 2435
1062 2411
1062 2475
1062 2474
1074 2440
1074 2433
1097 2470
1097 2479
1097 2470
1098 2400
1098 2474
1098 2410
1098 2435
1111 2400
1114 2416
1132 2470
1132 2456
1132 2440
1132 2411
1132 2470
1133 2456
1133 2474
1135 2410
1135 2435
1135 2475
1137 2485
1143 2479
1151 2470
1151 2479
1151 2485
1151 2456
1151 2435
1151 2433
1151 2470
1151 2475
1151 2410
1166 2474
1166 2400
1166 2485
1193 2470
1193 2470
1200 2416
1200 2474
1203 2400
1207 2490
1210 2400
1210 2475
1210 2470
1210 2411
1211 2474
1215 2400
1230 2400
1259 2411
1279 2400
1282 2410
1285 2485
1286 2456
1291 2474
1291 2485
1297 2474
1305 2411
1305 2410
1305 2474
1305 2470
1305 2485
1305 2416
1319 2474
1322 2400
1336 2470
1336 2470
1340 2470
1341 2470
1342 2470
1342 2470
1350 2400
1356 2416
1368 2474
1374 2490
1374 2410
1374 2485
1374 2470
1380 2400
1381 2485
1382 2485
1395 2400
1395 2435
1395 2410
1395 2456
1424 2411
1428 2411
1468 2456
1473 2475
1487 2475
1487 2474
1492 2474
1492 2411
1496 2410
1496 2474
1521 2474
1521 2485
1521 2400
1538 2410
1547 2475
1549 2485
1549 2456
1549 2410
1549 2474
1549 2435
1549 2475
1549 2470
1549 2400
1549 2440
1566 2485
1583 2470
1583 2474
1583 2470
1585 2410
1585 2400
1592 2470
1594 2485
1596 2474
1596 2485
1603 2435
1608 2475
1608 2435
1608 2400
1608 2411
1614 2456
1614 2410
1621 2474
1622 2474
1636 2499
1639 2485
1688 2485
1701 2440
1707 2485
1717 2411
1720 2485
1730 2400
1732 2474
1734 2474
1734 2485
1747 2479
1748 2456
1749 2490
1754 2456
1756 2479
1756 2470
1756 2435
1756 2426
1756 2400
1766 2435
1769 2479
1772 2410
1772 2400
1781 2410
1783 2410
1783 2474
1794 2475
1796 2440
1800 2479
1808 2485
1808 2410
1808 2475
1814 2440
1820 2400
1820 2411
1872 2485
1885 2485
1885 2475
1888 2410
1918 2411
1919 2479
1919 2470
1919 2470
1919 2400
1919 2411
1922 2474
1922 2475
1951 2485
1951 2435
1964 2485
1966 2485
1967 2485
1972 2474
1972 2485
1976 2470
1980 2400
1991 2410
1997 2475
1997 2435
2009 2485
2009 2456
2009 2470
2009 2470
2010 2470
2010 2470
2014 2470
2014 2470
2042 2470
2042 2470
2044 2470
2052 2475
2062 2400
2063 2470
2063 2475
2069 2470
2069 2475
2072 2400
2072 2470
2072 2426
2072 2479
2072 2475
2072 2410
2085 2435
2085 2400
2093 2470
2093 2475
2093 2470
2093 2435
2094 2470
2095 2470
2102 2474
2113 2420
2117 2456
2117 2470
2118 2456
2118 2435
2118 2400
2130 2470
2133 2479
2133 2435
2133 2470
2133 2400
2133 2470
2133 2475
2133 2410
2135 2485
2135 2456
2135 2433
2135 2470
2145 2456
2172 2479
2174 2435
2174 2410
2174 2470
2174 2411
2181 2475
2206 2499
2209 2410
2215 2456
2225 2474
2226 2456
2230 2411
2231 2435
2231 2400
2233 2475
2233 2400
2236 2411
2236 2474
2237 2470
2237 2456
2237 2470
2237 2485
2240 2499
2240 2435
2249 2400
2251 2435
2255 2400
2256 2475
2256 2411
2256 2410
2256 2435
2257 2440
2258 2456
2264 2433
2272 2400
2274 2411
2274 2435
2285 2485
2290 2411
2290 2485
2297 2440
2297 2456
2297 2485
2297 2474
2299 2410
2299 2485
2323 2485
2324 2485
2326 2411
2326 2485
2326 2433
2326 2416
2328 2479
2328 2485
2328 2435
2328 2470
2328 2400
2328 2411
2328 2470
2328 2410
2328 2475
2332 2411
2364 2440
2365 2411
2367 2475
2369 2411
2370 2484
2371 2470
2371 2485
2371 2400
2372 2479
2373 2470
2373 2470
2375 2470
2375 2479
2376 2474
2378 2400
2379 2411
2379 2411
2379 2485
2384 2416
2384 2416
2398 2400
2399 2400
2411 2474
2411 2433
2416 2426
2419 2420
2427 2470
2427 2470
2433 2435
2434 2435
2437 2470
2437 2470
2438 2470
2438 2470
2439 2470
2439 2470
2440 2470
2440 2470
2441 2470
2442 2470
2443 2470
2444 2470
2444 2470
2445 2470
2446 2470
2447 2470
2448 2470
2449 2470
2449 2470
2450 2470
2451 2470
2451 2470
2452 2470
2452 2470
2453 2470
2454 2470
2455 2470
2455 2470
2456 2440
2456 2470
2457 2470
2457 2470
2458 2470
2458 2470
2459 2470
2460 2470
2461 2470
2471 2475
2472 2470
2472 2475
2473 2475
2473 2410
2474 2410
2476 2479
2476 2416
2477 2479
2478 2479
2485 2456
2485 2411
2485 2433
2497 2499
2497 2485
2506 2474
2507 2410
2507 2474
2508 2470
2510 2474
2510 2485
2510 2410
2542 2456
2547 2474
2547 2485
2547 2440
2549 2474
2555 2410
2557 2416
2557 2470
2557 2411
2559 2470
2560 2485
2564 2456
2565 2410
2565 2485
2565 2470
2565 2474
2565 2411
2565 2411
2565 2416
2565 2433
2565 2456
2565 2416
2565 2433
2576 2416
2576 2474
2576 2411
2576 2470
2578 2410
2593 2411
2594 2410
2608 2470
2608 2410
2617 2410
2618 2410
2619 2474
2619 2485
2647 2416
2647 2470
2651 2411
2653 2485
2653 2411
2654 2411
2654 2470
2654 2485
2657 2485
2657 2411
2658 2485
2658 2411
2660 2474
2660 2485
2665 2410
2667 2474
2674 2474
2674 2485
2686 2485
2688 2490
2688 2433
2688 2440
2688 2411
2688 2474
2688 2433
2688 2456
2688 2485
2689 2485
2691 2485
2693 2411
2693 2485
2693 2433
2694 2474
2696 2485
2697 2411
2700 2485
2700 2416
2703 2411
2707 2474
2713 2485
2713 2474
2713 2411
2727 2474
2727 2485
2740 2410
2744 2416
2744 2490
2746 2474
2747 2485
2747 2411
2774 2474
2775 2440
2775 2410
2778 2416
2778 2433
2788 2410
2790 2474
2790 2440
2790 2411
2791 2411
2811 2433
2811 2433
2831 2474
2840 2470
2842 2485
2842 2416
2842 2474
2851 2485
2859 2485
2862 2470
2863 2470
2871 2485
2871 2474
2871 2456
2871 2470
2872 2470
2886 2470
2887 2470
2888 2470
2889 2470
2890 2470
2891 2470
2892 2470
2893 2470
2894 2470
2895 2470
2904 2411
2909 2485
2912 2456
2912 2474
2923 2474
2923 2411
2923 2485
2932 2485
2939 2411
2940 2485
2947 2485
2953 2485
2958 2474
2958 2411
2967 2456
2967 2474
2967 2411
2967 2433
2967 2485
2972 2440
2988 2485
3000 2411
3001 2485
3005 2474
3010 2411
3010 2485
3020 2474
3024 2411
3024 2485
3026 2411
3026 2485
3026 2411
3027 2456
3028 2485
3031 2485
3032 2485
3033 2485
3033 2474
3034 2440
3041 2440
3044 2474
3046 2411
3047 2411
3053 2474
3056 2485
3056 2416
3056 2411
3059 2474
3059 2485
3062 2474
3062 2485
3073 2485
3077 2411
3078 2411
3084 2411
3084 2485
3090 2485
3107 2485
3125 2485
3144 2485
3144 2456
3175 2411
3175 2485
3192 2485
3196 2485
3199 2485
3200 2411
3225 2456
3252 2485
3256 2411
3276 2485
3290 2485
3304 2411
3304 2485
3309 2474
3310 2474
3311 2474
3333 2485
3345 2440
3352 2485
3352 2411
3375 2485
3378 2456
3378 2485
3380 2411
3380 2485
3381 2433
3394 2411
3394 2485
3404 2485
3417 2411
3422 2485
3439 2440
3443 2456
3447 2456
3449 2490
3449 2456
3451 2456
3452 2456
3453 2433
3453 2456
3453 2440
3454 2456
3456 2456
3456 2440
3456 2433
3457 2485
3458 2485
3459 2440
3462 2456
3472 2440
3477 2411
3477 2485
3479 2499
3481 2485
3482 2485
3498 2490
3498 2456
3512 2485
3519 2485
3521 2485
3523 2485
3523 2411
3526 2485
3526 2411
3527 2485
3542 2485
3567 2485
3568 2485
3571 2485
3597 2485
3611 2485
3611 2411
3615 2411
3622 2485
3624 2485
3641 2433
3642 2490
3642 2433
3642 2440
3658 2485
3666 2456
3666 2490
3731 2411
3746 2485
3747 2485
3748 2485
3749 2485
3750 2485
3751 2485
3752 2485
3753 2485
3754 2485
3765 2411
3766 2411
3785 2411
3787 2456
3794 2456
3835 2456
3854 2433
3917 2456
3917 2440
3965 2499
3969 2433
3969 2433
4036 2440
4045 2433
4045 2440
4045 2456
4076 2433
4076 2456
4211 2456
4219 2456
4219 2433
4261 2456
4297 2440
4310 2440
4326 2433
4447 2456
4448 2433
4488 2440
4500 2433
4523 2433
4598 2440
4633 2456
4664 2456
4671 2456
4673 2440
4687 2456
4687 2440
4688 2456
4717 2456
4725 2456
4739 2456
4756 2456
4757 2456
4774 2456
4781 2456
4782 2456
4813 2440
4899 2440
4934 2433
4934 2433
4967 2440
4967 2433
4967 2490
4981 2440
4988 2490
5022 2433
5022 2490
5079 2440
5079 2433
5123 2490
5140 2440
5187 2490
5188 2440
5188 2433
5193 2440
5263 2490
5437 2490
5457 2490
5524 2433
5524 2440
5531 2433
5531 2440
5582 2433
5584 2440
5612 2440
5624 2440
5691 2490
5697 2490
5697 2440
5697 2433
5739 2440
5796 2440
5802 2440
5802 2433
5810 2440
5816 2440
5817 2433
5819 2440
5821 2440
5822 2440
5864 2490
5866 2490
5868 2490
5871 2440
5952 2440
6006 2433
6006 2440
6038 2440
6179 2440
6223 2440
6271 2440
6272 2440
6305 2433
6305 2440
6359 2433
6381 2433
6443 2433
6460 2440
6519 2433
6520 2433
6521 2433
6522 2433
6523 2433
6524 2433
6525 2433
6563 2440
6577 2440
