6 5323
20 5327
24 5341
58 5378
72 5321
87 5392
109 5321
122 5335
122 5392
132 5321
173 5335
311 5335
311 5335
319 5335
339 5341
339 5335
425 5384
425 5321
447 5384
457 5305
457 5335
457 5321
457 5378
457 5335
600 5341
737 5321
738 5301
766 5392
789 5335
789 5335
825 5301
896 5335
996 5335
996 5392
996 5335
1004 5305
1004 5305
1051 5335
1075 5341
1098 5321
1127 5335
1132 5335
1133 5335
1133 5301
1166 5301
1166 5321
1335 5305
1353 5341
1374 5321
1374 5335
1374 5301
1374 5323
1374 5384
1374 5392
1374 5341
1381 5323
1416 5384
1522 5301
1524 5321
1542 5335
1542 5308
1542 5335
1542 5301
1542 5323
1549 5341
1608 5335
1614 5341
1639 5335
1667 5301
1697 5335
1717 5341
1737 5301
1762 5321
1847 5392
1888 5321
1922 5305
1937 5341
1972 5323
1972 5327
1972 5341
2001 5392
2009 5341
2033 5341
2109 5392
2225 5335
2240 5321
2249 5378
2299 5323
2316 5375
2321 5375
2369 5327
2369 5321
2369 5305
2369 5375
2384 5341
2387 5341
2387 5392
2452 5378
2485 5323
2544 5321
2549 5301
2565 5321
2565 5392
2565 5335
2565 5378
2576 5305
2605 5301
2605 5321
2621 5305
2658 5378
2667 5301
2688 5335
2688 5321
2688 5327
2688 5392
2688 5335
2694 5335
2699 5335
2760 5311
2765 5341
2778 5323
2790 5323
2972 5392
2972 5305
2972 5335
3032 5323
3032 5327
3142 5378
3191 5335
3191 5341
3191 5321
3191 5392
3191 5323
3227 5301
3352 5364
3352 5335
3380 5378
3381 5335
3381 5384
3390 5335
3394 5301
3402 5392
3402 5335
3417 5341
3417 5335
3425 5375
3447 5305
3449 5301
3449 5335
3449 5327
3449 5335
3449 5392
3449 5341
3452 5301
3453 5392
3456 5335
3456 5335
3457 5327
3459 5301
3459 5321
3465 5301
3478 5335
3495 5375
3586 5335
3593 5384
3601 5392
3614 5335
3634 5323
3641 5335
3641 5321
3641 5321
3642 5321
3642 5301
3642 5335
3642 5384
3658 5335
3658 5341
3666 5323
3666 5335
3666 5335
3666 5327
3691 5335
3728 5341
3728 5327
3786 5321
3786 5341
3786 5321
3787 5327
3787 5321
3787 5392
3787 5321
3787 5378
3787 5305
3794 5392
3796 5301
3806 5327
3806 5392
3835 5335
3854 5301
3863 5308
3872 5384
3956 5321
3958 5301
3960 5392
3960 5327
3965 5321
4045 5301
4046 5384
4077 5392
4136 5301
4144 5392
4219 5323
4219 5301
4310 5321
4310 5301
4353 5335
4353 5335
4353 5327
4353 5392
4441 5378
4448 5308
4448 5335
4448 5309
4483 5301
4488 5392
4550 5335
4550 5321
4550 5392
4550 5323
4553 5392
4574 5301
4598 5301
4600 5341
4632 5327
4632 5335
4632 5335
4653 5327
4653 5308
4686 5308
4686 5392
4748 5335
4748 5301
4818 5375
4824 5321
4824 5301
4828 5321
4828 5335
4829 5392
4829 5335
4829 5327
4894 5335
4898 5392
4899 5392
4899 5301
4938 5323
4938 5341
4948 5327
4948 5335
4948 5311
4948 5392
4948 5378
4948 5326
4966 5335
4967 5335
4967 5392
4967 5301
4967 5335
4982 5327
5008 5323
5008 5303
5020 5350
5020 5368
5022 5301
5022 5335
5029 5327
5078 5341
5079 5393
5079 5327
5079 5301
5079 5368
5096 5327
5110 5301
5110 5323
5110 5341
5110 5392
5110 5327
5110 5335
5121 5301
5155 5392
5160 5392
5173 5384
5176 5301
5176 5392
5176 5326
5179 5335
5184 5335
5184 5392
5185 5378
5187 5321
5187 5301
5189 5392
5189 5327
5189 5335
5189 5321
5189 5301
5189 5335
5189 5321
5190 5392
5190 5335
5191 5392
5201 5378
5246 5392
5254 5321
5262 5301
5263 5321
5263 5305
5286 5335
5295 5321
5296 5323
5312 5305
5317 5327
5317 5326
5321 5301
5324 5327
5324 5392
5324 5323
5328 5327
5332 5335
5334 5301
5336 5341
5337 5341
5354 5354
5360 5392
5370 5375
5371 5375
5372 5375
5373 5375
5374 5375
5380 5392
5381 5392
5390 5392
5396 5301
5419 5301
5427 5335
5427 5321
5432 5378
5439 5321
5445 5321
5446 5321
5457 5301
5504 5301
5524 5393
5524 5335
5524 5384
5524 5378
5524 5301
5531 5384
5531 5335
5531 5321
5531 5301
5553 5335
5582 5384
5584 5321
5606 5321
5608 5335
5608 5301
5612 5335
5624 5321
5625 5321
5626 5321
5647 5301
5691 5301
5697 5301
5697 5321
5705 5301
5741 5301
5741 5321
5761 5305
5787 5301
5796 5321
5802 5384
5807 5384
5816 5321
5818 5335
5818 5321
5819 5378
5819 5301
5829 5301
5839 5301
5840 5305
5841 5305
5857 5321
5872 5378
5877 5301
5907 5301
5908 5301
5909 5301
5914 5335
5966 5335
6024 5335
6220 5384
6248 5335
6263 5335
6280 5335
6281 5335
6305 5321
6360 5384
6377 5321
6443 5321
6510 5384
6522 5321
6596 5378
6613 5384
6615 5321
6620 5384
6714 5321
6736 5321
6772 5321
6900 5378
6907 5378
6915 5384
7043 5378
7047 5378
7053 5378
7086 5378
7100 5384
7110 5384
7122 5384
7282 5378
7284 5378
7386 5378
7393 5378
7449 5378
7578 5378
7675 5378
7772 5378
7865 5378
7901 5378
8046 5378
8047 5378
8048 5378
8051 5378
8053 5378
8107 5378
8231 5378
8232 5378
8233 5378
