6 932
6 936
6 960
6 991
6 907
6 922
6 971
6 913
6 993
6 972
6 995
6 978
6 966
6 963
8 936
8 977
9 918
9 982
9 972
9 904
9 932
11 942
11 955
11 932
11 978
11 908
11 982
11 959
11 978
11 947
11 941
11 937
11 943
11 907
11 935
11 993
11 971
11 999
11 936
11 945
11 963
11 946
11 968
11 918
11 958
11 994
11 929
11 960
11 913
11 989
11 959
11 922
11 975
11 985
11 956
11 904
11 937
12 937
14 968
15 974
16 993
16 982
17 982
17 941
20 982
20 981
20 993
20 941
20 994
20 943
20 918
21 932
21 960
21 908
21 963
23 945
23 981
23 989
23 972
24 945
24 932
24 994
24 993
24 999
24 946
24 935
24 908
24 960
25 994
28 958
28 991
29 956
29 942
29 966
29 918
29 958
29 929
29 936
29 934
29 932
29 938
35 960
35 963
35 907
35 978
35 971
36 975
36 958
36 922
36 999
36 972
36 945
36 981
36 982
36 993
36 959
36 941
36 908
38 922
42 908
42 975
42 907
42 993
43 918
44 947
44 966
44 908
46 993
46 991
47 935
47 989
47 993
47 958
47 989
55 956
55 942
55 958
55 918
59 928
59 959
59 937
59 935
66 977
71 937
71 908
71 971
71 989
72 947
72 972
72 993
72 989
72 991
72 959
72 943
72 975
74 937
74 922
74 993
74 955
74 918
74 958
74 995
74 960
74 956
79 955
79 934
79 958
80 945
86 908
86 991
86 989
86 932
86 913
86 918
86 989
86 981
86 972
86 937
87 913
87 963
87 958
87 932
87 999
90 932
90 994
90 958
104 955
109 993
110 918
110 979
110 966
110 942
110 991
110 955
110 945
110 932
110 936
110 972
110 981
111 994
111 995
113 981
122 974
125 960
125 959
125 937
126 913
126 956
126 989
127 982
127 974
127 956
128 993
128 937
128 960
130 936
138 941
138 971
139 958
143 991
143 972
143 918
143 995
143 960
147 993
147 958
147 994
147 937
147 966
151 945
151 972
151 955
151 936
151 918
151 994
151 958
151 941
154 989
154 958
154 989
155 928
157 966
157 994
157 955
161 963
161 989
161 941
161 978
166 959
166 908
168 993
171 904
171 982
171 907
171 960
172 993
172 975
173 975
173 935
173 918
173 946
173 995
173 922
173 913
173 955
173 941
173 993
173 971
173 959
173 907
173 972
173 948
173 958
173 960
173 908
173 937
173 904
173 979
173 947
173 945
173 999
176 948
176 922
176 960
177 968
177 972
178 958
178 994
178 993
179 989
179 977
180 908
182 971
182 977
182 993
182 982
182 972
187 989
187 932
187 977
192 936
192 932
193 974
201 956
215 994
215 956
215 904
215 993
215 943
215 985
224 994
226 977
231 956
232 960
255 993
257 981
259 959
263 918
266 935
268 935
269 994
269 972
269 977
270 935
270 937
275 946
280 994
280 995
280 908
280 991
280 966
280 977
280 989
285 993
290 959
290 908
290 946
290 974
292 945
304 989
304 945
304 978
304 972
304 907
304 971
304 966
304 908
304 963
304 981
306 956
306 913
306 972
306 908
306 958
306 978
306 936
306 960
306 963
306 974
306 907
306 971
306 978
306 993
308 960
308 982
308 978
308 972
308 913
308 999
308 978
308 908
308 994
308 993
308 959
308 948
308 974
308 941
308 958
310 995
310 972
310 993
310 994
310 946
310 936
310 999
310 955
310 922
310 918
310 989
310 989
310 935
310 904
310 985
310 958
310 947
310 966
310 991
310 932
310 945
311 946
311 958
311 937
311 937
311 995
311 989
311 943
311 956
311 993
311 908
311 978
311 972
311 941
311 936
311 907
311 985
311 922
311 955
311 971
311 981
311 930
311 937
311 994
312 918
312 948
312 991
312 972
312 995
312 994
312 936
312 958
312 941
312 929
312 966
312 999
312 989
312 956
312 937
312 978
312 959
312 981
312 985
312 977
312 943
312 945
312 932
312 982
312 978
313 978
313 959
313 999
313 974
313 941
313 958
313 981
315 930
315 963
315 942
315 985
315 943
315 993
317 932
317 960
317 994
317 941
317 989
317 918
317 948
317 993
317 991
317 995
317 999
317 972
317 956
317 981
317 958
317 971
319 922
319 972
319 904
319 908
319 981
319 967
319 995
319 907
319 971
319 936
319 993
319 955
319 978
321 945
321 971
321 972
321 918
321 966
321 958
324 966
327 918
334 945
334 955
334 918
334 985
334 989
334 941
334 932
336 941
339 959
339 941
339 936
339 918
340 963
340 932
340 937
340 985
340 945
340 918
340 972
346 936
348 981
348 941
356 993
371 977
371 960
371 945
371 991
371 958
371 936
376 985
376 977
376 999
395 967
403 974
407 946
407 989
407 937
407 993
407 958
412 937
417 974
430 991
432 999
432 993
432 978
432 960
457 922
457 959
457 904
457 975
457 960
457 908
457 993
457 935
457 946
457 941
479 978
499 999
530 958
545 960
545 978
545 999
546 937
546 946
546 974
546 908
556 945
556 999
556 993
587 972
587 922
587 991
587 941
588 922
588 941
588 959
588 947
588 999
600 999
600 907
600 960
600 932
600 946
604 960
618 955
620 979
626 993
626 960
633 982
634 946
634 958
634 999
634 936
634 935
634 993
634 941
634 948
635 958
635 937
635 991
635 982
637 977
637 937
639 985
639 989
639 941
639 943
643 958
643 972
644 908
647 985
649 995
650 982
650 936
650 955
650 922
650 995
650 932
650 977
653 958
659 978
663 985
663 978
663 971
663 966
663 979
663 947
663 929
663 922
663 993
663 936
674 981
674 972
686 943
686 981
686 956
686 948
686 971
686 985
686 966
691 937
691 928
695 999
695 932
695 971
695 958
697 993
697 941
697 981
697 936
697 994
697 982
697 960
699 978
704 941
704 974
704 948
704 908
704 985
704 999
704 993
705 978
705 943
705 922
705 932
705 981
705 941
705 958
706 978
706 993
706 913
707 978
707 977
707 989
707 907
707 941
707 994
707 928
707 948
707 956
707 971
707 945
707 904
707 991
707 989
707 946
707 999
708 956
708 937
708 978
708 958
708 981
708 937
708 991
708 947
710 960
710 991
710 941
710 937
710 955
710 979
710 989
710 972
710 993
712 978
715 999
722 932
722 935
722 993
722 904
722 974
722 977
722 908
722 991
730 958
730 989
730 989
738 979
742 978
742 977
742 994
742 993
742 978
742 941
759 995
759 972
759 963
759 981
759 999
761 989
762 966
762 993
764 946
764 947
766 960
766 974
766 908
766 967
766 978
766 968
766 946
769 960
769 948
769 978
769 974
769 904
769 993
769 922
769 959
769 958
769 941
784 948
784 985
784 946
784 999
784 937
784 947
784 974
784 937
784 908
784 989
784 904
784 982
784 963
784 993
788 956
788 978
788 959
788 963
788 974
788 978
789 999
789 972
789 947
789 946
789 971
789 978
789 994
789 937
789 959
789 985
791 981
794 982
795 993
795 960
795 963
795 999
805 993
805 994
805 960
805 941
805 948
805 946
810 989
810 989
810 977
810 959
813 941
813 974
813 958
813 908
813 968
813 946
813 993
813 959
813 947
813 937
813 994
816 993
818 932
823 955
826 937
826 960
826 993
826 946
826 948
826 908
826 968
830 993
836 993
838 932
838 904
842 936
842 945
842 937
842 935
842 948
844 959
844 936
844 935
844 945
852 913
852 993
852 991
853 904
853 985
854 968
854 972
854 981
859 959
860 955
861 941
865 945
865 936
865 929
869 941
870 993
871 999
871 941
871 960
871 982
871 971
871 943
872 993
872 974
882 985
882 963
885 995
885 977
904 999
904 993
904 928
904 982
908 958
911 932
911 918
911 958
912 955
912 994
912 929
914 989
915 918
920 941
921 978
921 978
922 982
922 993
922 904
922 930
922 913
922 937
922 941
922 908
922 978
922 928
922 974
922 922
922 943
922 946
926 932
931 932
933 999
935 936
937 955
937 958
937 981
938 972
938 966
941 922
941 907
941 971
941 978
941 928
943 945
943 955
943 922
943 960
943 918
944 945
946 993
946 947
946 985
946 937
950 918
954 904
954 985
956 978
956 958
956 993
957 958
959 985
959 978
961 966
962 966
963 966
964 966
967 972
968 972
969 972
970 972
971 979
971 941
971 956
971 937
971 972
971 982
973 977
974 977
975 977
975 993
976 977
978 979
978 989
978 993
978 908
978 956
978 959
982 937
984 995
986 985
986 946
986 960
986 948
986 993
986 922
987 989
988 974
988 922
988 982
988 959
990 991
993 999
993 959
993 935
993 956
993 937
993 995
993 908
993 975
993 948
993 946
993 947
994 995
996 946
996 947
996 907
996 968
996 971
996 959
998 971
998 913
998 956
1000 968
1000 960
1003 946
1006 960
1006 904
1006 975
1006 948
1006 963
1006 994
1006 941
1006 956
1006 937
1006 935
1006 982
1009 948
1009 994
1010 948
1013 937
1022 978
1022 978
1029 956
1029 963
1032 993
1033 956
1034 907
1034 974
1035 947
1037 908
1037 947
1037 946
1037 960
1039 989
1041 913
1044 941
1050 960
1050 956
1050 975
1051 938
1051 968
1055 993
1055 948
1055 960
1055 978
1055 913
1055 959
1055 959
1055 928
1055 908
1061 937
1062 975
1062 935
1062 982
1062 922
1062 947
1062 941
1062 946
1062 993
1062 999
1062 994
1062 943
1062 959
1063 971
1074 994
1075 907
1075 971
1080 959
1090 943
1095 959
1097 941
1097 993
1098 947
1098 946
1098 993
1098 967
1098 959
1103 993
1111 959
1111 959
1111 922
1111 999
1111 993
1114 978
1114 941
1114 989
1114 922
1114 978
1114 985
1114 971
1124 993
1125 993
1125 960
1127 941
1129 993
1129 959
1129 913
1129 978
1129 941
1129 960
1132 971
1132 993
1133 922
1133 989
1133 913
1134 989
1135 943
1135 971
1135 999
1135 975
1135 993
1135 989
1135 960
1135 978
1135 908
1135 937
1135 922
1137 994
1137 963
1138 994
1139 994
1142 960
1142 993
1143 968
1144 941
1151 993
1151 908
1151 975
1151 904
1151 968
1151 967
1151 937
1151 974
1151 947
1159 930
1160 978
1160 971
1160 930
1160 941
1164 993
1164 908
1165 993
1166 959
1166 946
1166 993
1167 993
1167 904
1167 982
1167 978
1167 985
1167 971
1167 908
1182 922
1182 941
1185 937
1190 974
1193 928
1193 959
1199 941
1199 922
1200 993
1200 941
1201 982
1201 941
1201 978
1202 941
1202 904
1202 907
1203 963
1203 941
1204 941
1204 922
1204 943
1205 941
1206 941
1207 941
1208 941
1209 941
1210 993
1210 941
1210 999
1210 935
1210 947
1210 937
1211 993
1211 941
1211 908
1212 941
1213 941
1214 941
1214 922
1215 947
1215 941
1216 941
1221 908
1221 907
1223 922
1224 922
1225 922
1226 922
1227 922
1228 922
1229 922
1230 993
1230 922
1231 922
1232 922
1233 937
1233 907
1233 922
1234 943
1234 922
1234 978
1234 978
1235 922
1235 963
1236 971
1236 922
1236 960
1236 948
1236 928
1236 993
1237 922
1238 922
1241 978
1241 974
1241 982
1242 985
1245 982
1246 943
1247 993
1247 960
1247 971
1248 928
1253 993
1259 943
1262 982
1267 968
1267 935
1267 993
1271 943
1278 971
1278 960
1278 978
1278 993
1278 907
1279 971
1279 948
1279 907
1279 978
1279 959
1279 978
1279 959
1279 960
1281 993
1281 946
1284 935
1284 937
1285 993
1286 935
1290 978
1290 985
1291 993
1291 985
1292 985
1293 907
1293 960
1293 971
1293 985
1297 974
1297 959
1297 978
1305 948
1305 999
1306 907
1316 904
1316 993
1318 959
1319 971
1319 993
1319 948
1319 974
1319 908
1319 959
1319 907
1319 946
1322 960
1322 993
1322 946
1331 959
1333 999
1335 971
1335 935
1339 993
1350 908
1350 993
1350 947
1352 963
1352 971
1352 928
1352 937
1352 993
1352 908
1352 904
1356 960
1357 907
1357 963
1357 971
1357 960
1368 959
1374 967
1374 974
1374 959
1377 960
1378 935
1380 993
1380 974
1380 971
1380 975
1381 993
1381 948
1381 913
1386 948
1386 928
1386 975
1386 937
1386 960
1386 935
1394 960
1395 947
1395 935
1395 904
1395 959
1395 975
1395 946
1395 993
1407 993
1423 960
1424 907
1428 935
1428 937
1428 904
1428 993
1428 908
1428 975
1429 963
1436 963
1439 928
1439 978
1440 978
1441 946
1441 904
1441 993
1441 978
1441 937
1442 993
1443 971
1462 960
1466 960
1467 971
1469 971
1470 959
1470 971
1470 946
1470 974
1470 904
1471 960
1471 907
1471 948
1471 971
1472 907
1473 960
1473 908
1473 993
1473 907
1474 907
1480 993
1482 908
1483 960
1487 935
1487 928
1487 913
1487 904
1489 993
1492 937
1492 935
1492 948
1492 993
1496 913
1496 946
1496 993
1496 908
1497 959
1500 960
1501 946
1501 993
1505 935
1506 974
1506 993
1510 960
1521 937
1521 993
1521 904
1522 947
1522 993
1525 960
1526 904
1526 960
1538 904
1538 928
1538 937
1542 959
1542 993
1542 967
1547 968
1547 913
1547 993
1549 974
1549 908
1549 947
1549 975
1549 946
1549 959
1549 993
1549 937
1549 904
1549 935
1552 968
1552 935
1552 993
1555 904
1555 948
1555 913
1555 993
1555 937
1565 993
1566 993
1566 937
1571 975
1582 993
1583 993
1585 959
1585 935
1585 913
1585 908
1588 948
1589 948
1592 993
1594 913
1594 904
1594 935
1594 937
1594 975
1594 993
1608 947
1608 913
1608 993
1608 937
1608 904
1608 959
1608 908
1608 975
1608 968
1614 993
1615 935
1615 946
1615 908
1615 928
1615 993
1615 937
1616 928
1621 946
1621 947
1621 993
1623 993
1639 935
1661 974
1670 913
1671 913
1688 935
1691 967
1693 935
1693 993
1697 993
1700 937
1700 908
1700 993
1705 946
1707 993
1714 993
1716 904
1717 993
1717 935
1720 935
1722 935
1730 993
1732 904
1734 908
1742 935
1749 904
1756 937
1756 946
1756 908
1756 968
1757 993
1766 947
1767 937
1767 993
1769 993
1772 959
1772 937
1772 993
1783 974
1783 947
1792 993
1800 993
1803 993
1803 974
1808 993
1808 946
1814 993
1820 946
1820 993
1823 935
1835 959
1835 974
1836 959
1836 908
1837 993
1838 937
1838 993
1838 908
1847 959
1847 993
1868 975
1872 935
1881 935
1882 935
1883 935
1888 993
1891 993
1896 947
1908 993
1919 959
1919 908
1919 975
1919 947
1919 937
1919 946
1922 946
1925 974
1925 975
1962 993
1965 937
1965 993
1966 937
1967 974
1972 974
1976 974
1977 993
1980 993
1980 947
1985 959
1985 946
1985 993
1986 993
1986 908
1991 993
1992 937
1993 946
1997 937
1997 975
1997 968
1997 947
2009 946
2052 993
2052 968
2052 946
2062 993
2062 975
2062 959
2062 937
2062 946
2062 947
2063 937
2065 959
2065 993
2072 946
2072 947
2072 993
2072 959
2085 968
2093 993
2097 993
2102 993
2117 993
2118 968
2118 993
2120 975
2120 993
2126 993
2127 993
2128 993
2129 978
2129 993
2130 993
2131 993
2132 993
2133 959
2133 993
2133 946
2133 947
2133 968
2134 993
2135 993
2145 947
2145 974
2149 975
2156 946
2169 946
2172 968
2203 975
2204 975
2209 974
2231 968
2233 968
2233 959
2236 946
2237 974
2240 947
2240 974
2249 946
2254 946
2255 959
2255 947
2255 946
2256 946
2256 968
2272 959
2274 947
2290 974
2323 959
2326 974
2328 959
2328 947
2328 974
2328 968
2332 968
2356 974
2357 947
2371 959
2398 974
2398 968
2411 974
2485 974
2523 968
2541 974
2546 968
2559 974
2564 974
2565 974
2565 967
2576 974
2594 974
2618 974
2651 974
2657 974
2658 967
2688 974
2688 978
2697 974
2700 974
2713 978
2790 974
2842 978
2851 967
2900 974
2967 974
2998 974
3005 974
3009 974
3010 974
3026 974
3031 974
3032 967
3147 974
3352 974
3379 974
3386 974
3439 974
3470 974
3562 974
3605 974
3606 974
3607 974
3659 978
4040 967
4347 967
4441 967
4632 967
4712 967
4717 967
4813 967
4948 967
5114 967
5173 938
5185 967
5445 967
5446 967
5524 967
5702 967
5802 967
5915 967
6156 967
6383 967
6460 967
6461 967
6561 967
6596 967
6624 967
6711 967
6713 967
6907 967
6951 967
6993 967
7045 967
7052 967
7055 967
7131 967
7231 967
7344 967
7578 967
7659 967
7744 967
7769 967
7866 967
