3 590
3 567
3 584
3 586
3 581
4 560
6 560
6 584
6 592
6 538
6 581
6 586
6 590
6 566
6 567
6 579
6 589
6 549
6 564
8 560
8 564
8 506
8 586
8 538
8 592
8 584
8 590
8 581
8 566
8 589
8 524
8 514
8 549
8 567
9 560
9 592
9 579
9 517
9 559
10 549
11 559
11 549
11 575
11 587
11 560
11 579
11 506
11 514
11 545
12 564
12 538
14 581
14 564
14 560
14 589
14 567
14 538
14 566
14 584
15 589
15 560
17 590
17 592
18 549
19 592
19 589
19 590
19 584
19 581
19 564
20 564
20 590
20 567
20 592
21 592
21 590
21 549
23 549
23 586
23 590
24 579
24 589
24 545
24 560
24 549
25 549
25 545
25 590
25 560
25 592
26 560
26 567
26 590
26 566
26 581
26 564
26 584
27 586
27 567
27 566
27 590
27 584
28 584
28 590
29 538
29 587
29 524
29 549
29 589
31 517
32 517
33 538
33 545
35 545
36 549
36 579
36 560
38 589
39 549
42 545
42 564
42 549
46 564
46 590
46 566
47 545
47 560
48 564
49 517
51 589
55 549
56 515
57 549
59 584
59 564
59 549
71 560
71 549
71 564
72 586
72 592
72 514
72 584
72 589
72 566
72 590
72 567
75 545
75 549
76 514
78 567
78 566
80 590
80 560
83 517
86 549
86 538
86 564
87 549
87 545
87 579
89 545
90 559
90 549
90 560
100 560
101 517
103 579
106 579
107 517
110 524
111 517
113 524
125 517
127 584
127 549
132 549
135 589
136 584
138 560
138 566
138 592
138 590
140 592
140 590
142 579
143 559
143 566
143 567
143 590
150 567
150 566
150 592
150 587
150 590
150 584
150 589
150 587
151 549
152 567
152 581
152 589
154 549
164 590
166 545
171 545
171 559
171 579
171 575
173 587
173 575
173 559
173 579
173 560
178 560
178 564
178 590
179 549
182 590
187 545
192 549
192 586
193 549
199 579
201 549
211 517
215 517
215 559
221 590
223 590
230 559
231 549
231 560
236 581
236 590
236 592
236 586
237 560
237 581
237 587
255 581
255 567
255 549
255 564
259 579
269 549
275 590
280 567
280 579
280 566
282 564
282 560
282 566
282 579
282 590
282 567
282 592
296 560
306 587
306 549
306 567
306 566
308 579
308 545
308 549
310 549
312 545
312 549
312 579
312 575
316 559
317 545
317 579
319 592
319 590
319 587
325 590
325 560
326 549
334 545
335 589
336 590
339 549
339 560
340 564
345 567
345 581
356 579
371 590
371 567
383 560
399 579
399 560
406 560
406 538
407 579
412 560
415 549
416 560
426 517
426 524
426 538
426 586
426 560
426 589
426 506
426 567
426 592
426 566
432 559
440 560
440 538
445 524
454 517
454 506
457 587
457 545
457 559
457 575
479 545
479 549
488 549
489 524
489 514
499 560
509 514
516 517
519 524
520 524
521 524
522 524
523 524
530 549
542 549
553 560
554 560
555 560
556 560
557 560
558 560
559 560
560 559
567 584
568 567
569 567
570 567
570 581
571 567
572 567
573 567
574 567
574 587
582 589
584 590
587 589
588 589
588 587
588 587
590 579
591 592
600 549
600 579
614 549
626 579
634 579
634 545
635 587
644 549
647 587
647 545
652 549
659 545
673 549
695 549
704 579
706 549
706 579
707 579
708 545
732 549
733 549
736 549
749 559
763 579
764 549
766 579
766 549
769 559
769 579
773 549
774 549
775 549
776 549
788 545
795 579
805 579
813 579
813 559
820 559
826 575
838 506
844 545
844 579
852 579
852 545
861 579
870 579
870 559
904 575
904 559
916 559
920 545
921 545
922 587
922 579
928 579
941 579
946 579
959 545
978 545
993 587
993 579
996 587
998 579
1006 579
1016 565
1022 545
1029 579
1034 579
1038 545
1050 575
1055 579
1075 579
1086 579
1099 559
1127 579
1127 559
1129 545
1133 545
1135 545
1135 579
1137 579
1141 545
1142 579
1143 579
1151 587
1201 545
1202 587
1202 559
1211 579
1221 545
1221 587
1234 545
1245 545
1246 545
1248 545
1267 579
1279 579
1279 575
1285 579
1290 545
1294 545
1295 545
1296 545
1297 545
1319 579
1335 579
1350 559
1350 579
1352 559
1357 579
1374 559
1374 579
1385 579
1386 579
1386 559
1395 587
1395 579
1428 559
1428 579
1471 579
1473 579
1483 579
1487 575
1487 579
1487 559
1489 579
1492 575
1492 579
1496 579
1506 559
1521 579
1525 579
1538 559
1549 579
1555 579
1594 575
1594 579
1594 559
1605 559
1608 575
1608 559
1608 587
1614 579
1615 579
1615 559
1615 575
1664 579
1730 559
1732 559
1756 587
1760 559
1761 559
1762 559
1919 587
1922 587
1997 587
2062 587
2116 587
2251 587
2906 554
3593 554
3594 554
