11 6496
24 6496
29 6498
36 6496
36 6437
42 6437
42 6458
44 6432
44 6437
68 6437
87 6458
87 6441
87 6400
87 6496
87 6437
109 6481
109 6442
109 6437
109 6417
109 6458
113 6437
122 6498
136 6498
136 6441
172 6498
172 6441
173 6414
177 6496
182 6400
226 6437
237 6417
319 6442
364 6458
457 6498
457 6481
457 6441
457 6432
457 6442
457 6496
457 6417
457 6400
457 6458
457 6437
544 6458
608 6414
658 6458
695 6437
737 6417
737 6442
737 6496
749 6498
766 6458
766 6481
766 6441
766 6414
766 6442
766 6432
766 6496
766 6417
766 6437
788 6400
789 6481
791 6417
813 6400
854 6496
993 6498
996 6498
996 6400
996 6437
996 6441
996 6432
1009 6417
1010 6417
1051 6496
1051 6498
1074 6498
1074 6491
1074 6481
1074 6496
1074 6441
1151 6437
1151 6414
1151 6458
1151 6496
1151 6481
1166 6496
1166 6437
1210 6498
1215 6437
1267 6496
1319 6496
1374 6496
1374 6414
1470 6458
1496 6458
1522 6462
1542 6481
1542 6417
1542 6496
1549 6442
1623 6496
1644 6437
1644 6498
1644 6414
1688 6496
1701 6414
1701 6496
1717 6400
1733 6481
1748 6442
1767 6437
1767 6496
1800 6496
1835 6437
1879 6442
1879 6417
1951 6481
1972 6437
1972 6458
1972 6441
2037 6481
2135 6496
2145 6437
2145 6414
2145 6498
2145 6441
2172 6407
2174 6498
2249 6417
2256 6432
2258 6414
2264 6458
2297 6437
2297 6442
2369 6458
2369 6414
2376 6441
2376 6437
2381 6498
2381 6400
2410 6414
2440 6414
2452 6417
2456 6458
2456 6437
2456 6414
2458 6442
2485 6417
2516 6481
2545 6458
2545 6437
2547 6481
2547 6407
2560 6422
2564 6437
2564 6442
2565 6417
2565 6496
2565 6422
2565 6414
2565 6414
2565 6442
2576 6437
2595 6437
2621 6481
2658 6422
2658 6417
2658 6414
2658 6442
2660 6417
2667 6441
2667 6437
2667 6432
2688 6458
2693 6496
2699 6458
2765 6441
2774 6437
2775 6437
2839 6417
2839 6442
2851 6437
2851 6442
2940 6496
2967 6400
2972 6441
2972 6481
2972 6458
2988 6400
3010 6441
3015 6481
3021 6481
3027 6498
3027 6458
3032 6437
3032 6432
3106 6458
3176 6400
3274 6421
3291 6432
3297 6414
3345 6496
3345 6498
3345 6458
3348 6498
3381 6498
3381 6441
3381 6417
3381 6442
3381 6432
3447 6481
3449 6432
3449 6400
3453 6496
3453 6481
3456 6498
3456 6437
3456 6458
3456 6496
3456 6481
3459 6481
3478 6458
3508 6496
3535 6437
3586 6464
3586 6481
3586 6414
3600 6417
3634 6481
3634 6441
3641 6498
3641 6417
3642 6481
3642 6437
3642 6417
3642 6496
3642 6441
3642 6400
3642 6414
3642 6458
3691 6498
3787 6400
3932 6458
3965 6414
3965 6496
3969 6496
3969 6481
3985 6496
4036 6417
4036 6437
4045 6432
4045 6437
4045 6496
4045 6441
4045 6481
4046 6414
4073 6437
4073 6481
4099 6481
4099 6437
4162 6496
4175 6498
4187 6422
4257 6417
4310 6414
4310 6432
4310 6437
4310 6481
4335 6414
4347 6414
4364 6422
4409 6496
4437 6442
4441 6437
4441 6458
4441 6414
4447 6422
4483 6417
4483 6481
4632 6481
4632 6437
4632 6498
4632 6458
4632 6414
4632 6441
4669 6442
4673 6458
4673 6441
4673 6481
4673 6498
4673 6432
4687 6400
4687 6498
4709 6458
4712 6498
4764 6442
4781 6458
4795 6474
4795 6432
4795 6407
4813 6441
4813 6498
4813 6481
4813 6458
4814 6422
4828 6422
4828 6432
4828 6481
4899 6498
4899 6458
4899 6481
4899 6441
4948 6481
4960 6437
4966 6472
4967 6441
4967 6496
4967 6458
4967 6432
4967 6481
4967 6437
4970 6437
5002 6481
5022 6407
5022 6424
5022 6409
5022 6432
5022 6474
5022 6417
5022 6498
5022 6441
5028 6498
5028 6414
5053 6496
5079 6481
5079 6417
5079 6422
5079 6432
5079 6437
5096 6442
5102 6442
5103 6400
5103 6417
5103 6441
5103 6442
5110 6422
5110 6400
5110 6417
5123 6498
5166 6496
5171 6481
5173 6414
5177 6437
5177 6441
5177 6481
5178 6496
5179 6432
5179 6414
5179 6407
5179 6400
5181 6437
5185 6432
5185 6496
5185 6481
5185 6458
5188 6496
5188 6458
5189 6481
5189 6441
5189 6417
5189 6458
5189 6437
5193 6498
5217 6442
5248 6458
5254 6496
5316 6496
5360 6474
5423 6481
5423 6432
5423 6496
5423 6441
5439 6437
5439 6458
5439 6481
5439 6498
5472 6458
5524 6458
5524 6496
5524 6407
5524 6441
5524 6422
5524 6417
5524 6414
5524 6481
5524 6437
5531 6414
5531 6441
5531 6498
5531 6458
5531 6400
5531 6437
5531 6417
5531 6442
5531 6496
5531 6481
5551 6481
5553 6496
5582 6432
5582 6496
5582 6441
5582 6437
5582 6481
5582 6458
5591 6409
5591 6414
5591 6417
5591 6400
5596 6496
5630 6441
5696 6458
5696 6432
5696 6496
5696 6441
5697 6441
5697 6432
5697 6481
5697 6474
5697 6496
5697 6458
5697 6400
5697 6417
5697 6437
5714 6458
5714 6481
5714 6437
5721 6414
5773 6414
5775 6458
5796 6496
5796 6498
5796 6414
5796 6442
5796 6481
5796 6400
5799 6432
5799 6437
5800 6441
5800 6442
5800 6417
5802 6414
5802 6417
5802 6442
5802 6481
5802 6496
5802 6458
5802 6441
5804 6458
5806 6441
5807 6417
5810 6442
5811 6432
5811 6414
5811 6498
5811 6441
5812 6458
5812 6498
5813 6417
5814 6437
5814 6417
5814 6498
5817 6481
5818 6458
5818 6441
5819 6432
5819 6441
5820 6414
5821 6458
5822 6432
5822 6437
5823 6437
5823 6441
5823 6432
5823 6417
5839 6417
5839 6458
5839 6442
5839 6432
5839 6417
5857 6496
5857 6481
5857 6458
5890 6400
5940 6496
5952 6414
5969 6417
5972 6424
5999 6496
6006 6481
6006 6437
6006 6496
6006 6458
6006 6441
6007 6496
6013 6496
6015 6496
6016 6496
6023 6437
6023 6481
6023 6432
6023 6441
6023 6417
6032 6442
6032 6414
6068 6498
6068 6414
6082 6496
6097 6496
6097 6414
6126 6437
6126 6432
6126 6441
6156 6417
6156 6432
6179 6496
6216 6481
6216 6458
6217 6496
6217 6458
6218 6432
6223 6437
6239 6432
6241 6417
6241 6442
6241 6496
6243 6414
6270 6441
6270 6417
6270 6496
6280 6442
6299 6417
6299 6417
6299 6414
6299 6496
6305 6458
6305 6414
6305 6481
6305 6441
6305 6498
6317 6432
6320 6414
6323 6481
6323 6417
6327 6432
6327 6414
6327 6437
6347 6496
6359 6496
6360 6414
6360 6417
6391 6400
6392 6400
6393 6400
6394 6400
6395 6400
6396 6400
6397 6400
6398 6400
6401 6401
6415 6417
6416 6417
6421 6422
6424 6481
6428 6498
6430 6432
6431 6432
6439 6441
6447 6481
6447 6498
6447 6474
6450 6458
6451 6458
6452 6458
6453 6458
6454 6458
6455 6458
6456 6458
6457 6458
6459 6458
6466 6424
6467 6424
6468 6424
6469 6424
6470 6472
6480 6481
6483 6496
6484 6496
6485 6496
6486 6496
6487 6496
6488 6496
6489 6496
6490 6496
6491 6496
6492 6496
6493 6496
6494 6496
6495 6496
6497 6498
6518 6442
6548 6442
6563 6414
6613 6414
6615 6417
6615 6442
6619 6417
6619 6442
6620 6414
6624 6414
6624 6442
6712 6414
6712 6442
6714 6417
6714 6442
6736 6422
6747 6414
6749 6491
6753 6442
6772 6417
6784 6414
6789 6417
6875 6442
6885 6442
6906 6414
6906 6417
6907 6414
6907 6442
6907 6414
6907 6417
6914 6417
6918 6442
6945 6414
6946 6417
6951 6422
6975 6414
6993 6414
7045 6414
7047 6422
7047 6414
7052 6414
7053 6422
7055 6442
7057 6417
7057 6442
7057 6414
7086 6442
7092 6422
7100 6414
7110 6414
7113 6422
7131 6442
7270 6442
7280 6422
7294 6414
7378 6417
7378 6422
7391 6422
7400 6417
7416 6417
7417 6442
7418 6442
7419 6442
7420 6442
7443 6414
7490 6424
7614 6422
7733 6422
7733 6414
7743 6422
7768 6414
7769 6414
7775 6422
7791 6414
7882 6414
7966 6422
7967 6422
