30 7478
72 7478
87 7478
109 7400
109 7414
136 7442
155 7400
237 7414
265 7478
335 7497
335 7443
336 7450
371 7422
371 7478
395 7414
425 7442
425 7422
432 7443
457 7400
457 7414
457 7478
457 7450
580 7400
737 7422
737 7450
766 7478
766 7414
766 7450
766 7400
766 7443
850 7400
909 7422
909 7478
1009 7400
1010 7400
1055 7478
1055 7497
1097 7450
1098 7478
1098 7414
1151 7414
1374 7400
1374 7443
1385 7478
1542 7478
1542 7414
1549 7478
1769 7478
1879 7414
1879 7422
1995 7497
2062 7478
2258 7478
2258 7422
2276 7478
2276 7490
2285 7478
2328 7400
2328 7414
2452 7414
2485 7478
2485 7422
2485 7400
2560 7443
2560 7400
2565 7450
2565 7400
2565 7478
2565 7414
2565 7443
2565 7422
2576 7443
2658 7414
2658 7450
2658 7497
2658 7478
2658 7400
2658 7422
2738 7423
2839 7422
3027 7450
3027 7478
3032 7478
3084 7443
3320 7442
3348 7442
3367 7400
3381 7422
3381 7414
3381 7443
3381 7478
3381 7450
3447 7414
3456 7450
3456 7400
3456 7414
3457 7400
3498 7478
3586 7400
3586 7414
3586 7436
3600 7478
3642 7497
3642 7478
3642 7442
3683 7478
3691 7450
3691 7422
3691 7497
3787 7422
3787 7478
3787 7497
3910 7478
3965 7422
4036 7414
4036 7400
4040 7443
4046 7400
4124 7478
4151 7443
4310 7400
4310 7497
4310 7450
4441 7443
4483 7414
4532 7478
4598 7478
4712 7422
4712 7478
4739 7478
4792 7414
4828 7414
4879 7414
4915 7414
4948 7414
4948 7400
4948 7443
4974 7414
4994 7414
5002 7442
5002 7414
5020 7478
5079 7478
5103 7443
5103 7414
5173 7497
5173 7414
5173 7422
5173 7400
5177 7414
5185 7414
5189 7414
5189 7478
5196 7414
5201 7478
5215 7414
5524 7450
5524 7414
5524 7497
5524 7478
5524 7436
5524 7443
5524 7442
5524 7422
5524 7400
5529 7443
5531 7414
5531 7450
5531 7422
5531 7478
5543 7414
5543 7478
5773 7414
5796 7443
5796 7414
5800 7422
5800 7400
5800 7443
5802 7414
5802 7443
5802 7450
5802 7400
5806 7414
5806 7422
5806 7400
5806 7497
5811 7414
5811 7423
5814 7414
5816 7478
5819 7400
5820 7449
5821 7478
5822 7422
5822 7414
5823 7478
5915 7443
5988 7478
5998 7443
6006 7443
6020 7443
6032 7400
6043 7400
6043 7443
6097 7478
6123 7414
6123 7497
6139 7450
6180 7478
6198 7414
6221 7414
6221 7478
6229 7478
6241 7443
6241 7400
6241 7414
6243 7414
6270 7414
6272 7414
6272 7478
6280 7414
6323 7414
6360 7442
6460 7414
6460 7442
6460 7497
6460 7498
6460 7491
6486 7400
6486 7414
6494 7414
6494 7400
6494 7443
6510 7442
6518 7422
6523 7414
6552 7414
6555 7414
6560 7414
6595 7414
6596 7443
6615 7443
6615 7450
6615 7414
6615 7442
6615 7478
6615 7422
6618 7414
6619 7414
6619 7436
6619 7400
6624 7400
6624 7443
6624 7414
6624 7450
6635 7478
6646 7478
6712 7443
6714 7450
6714 7442
6714 7478
6714 7414
6714 7422
6758 7478
6774 7414
6779 7478
6784 7497
6784 7442
6784 7450
6784 7414
6784 7422
6789 7414
6789 7442
6801 7414
6804 7414
6875 7443
6885 7422
6900 7478
6900 7422
6902 7400
6907 7478
6907 7497
6907 7400
6907 7414
6914 7414
6916 7442
6916 7450
6918 7414
6918 7400
6934 7400
6934 7497
6941 7400
6976 7400
6993 7414
6993 7442
7012 7414
7021 7414
7045 7497
7045 7443
7046 7414
7047 7443
7049 7443
7052 7400
7052 7450
7055 7450
7055 7443
7055 7478
7055 7414
7055 7400
7056 7443
7057 7400
7057 7478
7063 7414
7071 7414
7080 7414
7080 7478
7086 7414
7086 7478
7086 7497
7086 7450
7092 7414
7092 7400
7092 7443
7099 7400
7131 7414
7150 7400
7225 7400
7229 7400
7231 7450
7231 7443
7231 7414
7231 7400
7233 7422
7236 7478
7239 7478
7239 7497
7260 7478
7262 7400
7278 7414
7279 7443
7280 7443
7294 7400
7294 7414
7335 7414
7341 7414
7343 7414
7350 7414
7390 7442
7390 7443
7391 7443
7393 7414
7400 7414
7400 7450
7405 7443
7415 7400
7421 7422
7441 7442
7444 7450
7445 7450
7446 7450
7447 7450
7468 7478
7469 7478
7470 7478
7494 7495
7565 7400
7649 7443
7679 7443
7697 7443
7744 7449
