11 3334
11 3394
11 3309
11 3352
11 3352
11 3321
12 3371
15 3334
20 3371
24 3351
24 3352
36 3334
36 3352
36 3394
42 3352
53 3352
66 3352
66 3352
68 3352
68 3307
68 3371
68 3351
71 3334
71 3352
86 3310
90 3309
90 3352
99 3371
109 3334
109 3310
122 3352
122 3309
122 3393
122 3352
122 3321
127 3351
127 3352
172 3307
172 3338
172 3371
203 3352
203 3352
237 3334
291 3352
306 3352
310 3352
310 3352
319 3334
325 3352
371 3352
425 3351
432 3310
432 3352
432 3352
445 3309
447 3321
457 3352
457 3394
457 3321
457 3334
511 3321
521 3352
546 3334
556 3371
556 3352
582 3321
600 3352
633 3310
635 3307
643 3338
689 3371
689 3393
695 3352
695 3309
697 3371
697 3393
722 3371
742 3352
742 3334
742 3334
749 3352
763 3352
763 3393
766 3309
766 3394
766 3334
766 3352
766 3310
766 3321
766 3381
766 3393
766 3351
766 3307
769 3371
784 3351
784 3338
784 3371
784 3352
784 3307
788 3307
788 3338
789 3352
789 3334
805 3309
813 3352
813 3394
825 3352
825 3352
825 3321
826 3307
826 3351
826 3371
826 3338
842 3352
844 3352
854 3393
856 3307
865 3393
879 3334
879 3394
879 3321
879 3352
879 3352
986 3307
988 3352
988 3338
988 3371
988 3351
988 3307
988 3348
993 3352
996 3309
996 3393
1011 3321
1012 3301
1031 3351
1032 3352
1043 3351
1043 3338
1062 3394
1062 3352
1062 3307
1062 3351
1075 3352
1075 3321
1075 3352
1097 3309
1097 3352
1097 3393
1098 3351
1098 3310
1111 3352
1113 3352
1127 3352
1132 3352
1133 3352
1133 3334
1133 3309
1133 3321
1133 3394
1151 3309
1151 3352
1151 3310
1151 3381
1151 3338
1166 3338
1166 3352
1166 3307
1166 3352
1169 3338
1184 3309
1184 3352
1185 3309
1196 3346
1204 3338
1210 3351
1215 3334
1221 3351
1247 3393
1247 3352
1253 3393
1286 3352
1286 3309
1305 3338
1305 3307
1305 3351
1305 3371
1305 3352
1319 3307
1319 3338
1342 3352
1353 3352
1356 3346
1367 3348
1374 3310
1374 3338
1374 3351
1374 3393
1374 3381
1374 3352
1416 3309
1446 3371
1470 3393
1470 3346
1487 3307
1487 3338
1487 3348
1487 3371
1487 3351
1492 3338
1492 3307
1496 3371
1521 3307
1522 3346
1537 3334
1542 3334
1542 3310
1542 3381
1542 3321
1549 3351
1549 3352
1549 3352
1549 3307
1549 3393
1550 3352
1583 3351
1596 3352
1608 3338
1608 3351
1608 3352
1608 3307
1608 3394
1608 3371
1639 3371
1644 3334
1691 3309
1691 3338
1691 3352
1717 3352
1717 3321
1717 3338
1732 3307
1733 3352
1748 3310
1749 3307
1751 3338
1754 3371
1767 3334
1767 3338
1767 3352
1769 3352
1769 3352
1783 3307
1795 3352
1795 3393
1808 3352
1808 3352
1811 3307
1812 3371
1813 3321
1896 3309
1922 3307
1922 3338
1922 3352
1922 3352
1922 3351
1935 3352
1951 3352
1972 3307
1972 3371
1972 3352
1972 3338
1980 3321
1980 3352
1985 3307
2001 3393
2003 3371
2009 3352
2010 3352
2033 3352
2041 3352
2093 3351
2109 3393
2118 3352
2118 3351
2135 3321
2135 3352
2135 3371
2135 3338
2135 3393
2145 3393
2145 3376
2145 3320
2145 3338
2171 3338
2171 3307
2171 3319
2171 3351
2174 3351
2186 3321
2186 3352
2186 3351
2210 3394
2215 3334
2226 3352
2229 3307
2229 3351
2230 3320
2234 3321
2236 3320
2237 3394
2237 3334
2237 3338
2237 3309
2237 3307
2237 3352
2237 3321
2249 3348
2249 3346
2256 3371
2256 3352
2257 3321
2257 3352
2258 3321
2258 3334
2264 3352
2269 3348
2276 3334
2285 3371
2285 3321
2289 3352
2297 3338
2297 3352
2297 3352
2297 3307
2298 3352
2299 3351
2309 3321
2325 3321
2326 3352
2326 3348
2326 3371
2326 3313
2326 3307
2326 3346
2326 3351
2326 3338
2328 3352
2328 3352
2328 3394
2338 3348
2356 3352
2368 3352
2368 3351
2368 3371
2368 3307
2369 3334
2369 3393
2381 3352
2384 3321
2398 3352
2411 3307
2411 3338
2416 3371
2416 3338
2416 3348
2440 3334
2440 3321
2440 3352
2440 3352
2485 3352
2485 3393
2485 3371
2485 3309
2485 3352
2485 3321
2485 3351
2497 3324
2507 3307
2507 3351
2510 3394
2541 3348
2542 3371
2544 3352
2547 3352
2559 3371
2559 3307
2560 3310
2560 3394
2564 3371
2565 3334
2565 3307
2565 3334
2565 3309
2565 3338
2565 3393
2565 3324
2565 3351
2565 3321
2565 3346
2565 3371
2565 3348
2565 3319
2565 3381
2565 3320
2565 3310
2565 3352
2565 3394
2565 3352
2566 3320
2576 3307
2585 3394
2585 3351
2594 3321
2595 3352
2595 3352
2618 3307
2645 3394
2646 3307
2651 3352
2651 3309
2651 3321
2651 3394
2651 3346
2651 3351
2651 3334
2651 3352
2654 3352
2655 3352
2655 3321
2658 3334
2658 3352
2658 3394
2660 3352
2660 3394
2660 3352
2665 3351
2667 3393
2686 3307
2686 3371
2686 3351
2686 3338
2687 3307
2687 3319
2687 3348
2687 3371
2688 3393
2688 3394
2688 3351
2688 3338
2688 3321
2688 3309
2688 3307
2688 3334
2688 3352
2688 3352
2691 3352
2692 3338
2692 3307
2692 3324
2693 3352
2693 3371
2693 3351
2694 3334
2696 3338
2696 3352
2699 3352
2699 3348
2699 3352
2700 3352
2700 3307
2701 3338
2702 3351
2703 3338
2703 3371
2703 3307
2703 3351
2704 3348
2706 3307
2706 3352
2707 3351
2713 3394
2713 3371
2713 3351
2713 3307
2713 3352
2719 3351
2719 3307
2737 3309
2747 3394
2747 3352
2774 3309
2775 3394
2775 3352
2787 3307
2790 3376
2790 3352
2790 3324
2790 3334
2790 3307
2839 3334
2842 3351
2842 3346
2859 3321
2859 3352
2859 3352
2871 3352
2871 3309
2871 3352
2875 3351
2875 3307
2906 3352
2909 3352
2923 3394
2932 3394
2932 3321
2935 3321
2940 3307
2940 3351
2947 3352
2958 3394
2958 3352
2958 3352
2964 3321
2964 3351
2964 3394
2964 3309
2964 3307
2967 3334
2967 3394
2967 3352
2967 3351
2967 3321
2967 3346
2967 3309
2968 3338
2972 3321
2972 3334
2972 3352
2981 3381
2981 3321
3000 3307
3001 3352
3006 3351
3006 3338
3010 3371
3010 3352
3010 3352
3010 3338
3010 3351
3010 3307
3018 3371
3020 3338
3020 3371
3024 3307
3024 3351
3026 3352
3026 3352
3028 3352
3028 3352
3028 3351
3031 3351
3032 3393
3032 3346
3032 3394
3032 3352
3034 3321
3034 3309
3057 3352
3084 3334
3084 3381
3084 3352
3095 3371
3095 3307
3110 3352
3110 3352
3120 3324
3144 3352
3144 3352
3144 3338
3144 3351
3145 3352
3145 3309
3148 3371
3168 3346
3168 3309
3168 3334
3168 3394
3168 3352
3189 3371
3190 3352
3191 3393
3199 3307
3208 3321
3209 3351
3252 3352
3258 3351
3258 3307
3258 3352
3274 3352
3276 3338
3276 3394
3280 3307
3290 3351
3290 3352
3291 3351
3291 3334
3291 3352
3296 3307
3297 3371
3297 3307
3297 3351
3298 3307
3299 3307
3300 3351
3300 3338
3300 3307
3301 3307
3302 3307
3303 3307
3304 3371
3304 3307
3305 3307
3334 3394
3348 3351
3349 3351
3350 3352
3350 3351
3350 3334
3350 3321
3354 3371
3355 3348
3356 3348
3357 3348
3358 3348
3359 3348
3366 3334
3366 3352
3366 3371
3367 3371
3375 3334
3375 3334
3378 3321
3378 3352
3379 3334
3381 3346
3390 3321
3394 3334
3402 3352
3402 3321
3402 3334
3404 3352
3404 3352
3406 3352
3417 3321
3433 3352
3433 3321
3447 3321
3447 3352
3447 3334
3449 3309
3449 3334
3449 3321
3449 3352
3451 3321
3452 3321
3453 3334
3453 3352
3453 3393
3453 3321
3453 3309
3454 3334
3454 3352
3454 3321
3454 3394
3455 3334
3455 3321
3456 3321
3456 3352
3457 3352
3461 3321
3462 3352
3463 3321
3463 3334
3463 3352
3472 3352
3478 3394
3479 3352
3479 3321
3479 3334
3483 3393
3490 3321
3498 3352
3498 3393
3519 3352
3519 3352
3522 3394
3522 3393
3522 3334
3527 3352
3541 3394
3568 3352
3568 3321
3568 3394
3586 3334
3591 3334
3591 3352
3601 3334
3607 3352
3607 3352
3614 3394
3614 3393
3614 3309
3614 3352
3615 3352
3615 3394
3615 3352
3622 3352
3624 3334
3631 3352
3631 3313
3634 3352
3635 3352
3635 3352
3639 3309
3641 3393
3641 3352
3641 3334
3641 3352
3642 3334
3642 3346
3643 3321
3647 3352
3658 3352
3659 3394
3659 3352
3660 3352
3660 3352
3661 3352
3662 3352
3662 3352
3663 3352
3664 3352
3665 3352
3666 3352
3666 3352
3666 3394
3667 3352
3691 3352
3719 3394
3724 3346
3728 3352
3762 3394
3767 3394
3775 3394
3786 3334
3787 3346
3787 3321
3787 3393
3787 3352
3787 3309
3787 3394
3787 3334
3796 3321
3796 3352
3806 3352
3812 3352
3813 3394
3813 3352
3830 3321
3835 3334
3835 3321
3854 3352
3871 3321
3872 3321
3902 3321
3902 3352
3910 3352
3917 3352
3965 3352
3965 3321
3965 3394
3969 3352
3973 3394
3976 3334
3976 3352
3982 3352
4001 3321
4001 3394
4036 3352
4040 3352
4040 3321
4040 3381
4040 3334
4044 3352
4044 3334
4044 3321
4045 3309
4045 3321
4045 3352
4046 3352
4046 3346
4065 3309
4065 3346
4066 3352
4068 3346
4072 3352
4072 3334
4074 3346
4076 3334
4076 3394
4076 3321
4077 3352
4077 3334
4089 3309
4099 3334
4104 3352
4119 3352
4123 3394
4124 3394
4124 3352
4136 3394
4142 3394
4142 3309
4142 3352
4144 3393
4144 3394
4150 3352
4150 3334
4151 3352
4151 3321
4152 3352
4186 3334
4189 3394
4191 3334
4211 3321
4219 3352
4219 3334
4219 3309
4219 3321
4224 3352
4261 3334
4266 3352
4276 3352
4282 3334
4290 3394
4297 3334
4324 3309
4355 3352
4363 3321
4364 3309
4364 3346
4377 3334
4433 3321
4437 3321
4437 3309
4441 3381
4441 3393
4441 3310
4441 3309
4448 3321
4455 3334
4483 3352
4486 3352
4488 3352
4531 3352
4534 3352
4536 3393
4536 3334
4550 3393
4564 3352
4564 3334
4574 3334
4586 3352
4588 3352
4598 3352
4598 3334
4623 3352
4632 3393
4649 3309
4653 3393
4655 3321
4659 3321
4660 3321
4661 3321
4662 3334
4662 3321
4663 3321
4681 3334
4688 3334
4688 3352
4705 3334
4712 3334
4717 3334
4725 3334
4739 3310
4742 3352
4751 3352
4756 3334
4760 3352
4761 3352
4762 3352
4763 3352
4764 3352
4765 3352
4766 3352
4818 3334
4828 3346
4855 3334
4881 3334
4882 3334
4883 3334
4884 3334
4885 3334
4899 3393
4948 3393
4964 3393
4967 3393
5032 3334
5037 3334
5079 3346
5173 3346
5176 3393
5184 3393
5189 3334
5263 3393
5273 3334
5324 3393
5361 3393
5427 3393
5445 3381
5487 3393
5524 3346
5524 3334
5524 3310
5524 3381
5531 3393
5543 3334
5605 3334
5620 3346
5633 3393
5655 3334
5697 3334
5714 3334
5773 3334
5796 3334
5800 3381
5800 3310
5802 3310
5802 3334
5802 3381
5811 3334
5816 3334
5820 3381
5871 3334
5908 3334
5915 3381
5915 3310
5998 3381
5999 3334
6043 3310
6123 3334
6218 3334
6299 3334
6305 3310
6323 3334
6360 3346
6443 3334
6443 3310
6460 3334
6494 3381
6510 3346
6552 3334
6555 3381
6596 3334
6596 3310
6596 3381
6615 3381
6615 3310
6619 3334
6620 3346
6624 3381
6624 3310
6702 3334
6714 3346
6714 3334
6900 3334
6902 3334
6906 3346
6907 3381
6907 3310
6907 3346
6934 3334
6975 3334
6993 3310
6993 3381
7045 3381
7046 3334
7047 3381
7049 3381
7049 3310
7055 3381
7056 3381
7080 3381
7092 3346
7092 3310
7120 3381
7225 3310
7231 3381
7231 3310
7262 3381
7280 3381
7280 3310
7294 3334
7352 3310
7378 3334
7402 3334
7409 3334
7424 3334
7425 3334
7490 3381
7490 3310
7579 3310
7614 3310
7661 3381
7695 3381
7726 3310
7744 3310
7744 3381
7766 3310
