29 5922
47 5922
53 5998
68 5925
68 5933
87 5963
109 5933
122 5947
122 5936
127 5928
136 5936
136 5950
306 5947
306 5925
306 5928
311 5922
335 5922
366 5947
457 5994
457 5933
457 5932
457 5928
457 5998
457 5902
634 5922
634 5925
722 5928
737 5902
737 5922
762 5902
766 5947
766 5933
766 5932
766 5998
766 5925
791 5902
813 5925
825 5963
854 5994
971 5936
971 5994
996 5994
1000 5936
1037 5963
1041 5928
1055 5994
1055 5902
1079 5925
1098 5998
1098 5932
1133 5925
1133 5947
1133 5928
1133 5936
1151 5947
1151 5933
1166 5932
1166 5994
1166 5998
1167 5963
1169 5973
1210 5994
1247 5928
1286 5925
1331 5902
1374 5947
1374 5922
1374 5933
1374 5902
1496 5947
1522 5925
1522 5928
1542 5928
1542 5947
1542 5925
1542 5933
1549 5947
1623 5928
1644 5902
1720 5922
1720 5925
1722 5925
1733 5936
1808 5947
1814 5902
2001 5963
2001 5994
2102 5947
2135 5963
2231 5963
2258 5963
2258 5947
2258 5925
2274 5936
2276 5973
2328 5902
2369 5902
2387 5994
2387 5925
2387 5936
2410 5994
2452 5902
2458 5902
2480 5936
2485 5925
2485 5922
2516 5947
2542 5902
2549 5928
2565 5998
2565 5933
2565 5922
2565 5932
2565 5902
2658 5933
2667 5963
2667 5936
2667 5994
2677 5998
2677 5932
2677 5922
2686 5994
2686 5980
2686 5977
2686 5925
2688 5928
2688 5994
2688 5925
2702 5936
2744 5994
2744 5936
2744 5973
2765 5973
2822 5928
2831 5928
2851 5922
2883 5947
2889 5925
2936 5902
3015 5947
3028 5928
3032 5922
3032 5932
3092 5928
3142 5925
3209 5947
3258 5902
3274 5947
3345 5925
3381 5932
3381 5998
3381 5902
3381 5922
3393 5998
3404 5947
3445 5947
3447 5932
3447 5998
3449 5936
3449 5928
3449 5947
3449 5994
3449 5973
3449 5925
3452 5994
3452 5947
3452 5963
3456 5902
3456 5947
3458 5963
3458 5947
3478 5994
3498 5902
3498 5994
3498 5991
3498 5936
3522 5902
3522 5963
3522 5994
3568 5928
3571 5925
3571 5922
3586 5902
3614 5947
3614 5922
3614 5925
3634 5928
3634 5925
3642 5928
3642 5947
3642 5994
3642 5925
3642 5902
3642 5936
3666 5994
3666 5936
3666 5947
3691 5902
3691 5963
3728 5936
3728 5994
3764 5922
3786 5973
3786 5936
3786 5963
3787 5963
3787 5902
3787 5973
3787 5936
3787 5994
3796 5963
3796 5947
3813 5963
3813 5922
3835 5922
3900 5925
3922 5947
3958 5928
3965 5932
3965 5947
3965 5902
3982 5902
3995 5947
4036 5936
4036 5928
4036 5994
4036 5925
4041 5925
4045 5932
4045 5925
4045 5998
4045 5947
4045 5928
4056 5963
4065 5998
4065 5932
4082 5963
4099 5902
4136 5947
4136 5928
4192 5998
4310 5994
4310 5932
4310 5947
4310 5928
4310 5998
4310 5902
4314 5928
4347 5933
4353 5925
4398 5925
4422 5922
4432 5925
4437 5932
4441 5947
4441 5928
4447 5925
4483 5994
4550 5963
4574 5963
4587 5947
4632 5947
4632 5936
4632 5933
4662 5925
4662 5947
4662 5963
4686 5928
4733 5947
4764 5947
4767 5963
4795 5950
4795 5933
4824 5925
4824 5947
4824 5902
4828 5922
4828 5936
4829 5933
4864 5902
4899 5963
4899 5947
4899 5925
4948 5925
4964 5969
4967 5998
4967 5932
4967 5925
4967 5936
4967 5928
4967 5994
4967 5922
4967 5947
4981 5947
4988 5994
5002 5925
5008 5928
5020 5963
5022 5977
5022 5963
5022 5947
5022 5973
5022 5936
5022 5950
5038 5928
5053 5933
5059 5932
5079 5947
5079 5950
5079 5902
5093 5963
5096 5973
5102 5936
5102 5922
5103 5922
5106 5922
5106 5925
5110 5928
5110 5947
5110 5963
5110 5925
5121 5902
5125 5936
5139 5963
5140 5963
5153 5963
5173 5902
5173 5998
5173 5969
5173 5922
5176 5994
5176 5928
5176 5925
5176 5947
5177 5994
5177 5947
5179 5998
5179 5902
5180 5994
5180 5963
5180 5925
5180 5947
5180 5928
5184 5947
5184 5925
5185 5947
5185 5925
5187 5925
5187 5928
5188 5925
5188 5998
5188 5932
5188 5922
5189 5947
5189 5994
5189 5928
5189 5936
5189 5973
5189 5925
5190 5963
5196 5963
5207 5925
5207 5947
5226 5947
5262 5947
5262 5936
5263 5973
5263 5963
5263 5994
5324 5947
5324 5973
5361 5963
5381 5963
5391 5922
5396 5947
5427 5928
5427 5947
5437 5925
5437 5947
5437 5928
5439 5998
5445 5947
5487 5994
5524 5947
5524 5932
5524 5998
5524 5922
5524 5933
5524 5902
5529 5998
5531 5947
5531 5963
5531 5994
5543 5947
5543 5925
5543 5998
5550 5998
5551 5963
5553 5963
5582 5932
5582 5922
5582 5998
5624 5994
5624 5928
5644 5936
5655 5932
5658 5936
5662 5963
5684 5947
5684 5936
5692 5998
5697 5998
5697 5994
5697 5925
5697 5963
5697 5932
5697 5928
5697 5947
5702 5963
5705 5947
5707 5925
5739 5947
5741 5936
5770 5963
5773 5932
5773 5922
5775 5902
5776 5998
5783 5994
5783 5936
5783 5928
5784 5925
5787 5947
5787 5928
5787 5963
5796 5928
5796 5902
5796 5936
5800 5932
5800 5998
5800 5933
5802 5932
5802 5998
5804 5928
5807 5922
5809 5994
5809 5936
5809 5977
5809 5980
5809 5936
5811 5950
5811 5902
5814 5998
5814 5932
5814 5902
5817 5922
5817 5963
5817 5950
5817 5973
5821 5902
5822 5998
5824 5925
5824 5928
5839 5963
5862 5936
5862 5936
5868 5925
5871 5947
5877 5925
5877 5928
5885 5963
5890 5963
5909 5928
5915 5933
5915 5928
5916 5925
5916 5947
5919 5925
5920 5925
5921 5925
5922 5925
5923 5925
5924 5925
5927 5928
5928 5936
5932 5998
5934 5947
5944 5947
5945 5947
5945 5963
5946 5963
5946 5947
5952 5963
5958 5963
5959 5963
5960 5963
5961 5963
5992 5994
5993 5994
5998 5922
5998 5932
6006 5932
6022 5936
6023 5936
6024 5902
6068 5922
6097 5998
6123 5902
6218 5902
6219 5950
6243 5998
6243 5902
6270 5932
6272 5902
6272 5933
6280 5902
6305 5933
6305 5998
6305 5922
6323 5902
6327 5932
6327 5998
6360 5922
6421 5922
6443 5932
6445 5933
6460 5950
6484 5998
6486 5998
6494 5922
6518 5922
6518 5998
6523 5932
6523 5902
6538 5902
6552 5998
6560 5932
6563 5902
6596 5933
6598 5902
6605 5950
6608 5950
6615 5922
6616 5922
6618 5998
6618 5932
6619 5998
6619 5932
6620 5998
6620 5922
6620 5932
6624 5933
6649 5998
6649 5932
6714 5902
6784 5902
6875 5922
6907 5902
6913 5932
6913 5998
6914 5998
6934 5998
6934 5922
6993 5933
6993 5902
7047 5933
7052 5933
7052 5932
7052 5998
7054 5902
7055 5933
7055 5902
7057 5902
7057 5933
7080 5902
7080 5933
7086 5933
7092 5902
7092 5998
7231 5902
7281 5902
7417 5902
7484 5902
7490 5969
7505 5902
7691 5933
7744 5933
7769 5933
7770 5933
7914 5933
