36 7908
66 7961
109 7908
109 7961
109 7924
155 7927
166 7924
166 7961
319 7910
339 7961
432 7961
447 7992
457 7965
457 7961
457 7946
457 7910
457 7924
457 7979
553 7910
580 7992
580 7961
580 7946
600 7912
737 7927
737 7965
737 7961
749 7992
766 7965
766 7946
766 7908
766 7910
766 7912
766 7961
766 7979
766 7927
791 7910
896 7961
950 7979
988 7910
988 7908
993 7961
1055 7910
1063 7908
1133 7910
1151 7961
1151 7927
1151 7946
1151 7912
1151 7910
1166 7908
1374 7979
1374 7910
1374 7992
1374 7912
1374 7908
1385 7992
1539 7912
1542 7927
1542 7946
1701 7946
1734 7961
1748 7946
1799 7908
1811 7910
1966 7961
1982 7961
2010 7946
2010 7992
2093 7979
2135 7908
2145 7924
2226 7961
2226 7924
2240 7992
2258 7946
2346 7965
2369 7908
2381 7961
2384 7946
2410 7910
2440 7927
2440 7908
2456 7912
2485 7961
2485 7927
2485 7965
2504 7908
2506 7979
2560 7965
2565 7979
2565 7927
2565 7924
2565 7908
2565 7992
2565 7946
2565 7910
2565 7912
2565 7961
2565 7965
2658 7965
2658 7961
2658 7910
2658 7979
2658 7927
2658 7946
2658 7912
2689 7961
2689 7910
2765 7965
2831 7910
2831 7908
2831 7912
2851 7912
2968 7908
3057 7979
3293 7908
3297 7910
3297 7961
3393 7946
3447 7961
3453 7908
3458 7961
3460 7908
3498 7961
3571 7908
3586 7961
3586 7979
3634 7965
3728 7912
3752 7908
3770 7946
3787 7908
3916 7961
3958 7908
3965 7961
3983 7908
4162 7912
4187 7908
4222 7924
4310 7961
4310 7927
4335 7908
4347 7927
4347 7979
4347 7992
4347 7946
4347 7908
4347 7961
4353 7910
4353 7961
4409 7924
4441 7927
4441 7912
4447 7912
4476 7908
4483 7961
4488 7908
4532 7961
4632 7908
4632 7912
4632 7961
4666 7961
4666 7912
4666 7992
4666 7908
4709 7961
4709 7912
4709 7979
4717 7961
4764 7908
4788 7912
4788 7910
4792 7908
4792 7946
4795 7992
4828 7979
4829 7946
4943 7961
4948 7924
4948 7965
4948 7979
4964 7908
4967 7927
4981 7908
4981 7961
5028 7908
5037 7908
5051 7979
5053 7908
5068 7908
5079 7924
5096 7910
5102 7908
5103 7912
5103 7992
5114 7908
5166 7965
5166 7961
5166 7908
5173 7924
5173 7946
5177 7910
5178 7910
5188 7979
5188 7961
5226 7910
5341 7961
5445 7927
5446 7946
5454 7908
5454 7910
5472 7961
5524 7924
5524 7908
5524 7927
5524 7961
5524 7924
5524 7910
5524 7992
5524 7979
5529 7908
5529 7927
5543 7979
5543 7961
5550 7908
5551 7924
5553 7908
5553 7979
5553 7965
5605 7908
5612 7961
5615 7908
5697 7908
5773 7924
5775 7979
5775 7992
5775 7927
5775 7912
5796 7961
5796 7908
5800 7979
5800 7992
5802 7927
5802 7961
5802 7979
5802 7965
5802 7946
5802 7908
5814 7961
5819 7908
5820 7921
5822 7912
5857 7961
5857 7908
5872 7908
5915 7910
5915 7912
5952 7946
5982 7961
5998 7961
5998 7924
5999 7979
6006 7979
6032 7908
6043 7961
6068 7927
6072 7908
6072 7924
6072 7924
6072 7927
6072 7979
6072 7992
6072 7946
6218 7961
6218 7910
6229 7946
6241 7961
6241 7908
6272 7924
6272 7908
6274 7992
6305 7965
6320 7979
6333 7965
6347 7912
6347 7979
6359 7961
6443 7924
6445 7912
6445 7927
6460 7996
6460 7924
6460 7921
6460 7912
6460 7952
6460 7994
6460 7910
6494 7979
6502 7961
6524 7910
6524 7992
6550 7927
6563 7927
6570 7908
6596 7910
6596 7946
6596 7908
6596 7961
6596 7965
6596 7979
6596 7912
6596 7921
6618 7961
6624 7910
6624 7912
6624 7908
6624 7946
6624 7927
6657 7961
6692 7979
6692 7927
6770 7961
6784 7992
6866 7979
6875 7965
6889 7921
6900 7961
6907 7912
6907 7908
6907 7992
6907 7965
6907 7961
6907 7924
6907 7924
6914 7927
6918 7965
6918 7927
6918 7979
6924 7927
6938 7992
6946 7992
6976 7908
6993 7927
6993 7961
6993 7910
6993 7912
6993 7946
7012 7910
7012 7961
7026 7965
7047 7961
7047 7924
7047 7992
7047 7912
7047 7979
7047 7927
7047 7924
7047 7908
7047 7946
7047 7965
7052 7912
7052 7910
7052 7961
7052 7946
7052 7927
7055 7979
7055 7965
7055 7992
7055 7946
7055 7910
7056 7979
7057 7908
7057 7965
7057 7961
7057 7924
7063 7961
7080 7965
7080 7924
7080 7927
7086 7924
7086 7910
7086 7965
7086 7992
7086 7946
7086 7912
7086 7979
7086 7908
7092 7961
7113 7961
7131 7910
7132 7961
7227 7910
7233 7992
7253 7912
7279 7910
7280 7910
7280 7908
7280 7965
7280 7961
7301 7979
7301 7908
7343 7927
7378 7908
7390 7961
7391 7992
7391 7924
7391 7965
7405 7927
7421 7979
7424 7908
7449 7979
7471 7946
7471 7965
7490 7992
7544 7924
7564 7908
7578 7908
7625 7924
7649 7965
7675 7979
7677 7992
7682 7927
7682 7961
7682 7910
7685 7908
7691 7946
7691 7961
7691 7979
7697 7908
7726 7961
7727 7965
7727 7921
7727 7910
7733 7910
7743 7992
7744 7910
7744 7979
7744 7924
7744 7961
7759 7961
7768 7927
7769 7910
7769 7946
7769 7908
7769 7912
7769 7927
7774 7992
7774 7908
7774 7965
7775 7965
7792 7927
7810 7979
7818 7946
7818 7961
7818 7912
7865 7908
7865 7961
7869 7912
7873 7910
7873 7979
7873 7927
7874 7927
7877 7927
7882 7910
7900 7908
7901 7979
7901 7908
7902 7908
7903 7908
7904 7927
7904 7908
7904 7912
7905 7908
7906 7908
7907 7979
7907 7908
7910 7912
7911 7912
7919 7921
7920 7921
7922 7927
7923 7927
7924 7927
7925 7927
7945 7946
7948 7910
7949 7910
7950 7910
7959 7961
7960 7961
7964 7965
7972 7973
7978 7979
7981 7982
8046 7924
8053 7924
8069 7924
8085 7924
8107 7924
8152 7924
8190 7924
8222 7924
