29 7052
29 7040
44 7092
68 7063
103 7074
109 7052
109 7063
109 7005
109 7021
109 7047
110 7005
127 7012
136 7050
136 7054
154 7050
173 7092
319 7021
335 7074
406 7094
425 7054
457 7073
457 7092
457 7021
457 7094
580 7092
600 7050
737 7063
737 7012
766 7012
766 7063
766 7052
766 7092
766 7005
766 7021
840 7063
854 7092
896 7094
993 7063
996 7047
996 7094
1003 7073
1041 7052
1042 7073
1043 7073
1055 7047
1063 7021
1063 7052
1098 7012
1098 7052
1098 7063
1098 7094
1098 7021
1133 7040
1133 7092
1142 7073
1151 7005
1151 7063
1151 7050
1151 7092
1151 7012
1151 7021
1166 7092
1185 7040
1374 7092
1374 7052
1374 7088
1374 7094
1374 7005
1374 7054
1374 7021
1374 7059
1374 7047
1428 7005
1470 7092
1496 7005
1542 7012
1542 7052
1542 7021
1612 7042
1621 7021
1621 7052
1661 7092
1674 7005
1762 7047
1796 7094
1799 7012
1811 7092
2001 7012
2186 7073
2276 7059
2299 7021
2299 7092
2369 7088
2369 7092
2452 7005
2485 7092
2549 7092
2552 7005
2560 7052
2565 7052
2565 7054
2565 7012
2565 7021
2565 7092
2565 7088
2565 7094
2565 7063
2565 7047
2565 7005
2565 7073
2576 7052
2619 7092
2619 7021
2620 7040
2655 7063
2658 7012
2658 7088
2658 7054
2658 7063
2658 7005
2658 7021
2658 7092
2660 7063
2674 7073
2677 7040
2677 7073
2765 7047
2790 7040
2793 7073
2940 7012
2941 7054
3032 7054
3057 7092
3092 7092
3274 7092
3274 7021
3297 7063
3297 7092
3297 7021
3310 7063
3348 7092
3381 7073
3381 7052
3381 7088
3381 7021
3381 7094
3404 7092
3447 7052
3447 7021
3447 7012
3447 7092
3466 7088
3498 7054
3586 7012
3586 7063
3586 7092
3586 7021
3614 7092
3641 7092
3642 7054
3642 7092
3642 7047
3642 7094
3642 7052
3691 7047
3691 7054
3752 7063
3787 7054
3787 7047
3792 7073
3877 7092
3916 7063
3956 7063
4040 7005
4045 7073
4046 7092
4046 7088
4071 7092
4076 7063
4116 7050
4192 7094
4221 7063
4310 7063
4310 7021
4310 7054
4310 7073
4310 7012
4310 7052
4335 7021
4347 7021
4347 7063
4353 7092
4398 7092
4437 7073
4441 7021
4441 7012
4441 7005
4483 7021
4483 7012
4483 7092
4488 7021
4534 7005
4632 7021
4632 7094
4632 7092
4632 7005
4632 7073
4632 7052
4662 7073
4666 7063
4666 7012
4681 7092
4712 7088
4712 7054
4712 7092
4764 7092
4781 7012
4788 7021
4792 7092
4795 7074
4795 7012
4829 7012
4943 7063
4943 7092
4948 7054
4948 7092
4948 7052
4948 7005
4966 7047
4967 7021
4981 7021
4981 7092
4981 7063
5002 7052
5002 7092
5016 7092
5024 7092
5028 7052
5028 7092
5028 7047
5053 7088
5059 7094
5059 7052
5059 7040
5079 7047
5103 7074
5103 7052
5103 7005
5103 7073
5103 7052
5166 7063
5166 7092
5166 7021
5173 7052
5173 7040
5173 7073
5173 7092
5173 7054
5173 7060
5173 7074
5173 7052
5179 7047
5179 7054
5179 7092
5179 7088
5188 7092
5188 7063
5188 7073
5189 7021
5189 7052
5189 7092
5189 7094
5199 7012
5200 7021
5201 7021
5233 7092
5273 7021
5289 7092
5306 7092
5316 7021
5342 7012
5342 7021
5342 7063
5445 7088
5445 7021
5445 7047
5446 7088
5446 7047
5452 7073
5472 7073
5489 7092
5524 7040
5524 7063
5524 7094
5524 7012
5524 7092
5524 7074
5524 7054
5524 7073
5524 7052
5524 7059
5524 7088
5524 7047
5524 7021
5524 7005
5529 7092
5531 7054
5531 7073
5531 7094
5531 7052
5531 7088
5543 7092
5543 7040
5543 7063
5582 7073
5620 7092
5655 7063
5697 7052
5697 7094
5738 7040
5773 7021
5773 7040
5773 7094
5773 7047
5773 7059
5773 7092
5796 7021
5796 7063
5796 7005
5796 7092
5800 7040
5800 7073
5800 7052
5800 7052
5800 7063
5800 7050
5802 7092
5802 7012
5802 7052
5802 7063
5802 7005
5802 7021
5804 7021
5806 7092
5807 7094
5810 7054
5814 7092
5814 7012
5814 7021
5814 7063
5822 7063
5839 7092
5857 7063
5915 7005
5915 7052
5915 7092
5915 7012
5966 7052
5969 7092
5998 7092
5998 7052
5999 7054
6006 7052
6006 7092
6016 7092
6020 7092
6020 7052
6032 7063
6032 7092
6032 7050
6043 7092
6068 7092
6072 7092
6097 7063
6218 7063
6218 7092
6221 7050
6221 7092
6229 7092
6241 7052
6241 7021
6241 7092
6243 7092
6272 7052
6272 7092
6272 7052
6280 7088
6280 7054
6305 7073
6311 7047
6316 7092
6316 7052
6316 7054
6327 7094
6346 7052
6359 7073
6360 7073
6360 7054
6360 7074
6398 7040
6414 7021
6422 7063
6443 7054
6458 7073
6460 7021
6460 7092
6484 7021
6484 7092
6494 7092
6494 7052
6494 7047
6494 7054
6510 7052
6518 7092
6518 7052
6518 7021
6524 7063
6548 7092
6552 7050
6555 7092
6560 7092
6563 7052
6563 7054
6596 7094
6596 7092
6596 7047
6596 7005
6596 7021
6596 7012
6596 7063
6615 7073
6618 7073
6618 7094
6619 7092
6620 7073
6620 7094
6620 7052
6620 7040
6624 7052
6624 7012
6624 7047
6624 7092
6624 7005
6635 7047
6676 7092
6692 7092
6692 7021
6711 7063
6713 7092
6714 7088
6714 7052
6714 7054
6736 7021
6770 7063
6772 7021
6772 7012
6774 7021
6774 7005
6784 7054
6784 7088
6784 7092
6855 7005
6855 7094
6865 7021
6900 7088
6900 7092
6902 7092
6907 7063
6907 7052
6907 7054
6907 7092
6907 7021
6907 7005
6907 7012
6913 7073
6913 7052
6914 7063
6914 7088
6914 7092
6914 7052
6914 7012
6918 7050
6918 7021
6918 7092
6918 7054
6924 7092
6934 7054
6934 7052
6941 7054
6941 7052
6945 7054
6945 7052
6945 7094
6951 7005
6951 7021
6951 7092
6976 7073
6976 7092
6991 7040
6991 7052
6993 7021
6993 7063
6993 7012
6993 7092
6993 7005
7012 7021
7014 7021
7019 7021
7023 7052
7026 7021
7031 7033
7036 7040
7041 7042
7043 7059
7044 7059
7045 7059
7045 7052
7045 7047
7045 7021
7046 7059
7046 7047
7046 7052
7047 7092
7047 7052
7047 7059
7047 7021
7047 7063
7048 7059
7049 7005
7049 7059
7052 7047
7052 7063
7052 7012
7052 7094
7052 7088
7052 7092
7052 7005
7052 7021
7053 7047
7054 7052
7055 7005
7055 7088
7055 7012
7055 7063
7055 7021
7055 7047
7055 7052
7056 7052
7057 7005
7057 7063
7057 7088
7057 7054
7057 7052
7062 7050
7070 7073
7071 7073
7071 7092
7086 7088
7086 7047
7086 7094
7086 7021
7090 7054
7092 7005
7092 7052
7110 7092
7131 7021
7131 7092
7132 7021
7132 7063
7132 7052
7150 7021
7150 7052
7150 7005
7171 7092
7205 7023
7206 7023
7231 7005
7231 7052
7231 7054
7231 7047
7236 7088
7239 7054
7262 7054
7276 7052
7276 7021
7279 7012
7279 7054
7280 7092
7280 7021
7280 7005
7280 7063
7301 7092
7301 7052
7302 7092
7352 7092
7376 7063
7378 7050
7379 7088
7386 7021
7386 7021
7390 7047
7390 7063
7391 7047
7391 7052
7391 7050
7394 7063
7405 7063
7409 7052
7443 7092
7449 7021
7511 7021
7513 7088
7531 7054
7544 7005
7544 7092
7578 7005
7578 7092
7598 7047
7614 7047
7614 7092
7618 7092
7625 7050
7634 7021
7649 7052
7665 7047
7666 7012
7675 7021
7676 7047
7677 7047
7678 7047
7679 7021
7691 7063
7691 7092
7733 7050
7733 7005
7733 7092
7733 7021
7733 7063
7743 7005
7744 7021
7744 7092
7752 7005
7753 7005
7754 7005
7756 7005
7766 7005
7768 7021
7769 7021
7769 7012
7791 7005
7792 7021
7792 7012
7812 7092
7829 7092
7830 7092
7831 7092
7832 7092
7833 7092
7834 7092
7835 7092
7865 7063
7865 7021
7875 7012
7882 7021
7910 7012
7916 7012
7919 7012
7937 7021
7938 7021
7939 7021
7940 7021
7941 7021
7942 7021
7944 7012
8085 7050
