103 7553
109 7553
136 7553
155 7587
231 7553
265 7587
335 7587
425 7587
457 7561
457 7587
457 7544
580 7587
633 7587
667 7553
737 7517
737 7553
749 7587
762 7587
766 7561
766 7510
1098 7587
1098 7553
1098 7553
1374 7544
1374 7529
1374 7587
1374 7512
1374 7510
1374 7561
1549 7510
1722 7587
1811 7587
1814 7553
1896 7553
1982 7553
1982 7553
2113 7561
2135 7587
2223 7553
2240 7517
2297 7587
2328 7553
2369 7512
2371 7561
2387 7561
2452 7587
2485 7561
2485 7510
2544 7553
2565 7510
2565 7517
2565 7512
2565 7553
2565 7544
2565 7529
2565 7561
2565 7553
2658 7510
2658 7561
2658 7587
2658 7512
2658 7529
2774 7510
2833 7561
2851 7553
2851 7553
2936 7517
3032 7587
3142 7553
3227 7587
3310 7587
3381 7529
3381 7512
3381 7510
3447 7510
3456 7553
3457 7561
3460 7510
3498 7587
3586 7587
3631 7553
3634 7561
3642 7587
3642 7510
3658 7512
3662 7512
3691 7587
3723 7587
3787 7587
3787 7529
3787 7517
3787 7544
3910 7587
3969 7553
4036 7587
4110 7553
4151 7553
4221 7510
4310 7587
4398 7561
4441 7544
4447 7561
4483 7553
4483 7553
4632 7587
4632 7510
4709 7510
4712 7587
4828 7553
4828 7587
4879 7561
4879 7553
4879 7587
4948 7561
4948 7510
4967 7561
4981 7553
4981 7587
4981 7510
5002 7553
5002 7553
5053 7587
5053 7561
5079 7553
5102 7561
5103 7544
5103 7512
5103 7553
5103 7510
5103 7529
5103 7587
5140 7587
5162 7553
5173 7553
5173 7512
5173 7529
5173 7553
5179 7587
5179 7544
5179 7517
5179 7553
5188 7553
5196 7561
5199 7587
5386 7512
5446 7512
5472 7510
5489 7553
5524 7553
5524 7588
5524 7529
5524 7512
5524 7553
5524 7510
5524 7587
5524 7557
5524 7588
5524 7544
5529 7553
5529 7510
5531 7510
5531 7512
5531 7561
5531 7587
5543 7510
5655 7510
5775 7510
5776 7553
5796 7553
5796 7561
5800 7544
5800 7529
5800 7553
5800 7561
5802 7510
5802 7561
5802 7553
5802 7553
5806 7587
5806 7529
5806 7553
5806 7510
5814 7553
5814 7587
5814 7553
5815 7510
5816 7510
5822 7510
5857 7510
5857 7561
5871 7553
5871 7587
5872 7510
5872 7561
5872 7587
5872 7553
5922 7561
5927 7544
5998 7553
5998 7553
5998 7510
6006 7510
6032 7553
6032 7553
6032 7544
6043 7544
6064 7517
6151 7587
6218 7587
6221 7517
6221 7561
6229 7544
6241 7561
6272 7553
6272 7510
6280 7512
6299 7553
6299 7587
6305 7517
6316 7553
6323 7510
6323 7553
6414 7553
6414 7587
6415 7510
6443 7517
6443 7587
6443 7510
6486 7587
6486 7553
6510 7587
6510 7544
6518 7553
6555 7553
6560 7553
6560 7553
6596 7544
6596 7587
6613 7587
6615 7544
6618 7529
6618 7553
6618 7561
6618 7553
6619 7529
6619 7553
6619 7510
6624 7510
6624 7561
6624 7587
6624 7529
6624 7512
6627 7529
6714 7520
6714 7512
6714 7561
6714 7510
6714 7553
6766 7561
6766 7512
6774 7553
6784 7512
6804 7561
6875 7553
6875 7561
6907 7510
6907 7553
6907 7553
6907 7561
6914 7553
6914 7553
6914 7510
6914 7544
6916 7587
6918 7553
6934 7529
6934 7587
6934 7512
6934 7561
6941 7587
6941 7561
6941 7557
6945 7587
6945 7529
6945 7544
6976 7510
7005 7553
7026 7587
7043 7553
7045 7544
7046 7553
7046 7561
7047 7553
7047 7544
7052 7553
7052 7561
7052 7544
7052 7510
7053 7517
7053 7553
7053 7553
7054 7510
7054 7587
7054 7561
7055 7561
7055 7512
7055 7510
7057 7587
7057 7529
7057 7510
7057 7544
7057 7512
7057 7561
7063 7553
7063 7510
7080 7529
7080 7510
7086 7561
7086 7553
7086 7512
7086 7510
7090 7529
7092 7561
7092 7587
7092 7553
7092 7510
7096 7529
7109 7510
7113 7529
7113 7587
7131 7553
7131 7587
7132 7561
7134 7587
7178 7587
7225 7510
7226 7553
7227 7587
7228 7561
7229 7553
7231 7510
7231 7587
7231 7544
7233 7529
7236 7553
7236 7529
7237 7529
7239 7553
7239 7587
7239 7561
7241 7561
7279 7587
7281 7510
7281 7529
7294 7510
7348 7561
7350 7561
7350 7553
7352 7544
7357 7553
7371 7567
7378 7587
7378 7553
7379 7529
7386 7553
7387 7553
7391 7553
7391 7553
7391 7544
7393 7553
7400 7553
7401 7510
7409 7553
7425 7553
7449 7553
7455 7510
7471 7512
7476 7512
7502 7544
7502 7553
7509 7510
7511 7512
7527 7529
7528 7529
7544 7553
7545 7553
7546 7553
7564 7587
7585 7587
7586 7587
7614 7544
7677 7517
7727 7553
7733 7553
7744 7553
7744 7544
7775 7553
7865 7517
7884 7553
7900 7574
7900 7517
7901 7553
7967 7553
7968 7553
8036 7553
8051 7553
8053 7553
8085 7553
8107 7553
8133 7517
8134 7553
8152 7553
8189 7553
8193 7553
8214 7553
8222 7553
8238 7553
