6 730
6 723
6 700
6 704
6 779
6 761
6 798
6 739
6 789
6 733
8 719
8 706
8 725
8 715
8 739
8 756
8 749
8 723
8 779
8 798
8 760
9 715
9 733
10 700
10 739
10 756
10 748
10 719
10 725
10 746
10 743
10 750
10 706
10 779
10 715
10 760
11 717
11 700
11 741
11 733
11 760
11 741
11 706
11 730
11 725
11 743
11 710
11 791
11 756
11 705
11 722
11 762
11 705
11 719
11 793
11 749
11 762
11 798
11 763
11 771
11 746
11 761
11 779
11 764
11 739
11 748
11 715
11 750
11 707
11 744
11 723
12 765
12 725
12 706
12 748
14 797
15 737
15 756
15 762
16 789
16 749
17 750
17 739
20 706
20 704
20 749
20 700
20 723
20 722
20 765
20 756
20 746
20 707
21 765
21 760
21 794
21 723
21 725
23 760
23 700
23 706
23 725
23 794
24 722
24 706
24 763
24 750
24 762
24 756
24 760
24 719
24 769
24 739
24 707
24 710
24 742
25 739
25 723
25 706
26 756
27 719
27 743
27 746
27 700
27 737
27 748
28 715
28 756
28 730
28 798
28 723
28 750
28 743
28 746
28 739
28 725
28 789
28 748
29 733
29 700
29 761
29 704
29 719
29 722
29 756
29 739
29 715
29 789
36 733
36 762
36 704
36 707
36 719
36 730
36 737
36 722
36 710
37 762
39 793
39 779
39 706
39 756
41 756
42 743
42 756
42 710
42 748
46 749
46 715
46 704
47 761
47 789
47 704
49 749
49 762
51 750
51 739
55 730
55 733
55 793
55 795
55 784
55 739
56 750
56 762
57 756
57 789
59 763
59 733
59 723
66 784
66 756
67 756
68 762
68 700
71 706
71 789
72 794
72 756
72 733
72 719
74 784
74 710
74 749
74 789
74 794
74 769
75 756
75 739
77 700
78 793
79 733
79 704
79 789
80 779
80 789
80 723
80 798
80 725
80 730
80 739
80 719
80 746
80 733
86 719
86 733
86 794
86 795
86 761
86 750
87 762
87 762
87 704
87 765
87 737
87 756
87 761
87 761
87 789
89 756
90 761
90 737
90 756
90 750
90 749
90 733
94 756
101 756
101 761
101 761
103 700
103 719
103 739
103 746
110 794
110 733
110 722
110 789
110 730
111 730
113 762
113 722
122 765
122 737
125 710
125 730
125 704
125 784
126 733
126 756
126 789
126 742
127 762
127 700
127 737
128 761
128 730
130 733
132 756
132 730
136 761
138 723
138 719
138 798
138 730
138 749
138 746
139 748
139 756
139 760
139 741
139 743
139 793
142 700
143 704
143 710
143 762
145 769
147 704
147 794
147 798
147 737
151 707
151 733
151 719
151 749
151 723
154 733
154 795
154 750
157 762
157 707
157 743
157 704
157 756
157 762
166 733
166 789
168 742
168 789
171 762
172 761
172 762
172 743
172 744
173 794
173 771
173 769
173 704
173 789
173 764
173 733
173 742
173 763
176 710
177 739
178 798
178 730
178 704
178 719
178 723
179 756
179 739
182 723
182 750
187 779
187 761
187 706
187 760
187 733
192 756
193 733
201 706
201 760
201 705
204 756
215 784
226 789
231 756
231 739
232 737
232 742
232 739
236 746
236 749
236 725
237 746
237 765
249 700
249 784
251 719
254 756
254 739
254 706
255 749
255 746
255 719
255 763
255 779
255 789
255 765
255 730
255 798
255 725
255 760
255 748
255 743
255 723
255 706
255 765
255 739
259 769
263 733
263 762
263 746
265 700
265 748
265 737
266 715
269 730
269 704
269 789
280 795
280 719
280 794
280 789
280 739
282 762
283 771
285 763
290 765
304 763
304 789
304 761
304 761
304 704
304 742
304 795
305 715
306 704
306 794
306 739
306 748
306 723
306 798
306 765
306 749
306 707
306 730
306 700
306 746
306 750
306 733
306 795
306 742
306 706
306 743
306 719
306 722
306 760
306 715
306 756
306 762
308 730
308 750
308 710
308 739
308 762
308 746
308 704
308 733
308 707
308 789
310 763
310 756
310 730
310 779
310 760
310 704
310 719
310 733
310 749
310 707
310 710
310 794
310 769
310 748
310 739
310 765
310 789
310 725
310 798
310 784
310 742
310 723
311 730
311 710
311 722
311 704
311 762
311 795
311 769
311 707
311 742
311 784
311 765
311 789
311 705
311 762
312 704
312 749
312 715
312 706
312 719
312 769
312 725
312 794
312 722
312 743
312 750
312 795
312 789
312 798
312 730
312 700
312 733
312 707
312 710
312 705
312 739
312 742
312 784
312 723
312 746
313 704
313 795
313 761
313 762
315 779
315 765
315 798
315 742
315 730
315 749
317 789
317 795
317 762
317 704
317 707
317 769
317 794
317 730
317 742
319 765
319 746
319 706
319 704
319 725
319 789
319 730
319 739
319 733
319 798
319 749
319 765
321 769
321 704
321 750
324 746
324 739
324 742
324 789
324 704
325 739
328 789
329 733
334 704
334 789
335 737
339 733
339 762
339 746
339 725
339 719
339 706
339 730
339 750
346 765
348 704
348 769
351 733
352 756
356 769
371 704
371 756
371 717
371 789
371 733
371 739
371 762
371 762
371 730
371 737
371 746
376 789
376 706
383 746
399 715
400 769
403 739
406 756
407 722
407 762
407 763
412 715
432 722
432 719
432 798
432 715
432 700
432 743
432 769
432 765
432 723
432 749
439 733
457 763
457 764
457 722
457 707
457 789
457 737
457 762
457 762
457 741
493 739
499 789
501 704
501 749
513 739
530 733
545 710
546 764
546 762
546 761
546 763
546 762
553 769
556 730
556 733
556 710
556 722
556 769
560 748
560 760
560 750
564 730
564 756
564 739
575 765
583 737
583 789
586 733
587 704
587 794
600 762
600 763
600 750
600 769
600 742
600 746
600 760
600 733
600 739
600 730
600 723
600 749
600 722
600 704
600 706
600 794
600 798
604 725
604 746
614 715
614 798
615 719
615 739
615 750
615 760
615 700
620 778
626 733
626 707
633 704
633 749
633 706
633 746
633 760
633 789
633 798
633 769
634 737
635 779
635 722
635 710
635 730
635 704
636 739
636 715
636 750
637 789
637 762
637 742
639 719
639 749
639 760
639 761
639 794
643 756
643 719
643 715
643 749
643 746
643 733
643 725
643 750
643 798
644 762
645 706
646 762
647 739
649 798
649 794
649 719
649 715
649 723
650 794
650 779
650 748
650 700
650 798
650 733
650 762
650 765
659 761
663 704
663 739
663 707
663 789
663 798
663 737
663 750
663 730
663 710
663 794
663 762
663 715
663 719
663 769
663 725
663 761
663 700
663 760
663 743
663 746
664 749
674 749
674 733
677 760
684 756
686 710
686 769
688 743
689 798
689 749
695 761
695 762
695 733
695 769
695 789
695 756
695 762
695 730
695 737
697 730
697 789
697 704
697 742
697 748
697 794
703 714
704 765
704 723
704 789
704 762
705 710
705 795
706 765
706 748
706 789
706 710
707 795
707 762
707 784
707 710
707 794
707 742
707 769
708 764
708 789
708 707
708 784
710 784
710 707
710 795
710 769
710 789
710 704
712 795
715 719
716 715
717 715
718 715
719 715
719 723
720 715
722 789
722 760
722 769
722 762
722 733
722 737
722 763
722 719
722 765
722 723
722 746
722 748
723 719
724 725
725 749
725 789
726 756
726 739
727 737
727 739
728 739
728 706
729 739
730 743
730 704
730 739
730 733
730 750
730 749
731 739
732 739
733 739
734 739
735 739
738 748
742 707
742 762
742 722
742 762
742 704
742 789
742 769
744 746
745 746
745 750
749 789
749 730
749 750
749 798
751 756
752 756
753 756
758 760
759 760
759 704
759 789
759 762
759 763
759 730
759 769
762 704
762 789
763 765
763 733
766 706
766 722
766 749
766 789
766 765
766 737
769 707
769 742
769 749
769 722
769 710
772 798
782 749
782 798
784 710
784 765
784 705
784 789
784 705
784 704
784 707
788 761
788 742
788 707
788 769
788 762
788 733
788 762
789 730
789 769
789 762
789 795
789 794
789 798
789 722
789 749
789 710
789 704
789 705
791 794
791 769
791 793
792 733
794 795
794 789
794 723
795 723
795 704
795 789
795 794
796 798
796 742
797 798
801 749
802 769
804 749
805 789
805 749
805 704
805 710
810 704
813 733
813 704
813 722
813 763
816 784
816 763
816 742
823 789
825 737
826 761
826 765
836 765
836 763
838 730
841 765
844 730
844 795
844 794
852 762
852 762
853 789
860 730
861 707
861 762
865 730
870 730
870 761
870 733
871 710
871 717
871 784
873 730
879 737
883 730
885 794
895 794
904 763
907 704
907 733
911 704
911 795
911 769
911 789
911 794
918 763
921 761
922 761
922 710
922 762
922 763
926 769
928 762
933 704
933 795
937 795
946 765
946 762
946 762
946 722
946 704
946 707
947 764
947 737
956 784
956 764
956 722
956 742
956 765
967 742
970 784
971 710
971 794
971 789
971 762
974 762
978 761
981 704
981 789
982 794
982 705
984 704
984 789
985 789
985 704
986 791
986 789
986 704
986 722
988 737
988 722
988 762
992 794
993 762
993 789
993 722
993 765
993 761
994 707
994 762
994 742
994 710
994 789
996 762
996 722
996 765
996 764
998 789
999 789
1000 765
1000 789
1001 789
1002 789
1003 789
1004 789
1006 762
1006 762
1009 707
1013 769
1023 742
1023 722
1035 742
1037 722
1038 710
1038 707
1042 769
1043 769
1043 763
1043 762
1044 769
1045 769
1046 769
1047 769
1048 769
1049 769
1051 762
1055 761
1055 762
1055 737
1055 762
1058 784
1059 784
1060 784
1062 722
1062 707
1062 764
1062 705
1062 763
1062 765
1062 705
1062 710
1075 763
1097 762
1097 737
1097 762
1098 722
1098 764
1111 722
1114 710
1114 705
1114 705
1125 737
1129 761
1129 761
1133 761
1133 761
1133 762
1133 737
1135 710
1135 722
1135 765
1137 763
1142 762
1151 765
1151 764
1151 761
1151 737
1151 763
1151 722
1156 762
1166 762
1166 764
1166 761
1166 762
1166 765
1166 737
1166 763
1167 762
1167 710
1184 765
1185 762
1193 762
1200 765
1202 722
1204 710
1210 722
1210 762
1210 764
1210 763
1210 765
1210 737
1210 762
1211 762
1211 761
1211 710
1215 762
1221 765
1221 791
1230 710
1230 763
1235 762
1235 717
1236 763
1247 765
1247 762
1259 791
1261 763
1267 722
1267 763
1278 717
1278 710
1279 762
1279 771
1279 762
1279 717
1279 710
1279 762
1286 765
1286 737
1290 762
1297 710
1297 762
1305 765
1319 717
1319 764
1319 762
1322 710
1350 763
1352 761
1352 717
1352 763
1360 762
1360 763
1362 771
1373 762
1374 762
1374 765
1374 762
1374 737
1380 717
1380 762
1384 762
1386 763
1386 771
1390 762
1395 763
1395 722
1420 761
1420 761
1428 765
1441 761
1463 765
1463 762
1468 762
1470 737
1470 762
1473 763
1480 763
1483 771
1487 763
1492 764
1492 763
1496 764
1496 763
1496 722
1496 765
1497 771
1500 737
1506 771
1510 771
1522 763
1522 762
1525 763
1537 762
1537 737
1537 762
1540 771
1541 771
1542 771
1542 762
1542 722
1542 737
1547 722
1549 762
1549 763
1549 762
1549 722
1549 761
1549 764
1549 737
1549 765
1564 764
1583 762
1583 764
1594 762
1594 763
1608 762
1608 761
1608 765
1608 737
1608 763
1613 763
1614 763
1615 763
1615 761
1623 737
1634 797
1635 797
1644 762
1644 737
1644 762
1667 737
1697 762
1700 762
1700 762
1701 737
1705 765
1717 722
1717 762
1717 762
1722 737
1730 762
1734 764
1754 762
1754 762
1756 763
1756 744
1756 722
1766 722
1767 762
1769 765
1772 763
1772 764
1783 761
1783 764
1803 762
1808 762
1808 722
1808 765
1811 722
1814 762
1814 737
1820 762
1820 762
1823 763
1823 737
1823 765
1836 722
1838 761
1838 764
1847 761
1868 764
1885 765
1887 763
1888 764
1891 762
1897 763
1918 764
1919 765
1919 764
1964 765
1979 762
1985 762
1985 762
1986 761
1991 765
1992 764
1997 761
1997 764
2001 764
2003 762
2061 765
2062 764
2062 761
2062 722
2072 722
2110 762
2118 737
2118 765
2118 764
2119 765
2120 764
2120 765
2120 737
2128 764
2133 722
2133 765
2135 762
2135 737
2135 762
2144 737
2161 761
2163 761
2225 764
2236 762
2236 764
2237 762
2237 737
2237 762
2240 737
2255 722
2256 765
2257 765
2257 737
2258 762
2274 722
2297 737
2323 737
2326 762
2328 722
2328 744
2328 765
2364 762
2369 737
2371 722
2375 765
2375 762
2379 762
2387 737
2407 722
2410 737
2416 762
2440 737
2472 765
2473 765
2474 765
2474 762
2485 737
2485 765
2485 762
2504 737
2504 762
2507 765
2510 765
2541 762
2542 765
2547 762
2549 762
2550 765
2555 765
2557 765
2559 765
2564 737
2565 762
2565 737
2565 765
2565 762
2576 765
2578 765
2593 765
2594 737
2596 765
2599 762
2608 765
2612 737
2612 765
2613 737
2617 765
2623 737
2646 765
2651 762
2651 737
2653 737
2655 762
2655 762
2658 762
2660 737
2660 762
2667 737
2688 737
2689 737
2693 737
2696 762
2696 737
2719 765
2727 737
2740 765
2758 765
2765 762
2765 765
2790 762
2792 765
2802 765
2822 762
2822 765
2822 737
2826 765
2827 765
2851 737
2859 762
2871 762
2871 737
2889 737
2909 737
2948 762
2967 762
2968 762
2968 762
2972 737
2974 762
2981 737
2988 737
3006 762
3026 737
3027 737
3028 737
3028 762
3032 737
3032 762
3032 762
3088 737
3092 737
3109 737
3168 762
3168 762
3191 737
3227 737
3290 737
3325 762
3345 737
3350 737
3352 762
3375 737
3378 762
3378 737
3388 737
3394 737
3404 737
3417 762
3443 762
3447 737
3449 737
3452 737
3454 737
3456 737
3458 737
3469 737
3498 737
3519 737
3541 762
3568 737
3601 737
3607 762
3614 737
3631 737
3631 762
3634 737
3639 762
3641 737
3643 737
3645 737
3648 778
3658 737
3660 762
3666 737
3723 762
3728 737
3728 762
3743 737
3749 737
3786 737
3787 762
3787 737
3794 737
3796 737
3813 737
3830 737
3843 762
3854 737
3877 737
3902 737
3956 737
3965 737
3969 737
3976 762
3976 737
3982 737
4001 737
4040 737
4041 737
4063 737
4072 762
4076 762
4077 737
4099 737
4124 737
4127 762
4138 737
4144 762
4152 737
4189 737
4191 737
4212 737
4219 762
4222 762
4276 737
4292 737
4297 737
4298 737
4310 737
4319 737
4335 737
4343 762
4353 737
4371 762
4415 762
4433 762
4448 762
4486 762
4488 762
4488 737
4489 762
4490 762
4491 762
4534 737
4550 737
4564 737
4665 737
4712 737
4714 737
4717 737
4781 737
4792 737
4795 737
4796 737
4813 737
4818 737
4824 737
4828 737
4829 737
4846 737
4938 737
4943 737
4948 737
4964 737
4967 737
4974 737
4988 737
5002 737
5008 737
5029 737
5069 737
5079 737
5099 737
5102 737
5119 737
5171 737
5175 737
5176 737
5179 737
5184 737
5188 737
5189 737
5190 737
5203 737
5233 737
5250 737
5285 737
5312 737
5352 737
5382 737
5462 737
5478 737
5482 737
5484 737
5515 737
5521 737
5526 737
5531 737
5532 737
5534 737
5543 737
5584 737
5606 737
5612 737
5620 737
6710 737
7522 737
7523 737
7524 737
7525 737
