6 1253
6 1241
6 1248
6 1221
6 1297
6 1220
6 1234
6 1297
6 1222
6 1297
6 1218
11 1211
11 1203
11 1297
11 1285
11 1201
11 1261
11 1282
11 1253
11 1220
11 1239
11 1222
11 1259
11 1248
11 1230
11 1296
11 1218
11 1297
11 1243
11 1297
11 1200
11 1250
11 1297
11 1241
11 1286
11 1284
11 1221
11 1279
12 1241
14 1259
15 1297
17 1218
20 1218
21 1297
24 1284
24 1285
24 1200
24 1297
24 1267
24 1234
24 1250
28 1286
28 1201
33 1241
35 1203
35 1297
36 1297
36 1222
36 1234
36 1297
36 1296
36 1297
41 1282
41 1259
42 1234
42 1200
46 1279
47 1236
47 1286
47 1285
47 1284
47 1248
47 1297
48 1211
56 1211
59 1230
59 1201
66 1267
68 1239
71 1297
71 1248
71 1297
72 1211
72 1279
74 1284
75 1248
81 1218
86 1297
86 1297
86 1248
86 1234
87 1279
87 1248
87 1297
90 1234
109 1234
109 1297
113 1297
113 1248
122 1247
122 1239
122 1291
122 1297
125 1286
125 1218
126 1297
127 1297
127 1267
128 1234
136 1211
136 1234
143 1211
143 1297
143 1297
143 1279
145 1297
145 1248
154 1279
161 1201
163 1284
163 1285
163 1286
164 1234
166 1297
166 1297
166 1248
166 1279
166 1297
171 1218
171 1241
171 1297
171 1211
171 1286
171 1220
171 1259
172 1243
172 1211
172 1297
172 1267
173 1267
173 1230
173 1236
173 1253
173 1296
173 1285
173 1211
173 1248
173 1201
173 1279
173 1218
173 1234
173 1297
173 1200
173 1222
173 1286
173 1243
176 1201
176 1222
176 1218
176 1234
180 1203
180 1218
180 1222
180 1284
182 1297
193 1297
205 1285
215 1297
232 1297
249 1248
254 1200
255 1286
259 1203
266 1285
270 1285
270 1284
276 1250
276 1218
280 1297
280 1200
280 1250
282 1201
290 1284
290 1201
290 1297
290 1230
290 1297
290 1248
290 1297
291 1297
292 1201
304 1248
304 1284
304 1297
304 1297
305 1282
306 1253
306 1297
306 1297
306 1286
306 1234
306 1297
306 1236
306 1297
306 1200
308 1218
308 1297
308 1297
308 1279
308 1297
308 1297
308 1248
308 1253
310 1200
310 1285
310 1201
310 1250
310 1297
310 1267
310 1222
310 1297
310 1261
310 1211
310 1236
310 1218
311 1284
311 1234
311 1200
311 1230
311 1241
311 1279
311 1286
311 1236
311 1243
311 1285
311 1222
311 1201
311 1297
311 1211
311 1261
312 1279
312 1297
312 1259
312 1296
312 1221
312 1222
312 1218
312 1220
312 1211
312 1241
312 1234
312 1248
312 1286
312 1203
313 1297
313 1297
313 1297
313 1297
315 1201
315 1259
315 1296
317 1296
317 1234
317 1201
317 1286
317 1297
317 1279
319 1200
319 1267
319 1296
319 1211
334 1286
334 1203
334 1218
334 1201
335 1282
335 1259
339 1296
343 1261
364 1267
371 1261
371 1222
371 1201
371 1297
371 1297
376 1234
405 1277
407 1236
407 1284
407 1201
407 1230
407 1297
407 1297
407 1285
417 1297
432 1201
432 1285
432 1296
432 1250
457 1297
457 1297
457 1241
457 1285
457 1234
457 1282
457 1247
457 1200
457 1286
457 1222
457 1297
457 1201
457 1230
457 1211
457 1284
499 1218
545 1297
545 1296
546 1297
546 1230
546 1261
546 1284
553 1239
587 1286
600 1297
634 1253
634 1297
634 1286
634 1201
634 1285
634 1296
634 1218
634 1284
634 1200
635 1296
635 1200
636 1201
639 1201
639 1222
639 1286
643 1279
643 1259
647 1218
647 1297
650 1296
650 1286
650 1267
650 1297
659 1297
663 1241
663 1234
663 1222
674 1222
686 1282
686 1221
686 1203
691 1236
691 1243
691 1203
691 1201
697 1253
697 1259
697 1236
704 1297
704 1222
704 1201
704 1241
705 1201
705 1222
705 1282
706 1279
706 1248
706 1296
706 1297
706 1211
707 1253
707 1201
707 1248
707 1203
707 1297
707 1297
707 1261
707 1234
707 1211
707 1297
710 1297
710 1297
710 1279
710 1201
710 1286
710 1234
710 1230
710 1267
710 1297
710 1211
710 1297
712 1253
715 1221
715 1296
715 1286
715 1282
722 1218
722 1236
722 1201
722 1234
722 1291
722 1250
742 1200
742 1201
742 1241
742 1201
749 1239
759 1230
762 1211
762 1222
763 1267
766 1250
766 1291
766 1201
766 1247
766 1267
766 1239
766 1286
766 1211
766 1243
769 1211
769 1248
769 1201
769 1218
769 1253
769 1222
784 1241
784 1259
784 1222
784 1200
784 1211
787 1211
789 1218
789 1222
789 1201
789 1241
789 1220
789 1247
789 1248
789 1200
789 1201
789 1243
791 1279
791 1201
805 1222
805 1201
805 1203
805 1230
810 1297
810 1218
813 1211
813 1296
813 1253
813 1291
813 1285
813 1267
813 1279
813 1248
813 1284
813 1239
813 1230
813 1297
813 1297
813 1250
816 1218
826 1211
826 1279
826 1267
826 1297
826 1253
826 1230
826 1297
841 1291
842 1286
842 1284
844 1286
844 1218
852 1297
852 1248
861 1253
865 1211
870 1279
870 1234
870 1248
871 1222
871 1241
871 1286
872 1279
879 1297
904 1243
904 1211
904 1296
908 1297
918 1261
920 1297
922 1284
922 1286
922 1200
922 1236
922 1201
922 1248
922 1201
922 1261
922 1243
922 1297
922 1230
922 1220
922 1253
922 1222
922 1203
922 1211
922 1296
922 1279
922 1241
922 1234
928 1297
928 1267
928 1236
935 1285
935 1286
935 1284
937 1284
937 1222
941 1297
941 1201
941 1286
941 1253
941 1201
941 1279
941 1234
941 1230
941 1222
943 1234
946 1253
946 1250
946 1218
946 1297
946 1259
954 1218
959 1297
971 1261
971 1284
971 1241
971 1211
974 1297
978 1297
978 1297
978 1296
978 1297
978 1279
978 1222
978 1234
982 1220
982 1241
982 1222
986 1241
986 1286
986 1203
988 1267
988 1291
988 1297
988 1250
993 1243
993 1297
993 1203
993 1297
993 1200
993 1236
993 1234
993 1239
993 1201
993 1230
993 1286
993 1211
993 1222
993 1261
993 1211
993 1279
993 1285
993 1284
994 1259
996 1297
996 1267
996 1250
996 1297
996 1291
996 1203
996 1247
996 1234
996 1243
996 1296
998 1248
1000 1253
1003 1230
1005 1234
1006 1221
1006 1286
1006 1203
1006 1200
1006 1248
1006 1297
1006 1220
1006 1234
1006 1222
1009 1203
1023 1201
1024 1291
1024 1279
1031 1297
1032 1267
1032 1243
1034 1297
1034 1218
1034 1253
1034 1201
1037 1297
1042 1267
1042 1297
1044 1218
1050 1284
1050 1203
1055 1261
1055 1297
1055 1248
1055 1247
1055 1297
1055 1297
1055 1236
1055 1211
1055 1297
1055 1279
1055 1201
1062 1282
1062 1203
1062 1286
1062 1250
1062 1230
1062 1259
1062 1221
1062 1291
1062 1296
1062 1267
1062 1201
1062 1243
1064 1200
1064 1201
1065 1218
1074 1222
1075 1203
1097 1201
1097 1297
1097 1247
1097 1211
1097 1239
1098 1291
1111 1243
1111 1241
1114 1222
1114 1201
1114 1220
1114 1261
1114 1211
1114 1211
1114 1221
1114 1286
1128 1279
1129 1241
1129 1297
1129 1261
1129 1248
1129 1297
1129 1297
1129 1286
1129 1234
1133 1296
1133 1222
1133 1297
1133 1248
1133 1239
1133 1282
1134 1297
1135 1211
1135 1253
1135 1203
1135 1286
1135 1279
1135 1267
1135 1201
1135 1201
1135 1284
1135 1234
1137 1286
1137 1221
1137 1284
1137 1200
1137 1230
1137 1297
1137 1203
1142 1201
1144 1218
1151 1201
1151 1243
1151 1239
1151 1234
1151 1236
1151 1200
1151 1211
1151 1248
1151 1211
1151 1285
1151 1230
1151 1250
1151 1279
1151 1297
1151 1297
1151 1284
1160 1201
1165 1261
1166 1211
1166 1284
1166 1230
1166 1243
1166 1200
1166 1250
1166 1285
1166 1291
1166 1211
1167 1234
1167 1253
1167 1286
1167 1200
1167 1201
1167 1201
1167 1241
1167 1230
1182 1222
1184 1211
1184 1284
1193 1297
1193 1259
1195 1218
1197 1201
1197 1222
1200 1267
1201 1222
1201 1261
1201 1200
1201 1259
1201 1253
1202 1291
1202 1253
1202 1200
1202 1297
1202 1284
1202 1250
1202 1201
1203 1291
1204 1259
1204 1286
1204 1201
1204 1234
1204 1222
1204 1267
1204 1220
1207 1211
1207 1277
1210 1297
1210 1222
1210 1243
1210 1286
1210 1230
1210 1203
1210 1284
1211 1279
1211 1267
1211 1253
1211 1261
1211 1286
1212 1211
1215 1211
1219 1220
1221 1253
1221 1282
1221 1236
1221 1284
1221 1203
1221 1259
1221 1296
1221 1222
1230 1243
1230 1297
1230 1234
1230 1286
1234 1297
1235 1203
1236 1221
1236 1201
1236 1253
1236 1297
1236 1291
1236 1297
1236 1230
1236 1203
1236 1211
1236 1279
1236 1261
1236 1234
1241 1286
1241 1297
1241 1234
1241 1201
1241 1201
1242 1261
1242 1286
1242 1241
1242 1201
1242 1201
1245 1241
1245 1221
1245 1286
1245 1259
1246 1286
1247 1297
1247 1253
1247 1297
1247 1201
1247 1297
1248 1297
1248 1297
1248 1241
1248 1297
1248 1221
1248 1236
1252 1241
1259 1297
1259 1296
1259 1221
1260 1261
1264 1241
1267 1285
1267 1259
1267 1250
1267 1211
1271 1282
1272 1277
1273 1277
1274 1277
1275 1277
1276 1277
1278 1203
1278 1279
1278 1253
1278 1286
1278 1211
1278 1230
1278 1201
1278 1297
1278 1234
1278 1297
1278 1211
1279 1234
1279 1211
1279 1286
1279 1236
1279 1297
1279 1267
1279 1201
1279 1297
1279 1248
1279 1253
1281 1282
1284 1285
1284 1286
1285 1286
1286 1230
1286 1284
1286 1285
1290 1297
1290 1234
1291 1203
1291 1261
1293 1297
1297 1211
1297 1248
1297 1234
1301 1203
1305 1239
1305 1201
1305 1296
1305 1297
1305 1234
1305 1291
1306 1253
1306 1234
1306 1203
1314 1296
1315 1296
1316 1296
1317 1296
1318 1296
1319 1211
1319 1201
1319 1279
1319 1261
1319 1253
1319 1236
1319 1267
1319 1296
1319 1200
1319 1203
1322 1267
1335 1297
1335 1285
1335 1253
1335 1250
1350 1253
1350 1279
1350 1211
1350 1285
1350 1248
1350 1230
1350 1261
1350 1201
1350 1297
1352 1285
1352 1230
1352 1248
1352 1236
1352 1253
1352 1297
1352 1234
1352 1284
1352 1261
1352 1201
1352 1211
1352 1297
1352 1200
1357 1234
1357 1203
1357 1230
1357 1253
1357 1279
1357 1201
1357 1291
1357 1236
1373 1248
1374 1297
1374 1247
1374 1253
1374 1297
1374 1285
1374 1267
1377 1279
1377 1253
1377 1297
1377 1234
1377 1297
1378 1284
1380 1253
1380 1297
1380 1203
1380 1234
1380 1297
1380 1297
1380 1201
1381 1253
1382 1297
1386 1253
1386 1211
1386 1203
1386 1236
1390 1211
1390 1297
1395 1267
1395 1253
1395 1284
1395 1250
1395 1201
1395 1291
1395 1248
1395 1236
1395 1285
1395 1200
1395 1297
1395 1243
1419 1291
1424 1297
1424 1297
1424 1234
1424 1236
1424 1291
1424 1201
1426 1203
1427 1203
1428 1248
1428 1291
1428 1297
1428 1200
1428 1297
1428 1284
1428 1279
1428 1203
1428 1211
1429 1203
1430 1203
1431 1203
1439 1236
1439 1234
1441 1253
1441 1201
1441 1297
1442 1297
1442 1234
1447 1234
1463 1279
1463 1284
1466 1211
1468 1201
1470 1243
1470 1297
1470 1297
1470 1234
1470 1247
1470 1297
1471 1211
1471 1297
1471 1248
1471 1234
1471 1253
1471 1279
1471 1297
1473 1211
1473 1279
1473 1284
1480 1230
1480 1284
1480 1253
1482 1297
1482 1200
1483 1234
1483 1261
1483 1297
1483 1211
1483 1279
1487 1297
1487 1297
1487 1248
1487 1279
1487 1253
1487 1201
1487 1211
1489 1236
1489 1201
1489 1279
1489 1234
1489 1253
1492 1279
1492 1236
1492 1297
1492 1297
1492 1211
1492 1253
1492 1201
1492 1230
1492 1284
1492 1200
1495 1201
1496 1261
1496 1267
1496 1201
1496 1279
1496 1297
1496 1200
1496 1230
1496 1297
1496 1211
1496 1253
1496 1248
1497 1234
1497 1201
1502 1234
1510 1234
1520 1253
1521 1211
1521 1267
1521 1261
1521 1211
1521 1230
1521 1201
1521 1279
1522 1261
1525 1261
1525 1253
1525 1279
1525 1248
1526 1279
1537 1291
1537 1211
1537 1234
1538 1248
1538 1236
1538 1297
1538 1201
1538 1253
1542 1234
1549 1261
1549 1230
1549 1297
1549 1211
1549 1247
1549 1285
1549 1201
1549 1267
1549 1284
1549 1279
1549 1248
1549 1291
1549 1297
1549 1297
1549 1243
1552 1291
1552 1284
1552 1239
1552 1285
1555 1230
1555 1234
1555 1236
1555 1297
1568 1277
1571 1297
1571 1279
1571 1200
1582 1211
1582 1279
1582 1253
1583 1236
1583 1211
1585 1284
1585 1243
1585 1211
1585 1297
1585 1248
1585 1279
1587 1248
1589 1201
1589 1236
1594 1253
1594 1279
1594 1236
1594 1248
1594 1230
1594 1211
1594 1297
1596 1201
1603 1243
1604 1253
1605 1253
1608 1201
1608 1291
1608 1243
1608 1279
1608 1211
1608 1248
1608 1284
1608 1297
1608 1297
1608 1211
1608 1297
1608 1267
1608 1250
1608 1253
1608 1230
1609 1201
1610 1297
1610 1253
1610 1211
1610 1236
1610 1201
1612 1211
1613 1236
1614 1267
1614 1211
1614 1279
1614 1236
1614 1211
1615 1211
1615 1297
1615 1200
1615 1285
1615 1279
1615 1253
1615 1230
1615 1248
1619 1297
1621 1211
1622 1279
1622 1297
1622 1297
1630 1279
1639 1284
1644 1297
1647 1211
1647 1279
1661 1211
1674 1279
1674 1250
1675 1279
1676 1279
1677 1279
1678 1211
1688 1285
1697 1247
1700 1297
1705 1297
1707 1267
1707 1297
1707 1285
1711 1211
1717 1211
1717 1284
1717 1297
1717 1261
1717 1297
1720 1285
1729 1200
1733 1247
1734 1211
1749 1297
1756 1250
1756 1261
1756 1200
1756 1230
1756 1297
1766 1250
1766 1297
1767 1200
1769 1261
1769 1284
1769 1211
1772 1243
1792 1284
1808 1230
1808 1284
1808 1285
1811 1297
1811 1267
1814 1291
1820 1267
1820 1211
1820 1291
1820 1297
1822 1230
1835 1211
1835 1200
1836 1297
1836 1211
1838 1239
1838 1285
1848 1211
1849 1211
1857 1230
1886 1211
1888 1243
1891 1230
1891 1211
1896 1211
1899 1284
1899 1230
1918 1211
1919 1284
1919 1211
1919 1243
1919 1200
1921 1230
1922 1230
1922 1291
1922 1267
1962 1200
1962 1284
1965 1285
1965 1284
1966 1285
1967 1267
1967 1285
1972 1291
1972 1247
1972 1239
1972 1267
1972 1211
1972 1297
1975 1284
1976 1285
1976 1284
1977 1243
1977 1284
1978 1284
1982 1267
1982 1250
1990 1239
1991 1291
1991 1267
1997 1285
1997 1297
2003 1297
2003 1267
2009 1211
2009 1267
2014 1267
2053 1200
2062 1297
2062 1243
2062 1285
2062 1267
2063 1285
2065 1297
2069 1250
2072 1285
2072 1291
2072 1250
2085 1250
2093 1250
2099 1297
2102 1243
2102 1291
2102 1211
2114 1291
2115 1285
2118 1239
2118 1285
2133 1243
2133 1250
2133 1211
2133 1291
2133 1297
2135 1267
2135 1297
2135 1247
2138 1285
2160 1297
2169 1211
2171 1297
2172 1250
2186 1291
2193 1297
2193 1211
2230 1297
2231 1250
2233 1250
2234 1267
2236 1267
2236 1291
2237 1291
2237 1297
2240 1297
2240 1243
2255 1291
2255 1243
2256 1291
2256 1297
2258 1297
2272 1211
2274 1267
2274 1250
2286 1297
2290 1297
2297 1297
2297 1267
2298 1211
2314 1297
2323 1243
2323 1297
2326 1239
2326 1297
2328 1239
2328 1211
2328 1297
2332 1250
2342 1211
2343 1250
2357 1267
2371 1250
2371 1291
2371 1267
2375 1250
2382 1297
2382 1297
2398 1250
2411 1297
2416 1291
2416 1211
2435 1297
2435 1211
2462 1250
2472 1267
2473 1267
2473 1291
2474 1267
2474 1291
2476 1291
2482 1250
2485 1267
2485 1291
2485 1239
2497 1211
2507 1297
2510 1297
2510 1250
2510 1267
2541 1211
2541 1297
2542 1267
2549 1211
2551 1211
2559 1291
2560 1291
2560 1239
2565 1267
2565 1247
2565 1211
2565 1291
2565 1239
2565 1297
2576 1297
2594 1297
2595 1297
2612 1291
2618 1267
2646 1291
2647 1291
2651 1297
2653 1267
2653 1297
2654 1291
2654 1267
2657 1297
2660 1267
2674 1291
2674 1297
2674 1267
2686 1297
2686 1267
2688 1267
2688 1297
2688 1247
2688 1239
2690 1267
2693 1239
2696 1267
2697 1297
2700 1239
2704 1267
2707 1239
2713 1239
2713 1297
2727 1211
2747 1297
2768 1291
2774 1297
2778 1211
2789 1211
2790 1297
2791 1297
2815 1291
2822 1291
2822 1211
2838 1211
2838 1297
2859 1239
2866 1211
2871 1239
2900 1267
2900 1297
2904 1211
2919 1211
2938 1211
2947 1291
2958 1267
2964 1267
2964 1239
2967 1297
2967 1239
2972 1247
2972 1239
3006 1291
3006 1267
3010 1291
3010 1297
3017 1291
3020 1267
3024 1297
3024 1291
3026 1247
3026 1297
3031 1267
3031 1297
3032 1297
3032 1239
3034 1297
3039 1297
3055 1297
3062 1267
3084 1297
3088 1297
3095 1267
3108 1267
3180 1267
3189 1297
3191 1247
3197 1267
3199 1267
3209 1267
3225 1267
3226 1267
3227 1267
3228 1267
3275 1297
3301 1297
3306 1297
3309 1297
3315 1247
3343 1297
3352 1239
3352 1247
3378 1297
3392 1239
3392 1297
3439 1239
3449 1247
3453 1247
3454 1239
3478 1239
3478 1297
3481 1297
3483 1247
3508 1297
3518 1297
3525 1297
3528 1297
3541 1239
3560 1297
3562 1297
3568 1239
3571 1297
3611 1297
3614 1247
3624 1247
3625 1239
3630 1297
3642 1239
3645 1239
3658 1239
3666 1247
3682 1239
3714 1239
3723 1297
3724 1239
3724 1297
3725 1297
3726 1297
3727 1297
3728 1297
3729 1297
3730 1297
3731 1297
3798 1239
3814 1239
3949 1239
3985 1239
4036 1247
4036 1239
4041 1247
4042 1239
4065 1239
4073 1239
4076 1239
4077 1247
4078 1239
4119 1239
4120 1239
4123 1239
4124 1239
4128 1239
4138 1239
4169 1239
4276 1247
4353 1247
4441 1247
4550 1247
4829 1247
4967 1247
5020 1247
5079 1247
5110 1247
5176 1247
5184 1247
5189 1247
5243 1247
5391 1247
5431 1247
5432 1247
