11 5130
11 5132
11 5100
11 5144
11 5106
36 5144
68 5123
68 5188
68 5179
109 5179
109 5188
109 5140
113 5178
122 5155
136 5140
145 5189
173 5130
173 5100
173 5106
270 5106
305 5130
306 5123
306 5182
311 5179
319 5178
319 5182
395 5199
432 5130
457 5121
457 5199
457 5130
457 5140
457 5178
457 5189
457 5188
457 5100
457 5179
457 5148
580 5103
580 5144
580 5106
634 5106
634 5103
663 5144
737 5132
737 5144
737 5199
737 5179
737 5188
758 5130
762 5162
762 5148
766 5106
766 5199
766 5178
766 5182
766 5155
766 5132
766 5189
766 5130
766 5100
766 5144
766 5148
766 5123
766 5188
766 5103
766 5140
766 5121
789 5178
789 5182
789 5100
789 5155
789 5123
789 5130
813 5103
813 5100
813 5123
816 5132
825 5123
831 5162
935 5106
993 5100
996 5162
1004 5178
1042 5155
1074 5188
1074 5140
1111 5178
1133 5121
1133 5182
1133 5103
1133 5100
1133 5189
1133 5123
1133 5106
1151 5178
1151 5100
1151 5182
1151 5188
1151 5121
1166 5188
1166 5100
1204 5199
1210 5100
1247 5189
1286 5106
1305 5155
1374 5123
1374 5199
1374 5176
1374 5155
1374 5148
1374 5189
1374 5123
1401 5103
1467 5144
1470 5130
1496 5106
1496 5178
1542 5178
1542 5140
1542 5144
1542 5123
1542 5103
1542 5155
1549 5123
1549 5100
1549 5155
1608 5100
1623 5140
1623 5130
1639 5189
1639 5162
1667 5178
1667 5103
1688 5106
1691 5178
1691 5100
1697 5178
1701 5123
1701 5188
1720 5103
1720 5106
1722 5106
1734 5178
1737 5178
1748 5100
1767 5100
1799 5178
1823 5130
1823 5188
1835 5100
1847 5132
1847 5188
1891 5144
1915 5121
1915 5100
1915 5106
1922 5130
1922 5132
1922 5106
1972 5155
1972 5188
1982 5188
1990 5188
2003 5144
2009 5162
2011 5162
2037 5140
2037 5103
2065 5100
2085 5162
2092 5162
2095 5162
2102 5176
2109 5100
2118 5130
2135 5155
2135 5100
2145 5130
2186 5103
2186 5199
2237 5162
2237 5155
2237 5178
2237 5130
2237 5100
2249 5199
2256 5178
2258 5199
2258 5121
2258 5182
2264 5100
2299 5148
2326 5100
2326 5106
2328 5188
2369 5182
2369 5189
2369 5123
2384 5162
2384 5106
2387 5189
2410 5178
2452 5179
2485 5144
2485 5178
2485 5106
2485 5100
2485 5189
2485 5103
2504 5189
2516 5130
2565 5106
2565 5144
2565 5199
2565 5189
2565 5130
2565 5179
2565 5100
2565 5148
2565 5132
2566 5130
2576 5148
2585 5121
2595 5178
2605 5188
2605 5106
2605 5189
2623 5121
2623 5176
2651 5100
2651 5130
2658 5144
2658 5106
2658 5132
2658 5162
2658 5130
2660 5123
2660 5182
2667 5189
2667 5179
2667 5123
2667 5103
2667 5121
2680 5103
2686 5123
2688 5188
2688 5182
2688 5103
2688 5106
2688 5100
2688 5189
2688 5144
2688 5132
2688 5155
2688 5130
2688 5178
2688 5123
2688 5179
2689 5155
2689 5100
2693 5144
2693 5130
2699 5100
2702 5103
2738 5179
2747 5144
2760 5100
2774 5121
2774 5123
2775 5123
2775 5182
2775 5100
2790 5130
2793 5178
2831 5144
2855 5100
2871 5130
2871 5144
2871 5106
2889 5155
2909 5189
2909 5155
2909 5123
2932 5103
2953 5106
2967 5132
2967 5106
2967 5100
2967 5176
2967 5130
2972 5132
2972 5155
2972 5130
2972 5144
2972 5106
2972 5100
2972 5199
2972 5140
2972 5178
2988 5178
3000 5182
3000 5178
3000 5123
3002 5123
3007 5106
3009 5182
3010 5130
3027 5178
3032 5178
3034 5100
3035 5162
3092 5123
3092 5144
3092 5178
3110 5130
3209 5182
3227 5140
3238 5100
3258 5130
3274 5144
3274 5123
3274 5123
3345 5123
3345 5182
3350 5189
3352 5130
3378 5178
3381 5199
3381 5188
3386 5100
3394 5189
3394 5130
3402 5106
3402 5130
3404 5106
3404 5100
3439 5188
3445 5100
3445 5182
3447 5189
3447 5179
3447 5188
3447 5144
3447 5123
3447 5106
3447 5178
3449 5144
3449 5106
3449 5155
3449 5132
3449 5130
3449 5162
3449 5100
3449 5123
3449 5182
3449 5178
3449 5189
3449 5103
3452 5178
3452 5106
3452 5121
3452 5155
3453 5100
3453 5130
3453 5189
3453 5188
3453 5140
3453 5144
3453 5178
3453 5182
3453 5106
3455 5100
3456 5144
3456 5132
3456 5188
3456 5130
3456 5100
3456 5106
3456 5123
3456 5178
3456 5176
3456 5155
3459 5155
3459 5103
3459 5178
3459 5199
3459 5144
3460 5178
3463 5106
3478 5179
3479 5130
3498 5155
3498 5189
3519 5144
3568 5130
3571 5106
3571 5103
3586 5123
3586 5178
3586 5199
3586 5188
3586 5103
3601 5189
3614 5155
3614 5100
3614 5182
3614 5106
3614 5103
3614 5121
3614 5178
3614 5123
3615 5121
3615 5132
3615 5130
3634 5155
3641 5182
3641 5121
3641 5103
3642 5188
3642 5182
3642 5123
3642 5103
3642 5178
3642 5121
3642 5179
3642 5140
3643 5103
3658 5140
3660 5130
3660 5132
3666 5100
3666 5189
3666 5130
3728 5100
3743 5123
3751 5178
3786 5155
3787 5148
3787 5162
3796 5130
3796 5182
3796 5123
3796 5106
3796 5100
3796 5144
3798 5155
3798 5178
3813 5106
3813 5132
3830 5100
3871 5162
3910 5123
3919 5188
3919 5121
3956 5130
3956 5100
3965 5130
3965 5178
3969 5182
3976 5123
3995 5155
3995 5188
3995 5178
3995 5144
4013 5123
4036 5189
4040 5178
4040 5123
4041 5178
4041 5121
4045 5182
4045 5121
4045 5188
4045 5132
4045 5123
4045 5100
4045 5103
4045 5106
4045 5130
4045 5140
4045 5144
4055 5106
4063 5123
4063 5178
4065 5178
4070 5106
4070 5182
4070 5100
4073 5130
4073 5189
4073 5140
4073 5178
4076 5130
4076 5132
4076 5106
4077 5106
4077 5155
4077 5130
4077 5100
4082 5182
4099 5123
4099 5100
4099 5189
4099 5188
4099 5178
4138 5189
4138 5155
4144 5144
4151 5100
4151 5188
4151 5144
4151 5115
4152 5144
4211 5199
4212 5130
4212 5178
4212 5123
4219 5144
4219 5162
4219 5132
4219 5106
4219 5130
4222 5132
4276 5144
4276 5189
4295 5100
4295 5144
4308 5140
4308 5162
4310 5182
4310 5179
4310 5155
4310 5189
4310 5188
4310 5123
4310 5178
4310 5199
4329 5106
4335 5121
4335 5144
4353 5189
4353 5155
4353 5178
4354 5100
4355 5155
4364 5199
4371 5100
4432 5103
4437 5199
4441 5100
4441 5106
4441 5132
4441 5148
4441 5130
4441 5144
4441 5140
4442 5100
4443 5179
4448 5144
4455 5178
4483 5155
4483 5148
4483 5188
4483 5123
4509 5106
4509 5100
4527 5176
4527 5130
4532 5179
4534 5178
4536 5100
4536 5189
4547 5144
4550 5123
4550 5155
4550 5189
4557 5182
4563 5130
4563 5132
4574 5182
4574 5179
4587 5130
4592 5133
4598 5121
4598 5178
4600 5189
4604 5188
4632 5178
4632 5123
4632 5189
4632 5100
4632 5121
4647 5123
4652 5144
4653 5162
4653 5123
4653 5189
4662 5123
4673 5140
4673 5106
4673 5188
4686 5155
4686 5100
4686 5130
4686 5106
4693 5162
4710 5100
4712 5178
4712 5155
4712 5189
4712 5123
4717 5123
4717 5178
4718 5123
4725 5106
4725 5144
4725 5130
4725 5132
4746 5178
4748 5182
4764 5123
4764 5106
4781 5178
4792 5148
4795 5123
4813 5140
4814 5199
4818 5162
4821 5162
4824 5123
4824 5155
4824 5103
4824 5182
4828 5178
4828 5123
4828 5155
4829 5155
4846 5106
4846 5189
4852 5178
4853 5162
4859 5106
4859 5130
4859 5144
4894 5189
4894 5123
4894 5121
4899 5182
4899 5189
4899 5123
4899 5199
4899 5155
4899 5140
4899 5100
4899 5132
4899 5144
4899 5103
4899 5130
4899 5106
4899 5178
4929 5144
4936 5144
4938 5162
4943 5100
4948 5130
4948 5162
4948 5189
4948 5148
4948 5144
4948 5106
4948 5100
4964 5106
4964 5100
4966 5106
4966 5162
4966 5144
4967 5100
4967 5144
4967 5103
4967 5121
4967 5189
4967 5140
4967 5182
4967 5178
4967 5106
4967 5155
4967 5123
4967 5179
4967 5130
4967 5188
4974 5130
4974 5144
4974 5123
4976 5100
4980 5178
4981 5188
4982 5115
4982 5144
4982 5100
4988 5178
4988 5106
4993 5144
4994 5199
5002 5189
5002 5182
5002 5199
5002 5144
5002 5148
5002 5188
5006 5132
5008 5130
5008 5144
5008 5189
5009 5130
5015 5199
5016 5100
5016 5162
5020 5130
5020 5178
5022 5178
5022 5140
5022 5182
5022 5188
5022 5179
5022 5121
5029 5155
5037 5123
5050 5130
5070 5123
5078 5130
5079 5100
5079 5121
5079 5178
5079 5130
5079 5188
5079 5189
5079 5123
5079 5199
5079 5148
5079 5144
5095 5100
5096 5100
5097 5100
5098 5100
5102 5103
5102 5182
5102 5106
5102 5188
5103 5178
5103 5106
5103 5148
5104 5106
5105 5106
5106 5103
5110 5176
5110 5132
5110 5178
5110 5123
5110 5123
5110 5182
5110 5162
5110 5144
5110 5130
5111 5130
5119 5130
5119 5132
5119 5144
5121 5130
5122 5130
5123 5182
5123 5130
5123 5178
5124 5130
5125 5130
5125 5178
5126 5144
5126 5130
5138 5144
5139 5144
5139 5182
5140 5144
5140 5188
5141 5144
5142 5144
5153 5188
5154 5162
5155 5162
5158 5162
5159 5162
5160 5162
5161 5162
5163 5162
5164 5162
5166 5162
5171 5189
5171 5188
5172 5178
5173 5179
5173 5199
5175 5189
5176 5123
5176 5155
5176 5103
5176 5123
5176 5189
5176 5182
5177 5123
5177 5179
5177 5188
5177 5140
5177 5178
5179 5178
5179 5121
5179 5188
5179 5103
5180 5123
5180 5182
5181 5188
5182 5123
5184 5155
5184 5189
5185 5178
5185 5188
5185 5123
5187 5123
5188 5199
5188 5189
5188 5179
5188 5140
5189 5182
5189 5123
5189 5178
5189 5103
5189 5140
5189 5121
5189 5155
5190 5155
5190 5182
5190 5123
5190 5189
5193 5188
5194 5178
5196 5178
5198 5123
5217 5178
5217 5123
5226 5123
5246 5182
5254 5178
5262 5123
5262 5178
5263 5182
5285 5189
5285 5155
5295 5199
5296 5155
5301 5121
5301 5188
5312 5189
5313 5155
5316 5140
5320 5199
5321 5189
5339 5123
5360 5123
5382 5189
5382 5155
5382 5182
5391 5178
5400 5178
5423 5179
5427 5178
5437 5182
5437 5123
5439 5140
5455 5155
5472 5155
5473 5155
5479 5182
5482 5189
5484 5178
5485 5178
5524 5199
5524 5178
5524 5121
5524 5140
5524 5188
5524 5148
5524 5179
5531 5199
5531 5140
5531 5179
5531 5178
5531 5188
5531 5103
5531 5121
5531 5123
5534 5178
5543 5199
5543 5121
5543 5123
5543 5182
5543 5103
5543 5178
5549 5178
5550 5178
5553 5178
5562 5189
5565 5189
5565 5188
5566 5189
5582 5140
5596 5103
5630 5178
5630 5121
5647 5123
5655 5103
5655 5199
5662 5182
5668 5178
5684 5182
5684 5176
5691 5123
5696 5178
5696 5121
5697 5178
5697 5182
5697 5188
5697 5199
5697 5123
5707 5123
5709 5140
5768 5178
5769 5123
5770 5178
5783 5178
5787 5182
5787 5103
5787 5179
5796 5121
5796 5140
5796 5103
5796 5178
5796 5179
5796 5179
5800 5199
5800 5179
5802 5140
5802 5179
5802 5199
5802 5148
5802 5188
5811 5140
5814 5188
5818 5178
5819 5178
5819 5140
5822 5178
5822 5188
5822 5199
5824 5182
5827 5123
5829 5123
5839 5188
5855 5123
5857 5188
5857 5103
5862 5188
5871 5178
5871 5182
5873 5123
5877 5123
5884 5123
5896 5182
5899 5123
5902 5123
5903 5123
5916 5182
5922 5103
5932 5121
5935 5178
5946 5182
5952 5182
5961 5188
5998 5140
5998 5148
5998 5179
6001 5121
6007 5103
6020 5178
6032 5148
6032 5199
6038 5188
6043 5103
6043 5121
6068 5179
6073 5103
6074 5103
6075 5121
6075 5103
6075 5178
6094 5121
6097 5199
6108 5121
6133 5121
6134 5121
6135 5121
6146 5178
6170 5188
6200 5178
6220 5178
6241 5178
6247 5178
6248 5178
6271 5188
6272 5188
6280 5199
6299 5199
6305 5188
6305 5140
6305 5199
6316 5199
6327 5188
6327 5199
6359 5199
6359 5188
6460 5188
6460 5179
6506 5140
6507 5140
6508 5140
6509 5140
6510 5179
6518 5199
6523 5148
6555 5199
6560 5199
6596 5148
6596 5199
6608 5188
6615 5199
6615 5148
6618 5179
6714 5199
6772 5199
6774 5148
6784 5199
6789 5199
6906 5199
6907 5179
6907 5148
6907 5199
6918 5179
6946 5179
6971 5199
6991 5199
6993 5199
7026 5148
7045 5148
7047 5179
7047 5148
7049 5148
7052 5199
7055 5148
7056 5148
7080 5199
7231 5148
7294 5199
7294 5179
7294 5148
7295 5199
7317 5199
7326 5199
7327 5199
7352 5148
7391 5179
7614 5179
7642 5179
7685 5179
7741 5148
7744 5179
7745 5148
7775 5179
7930 5179
7931 5179
