3 286
3 271
3 214
4 243
5 299
6 271
6 299
6 227
6 219
6 271
6 232
6 258
6 271
6 252
6 259
6 286
6 216
6 257
6 280
6 243
6 226
6 298
6 290
6 273
6 228
6 274
6 236
6 250
6 261
7 299
7 271
7 299
7 259
7 228
8 243
8 226
8 255
8 299
8 286
8 216
8 214
8 232
8 219
8 250
8 258
8 282
8 252
8 236
8 280
8 224
8 274
8 299
8 271
9 261
9 274
9 228
9 271
9 250
9 226
9 299
9 258
10 271
10 280
10 261
10 286
10 219
10 250
10 252
10 214
10 274
10 216
10 255
11 228
11 271
11 299
11 261
11 227
11 216
11 246
11 255
11 224
11 274
11 282
11 257
11 299
11 250
11 271
11 219
11 286
11 214
11 259
11 230
11 252
11 298
12 259
12 250
12 255
12 282
12 286
12 236
12 299
12 257
12 232
12 274
12 219
13 250
13 271
13 252
13 216
13 232
14 282
14 224
14 226
14 216
14 282
14 259
14 271
14 219
14 271
14 250
14 299
14 236
14 261
15 214
17 271
17 273
17 258
17 261
17 214
17 282
19 299
19 271
19 252
19 257
19 250
19 214
19 219
19 274
19 286
19 261
19 216
20 261
20 252
20 224
20 282
20 250
20 286
20 257
20 258
20 232
20 255
20 271
20 274
20 271
20 216
21 219
21 299
21 250
21 243
21 299
21 236
21 271
21 271
21 299
21 252
23 271
23 280
23 252
23 257
23 236
23 282
24 259
24 228
24 299
24 255
24 271
24 280
24 271
24 271
24 230
25 299
25 299
25 252
25 255
25 246
25 226
25 271
25 271
25 224
25 280
26 226
26 232
26 258
26 216
26 286
26 274
26 271
26 261
26 252
26 250
26 236
26 214
26 299
26 219
26 257
27 282
27 280
27 274
27 219
27 216
27 271
27 226
28 216
28 282
28 271
28 259
28 250
28 299
28 228
28 252
28 299
28 261
28 236
28 226
28 280
28 232
28 214
28 224
28 273
29 252
29 299
29 274
29 271
29 243
29 246
29 282
29 214
29 261
29 273
29 282
29 286
29 228
29 299
33 214
35 259
35 214
35 243
35 243
35 226
35 257
35 261
35 271
35 274
35 227
35 299
36 226
36 271
36 299
36 228
36 204
36 274
36 255
36 282
36 271
36 271
36 232
37 252
37 216
38 280
39 271
39 282
39 252
39 216
40 299
40 257
40 299
40 252
40 214
40 273
40 274
40 216
41 226
41 227
41 271
41 252
42 271
42 299
42 252
42 299
42 274
42 250
42 298
42 286
42 271
42 219
42 299
42 259
44 259
44 224
45 299
45 299
46 271
46 255
46 282
46 271
46 252
46 214
46 286
46 224
46 280
47 252
47 271
47 286
47 216
47 299
47 243
47 290
47 274
47 299
47 226
47 257
47 271
47 250
47 282
48 214
48 271
48 282
48 252
48 250
50 257
50 216
50 271
50 219
50 252
50 261
50 250
51 280
51 214
54 299
54 214
55 216
55 243
55 252
55 299
55 271
55 250
55 299
55 214
56 214
57 228
57 271
57 299
58 274
58 299
58 271
58 257
58 299
58 299
59 298
59 214
59 271
59 252
59 228
59 219
59 204
62 280
62 243
66 282
67 282
67 214
67 274
68 271
71 299
71 236
71 257
71 271
71 299
71 226
71 299
71 228
72 261
72 243
72 271
72 226
72 204
72 236
72 299
72 232
73 274
73 243
73 214
73 243
74 257
74 299
74 252
74 228
74 271
74 271
74 271
75 299
75 299
75 246
77 219
77 271
77 214
77 299
77 299
78 261
78 258
79 252
79 299
79 299
79 271
79 236
80 280
80 236
80 299
80 299
80 282
80 252
80 255
80 271
86 259
86 228
86 299
86 271
86 243
86 299
86 282
86 271
87 299
87 271
87 259
87 290
87 290
87 282
87 271
87 204
89 243
89 271
89 271
90 271
90 290
90 271
90 204
90 214
90 243
90 290
90 252
94 214
94 271
94 271
94 271
94 219
98 228
99 271
100 232
101 243
103 255
103 271
103 271
103 271
104 252
104 282
104 299
104 299
106 299
109 204
109 290
110 228
111 271
113 290
113 243
113 228
113 219
122 204
125 271
125 214
126 271
126 228
127 271
127 232
127 228
127 259
127 282
127 261
127 204
127 290
127 252
128 271
128 214
128 216
129 299
130 271
132 271
132 204
132 271
132 299
135 255
136 261
136 232
136 258
138 252
138 259
138 271
138 250
138 228
138 224
138 236
138 298
138 255
138 271
138 274
138 282
139 271
139 252
139 282
139 228
139 271
139 271
139 299
140 226
140 282
140 282
140 258
142 243
142 271
142 271
143 214
143 299
143 271
143 252
143 250
143 271
143 271
143 216
143 274
143 226
143 204
143 298
145 271
145 214
147 271
147 271
150 232
150 280
151 271
151 236
151 228
152 214
152 252
154 252
154 282
154 224
154 204
155 214
156 259
157 290
157 204
157 271
161 299
161 299
163 271
163 271
166 214
166 204
166 261
166 274
166 259
166 243
166 290
166 271
166 273
168 299
169 257
171 227
171 230
171 299
172 285
173 271
173 271
173 299
173 298
173 227
173 259
173 230
176 271
177 228
178 271
178 282
178 228
178 282
180 299
180 216
180 274
180 271
181 271
182 271
182 204
182 271
185 214
187 243
187 228
187 285
187 214
188 214
189 214
190 214
191 214
192 214
193 228
193 204
194 259
197 259
201 282
201 271
201 252
203 299
203 259
205 282
208 219
209 259
209 271
215 282
215 299
215 298
215 257
215 271
215 299
215 252
215 216
217 219
221 282
223 226
223 257
224 282
224 271
226 298
227 271
228 282
228 299
228 282
230 298
231 228
231 255
231 236
231 280
232 282
232 228
232 271
235 271
236 282
236 257
236 271
236 232
236 282
237 282
237 271
241 271
241 282
243 250
245 243
247 232
253 257
254 257
254 228
255 257
255 259
255 282
255 271
255 271
255 299
255 280
256 226
256 257
256 298
256 282
257 271
258 271
258 261
258 273
259 271
259 299
259 227
260 285
260 261
260 258
260 285
261 286
261 258
263 271
263 271
263 282
263 271
264 271
265 282
265 271
266 271
267 271
268 271
269 271
269 271
270 271
273 258
275 224
275 274
275 299
275 282
280 290
280 271
280 299
282 255
282 228
282 224
282 236
282 280
282 286
282 204
284 299
285 286
290 214
290 204
290 271
291 299
292 299
293 282
293 299
296 243
304 271
306 271
306 255
306 204
306 298
306 282
306 228
306 271
308 271
308 228
308 271
308 204
308 243
308 299
308 204
310 271
310 299
310 271
310 243
310 204
311 271
311 271
311 259
311 243
311 299
312 282
312 255
312 228
312 227
312 271
312 271
312 224
313 290
315 299
315 259
315 214
317 298
317 228
317 204
317 299
317 271
317 271
318 271
319 282
319 204
319 271
319 271
319 214
319 255
319 290
319 299
319 280
320 243
321 271
326 282
327 232
327 282
328 299
329 228
334 271
334 271
336 271
339 224
339 282
339 226
339 271
339 282
339 243
339 227
339 259
339 236
339 271
340 271
340 282
340 232
340 271
340 282
343 282
345 282
345 228
348 271
356 299
356 282
356 259
366 282
366 299
371 228
371 282
371 204
371 271
371 204
371 299
371 255
376 299
381 243
382 243
383 243
384 243
387 259
395 282
399 271
400 271
400 299
405 271
406 282
406 236
406 255
407 204
407 298
407 204
412 290
416 226
423 214
425 285
425 280
425 204
426 236
426 232
426 282
427 259
436 232
437 232
439 271
439 271
440 282
440 236
445 271
457 227
457 290
457 271
457 298
457 299
457 271
458 271
467 214
479 243
488 271
492 299
493 299
494 299
495 282
542 243
542 228
545 243
545 299
546 290
549 243
553 259
556 271
556 271
556 259
556 227
556 299
556 255
556 228
556 282
556 224
556 230
560 271
561 236
561 282
562 282
563 282
564 282
564 255
564 282
590 282
592 282
592 280
592 224
600 259
600 299
600 290
600 271
600 243
600 227
600 282
600 228
600 271
605 280
606 280
615 255
615 282
616 282
618 282
626 282
626 259
626 299
632 282
633 271
633 282
633 255
633 271
633 298
634 282
634 290
634 290
634 271
635 299
635 271
635 285
635 282
635 271
636 282
636 271
637 282
637 271
638 282
639 271
640 282
641 282
642 282
643 282
644 271
644 282
645 282
645 271
645 214
650 271
650 290
650 259
658 255
659 204
659 271
663 271
663 271
663 299
663 259
673 271
674 271
674 271
679 214
689 299
689 259
695 290
695 290
695 271
695 204
697 271
701 230
706 259
706 299
707 271
707 299
707 290
707 290
707 227
707 271
708 204
708 271
708 271
710 243
710 271
715 299
715 227
722 204
722 246
727 271
730 271
730 243
730 299
742 271
742 298
749 290
759 259
759 271
759 299
761 204
762 271
766 204
766 271
769 298
769 214
769 271
769 290
769 228
769 271
769 259
769 290
784 243
784 214
784 204
784 290
784 230
786 227
788 243
788 290
788 204
789 271
789 259
789 299
789 271
789 243
791 214
791 271
794 271
795 290
795 271
795 271
795 243
805 271
805 290
808 271
813 298
813 204
816 227
826 290
826 290
826 204
837 230
838 204
838 230
844 299
848 228
852 243
853 299
853 230
860 228
861 204
865 243
865 228
870 243
870 271
870 271
870 299
870 298
871 299
872 271
879 259
882 271
897 227
900 228
904 230
904 259
907 259
911 271
911 271
911 243
912 214
914 271
922 299
922 290
922 259
922 204
926 243
935 290
937 271
937 271
941 299
941 290
941 227
943 243
943 299
943 271
944 271
946 204
946 271
946 271
947 271
948 271
949 271
956 271
956 299
959 259
967 243
971 299
971 271
974 204
978 290
978 271
981 271
988 204
988 290
993 299
993 214
993 298
996 290
996 259
996 204
998 243
1006 214
1006 298
1006 227
1006 230
1009 299
1009 271
1013 259
1022 243
1024 290
1028 271
1029 243
1034 271
1037 204
1038 271
1051 290
1055 298
1055 227
1055 204
1055 290
1062 227
1062 271
1063 243
1063 299
1064 243
1065 243
1066 271
1066 243
1075 259
1075 227
1078 271
1078 259
1079 271
1080 271
1081 271
1082 271
1083 271
1085 259
1097 204
1098 285
1111 299
1111 259
1114 299
1114 230
1126 214
1129 290
1132 204
1132 259
1133 230
1133 299
1133 298
1135 299
1135 204
1137 298
1151 290
1151 214
1151 230
1151 204
1151 290
1160 299
1160 227
1164 290
1166 214
1166 204
1182 299
1184 204
1184 214
1193 290
1195 259
1201 298
1204 290
1210 298
1210 204
1210 230
1230 290
1235 299
1235 227
1236 290
1241 230
1247 204
1247 298
1259 227
1261 298
1279 259
1279 227
1285 290
1286 299
1297 290
1297 204
1305 214
1305 204
1305 290
1306 298
1319 230
1319 290
1319 204
1325 299
1326 299
1349 259
1350 259
1351 259
1352 259
1352 230
1352 285
1352 298
1353 259
1354 259
1355 259
1356 259
1357 259
1357 298
1358 259
1360 285
1374 298
1374 204
1374 290
1380 230
1386 298
1390 290
1395 298
1428 298
1465 214
1468 290
1470 290
1471 204
1473 204
1483 290
1487 230
1487 298
1492 230
1492 298
1496 230
1521 298
1525 298
1538 298
1549 298
1549 214
1549 290
1549 204
1564 290
1583 290
1585 204
1585 290
1585 290
1594 298
1608 298
1608 230
1608 214
1608 290
1608 290
1614 204
1614 214
1614 204
1615 298
1644 230
1700 290
1701 214
1703 230
1704 230
1705 230
1705 214
1706 230
1707 230
1708 230
1709 230
1710 230
1717 204
1717 214
1733 298
1734 290
1751 290
1751 214
1769 214
1772 285
1783 204
1814 290
1820 290
1820 204
1836 214
1837 290
1875 204
1896 285
1919 214
1919 290
1922 290
1922 204
1966 290
1972 204
2062 285
2072 285
2114 290
2117 204
2130 290
2133 214
2174 214
2209 204
2230 214
2237 204
2240 204
2290 204
2296 214
2297 204
2323 290
2323 204
2326 204
2326 285
2368 290
2371 214
2376 290
2472 214
2473 290
2474 290
2474 204
2476 290
2485 204
2485 290
2508 214
2508 290
2535 204
2541 204
2542 204
2557 214
2559 214
2560 204
2564 204
2565 204
2565 290
2565 214
2565 285
2623 204
2647 214
2651 204
2651 290
2653 204
2660 285
2660 204
2676 214
2686 204
2688 204
2688 290
2693 204
2700 204
2702 204
2703 204
2707 290
2713 204
2737 290
2752 290
2778 214
2790 204
2822 214
2842 204
2860 214
2861 214
2862 214
2863 214
2864 214
2865 214
2871 290
2871 204
2900 290
2900 204
2953 290
3005 290
3006 290
3009 204
3025 290
3026 290
3031 204
3053 204
3066 290
3120 285
3144 204
3180 285
3189 204
3304 285
3345 204
3380 204
3386 204
3530 204
4150 291
4186 291
