6 4792
11 4719
11 4706
11 4796
11 4709
24 4792
24 4796
24 4709
24 4706
24 4712
27 4715
36 4712
36 4717
36 4781
37 4735
42 4709
44 4795
47 4735
53 4764
68 4795
86 4719
87 4712
87 4748
87 4735
87 4715
109 4717
109 4709
109 4795
109 4712
109 4748
109 4798
109 4715
122 4712
122 4719
127 4735
136 4713
136 4717
172 4798
173 4709
178 4715
291 4735
291 4776
291 4719
311 4712
335 4709
351 4735
371 4735
395 4709
432 4706
457 4715
457 4764
457 4735
457 4798
457 4781
457 4709
457 4712
457 4792
457 4717
457 4795
457 4712
457 4797
457 4748
457 4713
457 4795
546 4719
546 4795
546 4712
553 4712
556 4735
580 4709
582 4735
582 4728
582 4796
600 4709
634 4748
637 4712
643 4735
695 4735
695 4712
697 4735
710 4735
722 4798
737 4712
737 4713
749 4715
763 4712
766 4748
766 4795
766 4797
766 4781
766 4713
766 4719
766 4712
766 4715
766 4717
766 4764
766 4709
766 4706
766 4798
766 4792
788 4795
789 4797
789 4792
789 4715
789 4712
789 4706
789 4712
813 4735
813 4781
825 4735
854 4792
854 4712
879 4735
898 4796
908 4735
947 4735
947 4796
950 4797
974 4735
988 4735
996 4712
996 4797
996 4735
996 4712
1018 4728
1024 4706
1032 4712
1041 4796
1055 4797
1055 4735
1063 4717
1074 4709
1074 4717
1074 4713
1074 4712
1074 4791
1097 4735
1098 4764
1125 4735
1127 4776
1133 4728
1133 4792
1133 4719
1133 4781
1133 4796
1133 4735
1133 4706
1151 4792
1151 4706
1151 4712
1151 4781
1166 4712
1166 4781
1166 4719
1166 4748
1179 4719
1184 4796
1184 4719
1200 4796
1204 4792
1207 4748
1210 4798
1210 4795
1228 4735
1241 4735
1291 4719
1374 4712
1374 4797
1385 4781
1395 4706
1428 4706
1468 4796
1470 4797
1470 4735
1470 4792
1473 4719
1473 4706
1473 4709
1492 4735
1492 4715
1496 4709
1522 4735
1537 4735
1542 4781
1542 4712
1542 4717
1542 4712
1542 4715
1542 4748
1549 4719
1549 4712
1549 4712
1608 4795
1608 4712
1613 4798
1614 4706
1623 4717
1639 4748
1647 4796
1701 4735
1701 4709
1701 4795
1701 4712
1701 4715
1717 4735
1719 4712
1730 4735
1733 4735
1733 4786
1762 4713
1762 4709
1762 4712
1769 4712
1796 4717
1796 4748
1796 4795
1799 4792
1799 4735
1823 4706
1847 4712
1847 4735
1964 4719
1972 4713
1972 4712
1972 4795
1985 4735
1990 4735
1990 4709
1990 4712
2093 4709
2109 4735
2117 4735
2118 4735
2129 4735
2135 4712
2135 4735
2135 4748
2135 4712
2144 4735
2145 4735
2145 4798
2145 4792
2210 4735
2215 4735
2223 4798
2237 4781
2237 4719
2237 4796
2237 4735
2246 4735
2256 4735
2256 4798
2256 4795
2257 4719
2258 4715
2258 4781
2258 4712
2264 4797
2264 4712
2264 4706
2276 4795
2297 4706
2326 4735
2328 4795
2328 4712
2328 4709
2328 4791
2328 4717
2365 4735
2365 4719
2375 4712
2384 4781
2398 4735
2440 4712
2456 4781
2456 4735
2474 4735
2485 4781
2485 4712
2493 4748
2516 4706
2542 4735
2547 4715
2547 4719
2547 4735
2547 4706
2547 4798
2549 4797
2557 4792
2560 4706
2564 4712
2565 4792
2565 4764
2565 4796
2565 4719
2565 4709
2565 4713
2565 4706
2576 4797
2596 4735
2609 4712
2618 4796
2619 4712
2621 4719
2651 4792
2651 4735
2651 4797
2655 4735
2655 4712
2655 4795
2657 4717
2658 4735
2658 4717
2660 4797
2660 4792
2660 4717
2660 4712
2667 4781
2667 4795
2667 4798
2667 4715
2686 4735
2686 4715
2686 4717
2688 4706
2688 4717
2688 4715
2688 4764
2688 4709
2688 4798
2688 4781
2688 4795
2688 4792
2688 4712
2688 4719
2688 4796
2688 4713
2693 4709
2693 4735
2694 4735
2699 4709
2699 4735
2699 4796
2708 4719
2744 4709
2747 4735
2765 4719
2774 4735
2775 4717
2790 4778
2832 4728
2832 4735
2859 4719
2859 4728
2871 4706
2871 4792
2871 4719
2889 4712
2903 4796
2909 4712
2909 4712
2909 4735
2914 4792
2917 4735
2932 4735
2935 4719
2935 4792
2935 4797
2958 4735
2967 4792
2967 4706
2967 4735
2967 4796
2967 4719
2968 4735
2972 4795
2972 4797
2972 4706
2972 4796
2972 4735
2972 4712
2972 4717
2972 4792
2972 4712
2972 4719
2972 4748
2972 4717
2988 4717
3000 4748
3010 4764
3010 4712
3010 4712
3026 4706
3027 4712
3027 4781
3028 4715
3032 4712
3032 4795
3032 4712
3032 4717
3034 4735
3057 4706
3057 4709
3072 4712
3073 4706
3073 4796
3084 4735
3090 4717
3092 4781
3092 4715
3092 4712
3106 4709
3145 4735
3191 4712
3209 4792
3210 4792
3238 4712
3274 4719
3274 4791
3274 4717
3274 4717
3291 4712
3291 4713
3291 4786
3291 4735
3305 4796
3326 4735
3345 4709
3346 4735
3350 4706
3352 4735
3352 4719
3352 4712
3354 4791
3354 4796
3366 4712
3378 4781
3378 4735
3380 4795
3381 4709
3381 4764
3381 4713
3390 4706
3394 4735
3394 4719
3402 4792
3402 4719
3402 4796
3404 4712
3439 4712
3445 4712
3445 4712
3447 4717
3447 4712
3447 4795
3447 4795
3447 4717
3447 4735
3447 4715
3447 4792
3447 4796
3449 4735
3449 4717
3449 4712
3449 4792
3449 4796
3449 4797
3449 4781
3449 4776
3449 4777
3449 4715
3449 4712
3449 4706
3449 4795
3449 4798
3449 4719
3451 4735
3451 4796
3452 4712
3452 4792
3452 4719
3452 4706
3453 4706
3453 4796
3453 4728
3453 4717
3453 4712
3453 4712
3453 4719
3453 4795
3453 4717
3453 4792
3453 4735
3453 4709
3453 4748
3454 4719
3454 4796
3455 4792
3455 4797
3456 4709
3456 4795
3456 4798
3456 4712
3456 4735
3456 4719
3456 4706
3456 4715
3456 4792
3457 4719
3457 4781
3457 4706
3458 4795
3459 4712
3459 4712
3459 4764
3460 4791
3461 4795
3462 4796
3463 4735
3463 4719
3463 4706
3463 4796
3478 4781
3478 4797
3480 4735
3498 4712
3498 4735
3568 4735
3568 4706
3568 4712
3586 4709
3586 4795
3586 4748
3586 4712
3601 4797
3603 4792
3607 4781
3614 4781
3614 4712
3614 4715
3614 4792
3615 4798
3634 4781
3641 4709
3641 4764
3641 4713
3641 4781
3641 4795
3642 4748
3642 4712
3642 4713
3642 4715
3642 4709
3642 4798
3642 4764
3642 4781
3642 4797
3642 4717
3642 4795
3658 4781
3666 4712
3728 4709
3728 4735
3728 4719
3728 4712
3743 4796
3786 4797
3786 4712
3787 4712
3787 4715
3787 4713
3787 4796
3787 4776
3787 4735
3787 4797
3792 4717
3796 4792
3796 4719
3796 4796
3796 4735
3803 4792
3812 4735
3813 4797
3830 4796
3830 4735
3835 4712
3835 4797
3835 4706
3835 4796
3843 4792
3845 4712
3854 4706
3873 4712
3897 4792
3916 4709
3917 4706
3917 4735
3919 4795
3919 4717
3930 4719
3969 4712
3969 4792
3969 4706
3969 4719
3969 4796
3976 4712
3985 4781
3995 4712
3995 4715
4001 4719
4013 4712
4036 4712
4036 4797
4036 4712
4036 4792
4040 4776
4040 4706
4041 4792
4041 4712
4041 4715
4041 4719
4041 4795
4044 4719
4044 4728
4044 4796
4045 4792
4045 4781
4045 4719
4045 4795
4045 4715
4045 4798
4045 4712
4045 4717
4045 4706
4045 4748
4045 4796
4046 4706
4063 4735
4065 4713
4065 4792
4072 4735
4073 4735
4076 4796
4076 4719
4077 4735
4077 4712
4099 4728
4099 4781
4099 4715
4103 4798
4116 4796
4119 4706
4123 4735
4138 4797
4142 4735
4151 4712
4162 4709
4175 4712
4211 4719
4211 4706
4211 4735
4211 4796
4212 4798
4219 4796
4219 4717
4219 4719
4219 4792
4219 4776
4219 4735
4219 4728
4219 4706
4261 4796
4261 4709
4261 4719
4266 4735
4273 4709
4282 4796
4297 4717
4297 4712
4297 4735
4310 4712
4310 4781
4310 4709
4310 4715
4310 4748
4310 4717
4312 4728
4315 4735
4335 4735
4338 4709
4353 4713
4355 4748
4377 4719
4415 4706
4437 4719
4441 4798
4441 4735
4441 4712
4441 4719
4441 4715
4441 4717
4442 4706
4442 4717
4448 4717
4471 4712
4471 4712
4482 4712
4483 4715
4483 4748
4483 4712
4483 4797
4483 4795
4485 4712
4485 4792
4486 4796
4511 4719
4527 4748
4531 4735
4534 4712
4534 4796
4536 4792
4547 4792
4547 4735
4550 4712
4564 4735
4574 4781
4575 4735
4582 4728
4587 4792
4588 4719
4591 4712
4600 4781
4600 4792
4604 4712
4632 4715
4632 4792
4632 4798
4633 4706
4653 4748
4653 4795
4661 4719
4662 4797
4664 4735
4664 4712
4664 4706
4673 4748
4673 4712
4673 4717
4673 4795
4673 4798
4673 4715
4675 4735
4681 4792
4686 4717
4686 4717
4687 4706
4688 4776
4688 4706
4688 4719
4688 4792
4688 4735
4688 4796
4705 4728
4706 4792
4710 4735
4710 4706
4712 4735
4712 4795
4712 4717
4714 4719
4715 4719
4716 4719
4717 4798
4717 4712
4717 4748
4717 4719
4717 4764
4717 4712
4718 4719
4725 4796
4726 4728
4727 4728
4733 4735
4736 4735
4737 4735
4738 4735
4739 4735
4739 4706
4740 4735
4741 4735
4746 4792
4749 4706
4756 4776
4756 4796
4764 4712
4764 4717
4773 4776
4774 4776
4774 4796
4785 4796
4786 4791
4786 4796
4787 4796
4788 4796
4788 4764
4789 4796
4790 4796
4791 4796
4792 4796
4792 4706
4792 4792
4793 4796
4794 4796
4799 4798
4813 4713
4813 4709
4813 4748
4813 4795
4823 4706
4824 4706
4824 4792
4824 4781
4824 4797
4824 4795
4825 4706
4828 4712
4828 4795
4828 4797
4828 4717
4828 4748
4828 4712
4828 4764
4829 4712
4829 4712
4859 4792
4859 4717
4899 4717
4899 4781
4899 4748
4937 4792
4948 4797
4948 4792
4960 4748
4964 4715
4966 4797
4967 4764
4967 4712
4967 4781
4967 4748
4967 4715
4967 4712
4967 4717
4967 4717
4967 4713
4967 4709
4967 4798
4967 4795
4980 4777
4981 4712
5000 4792
5001 4792
5002 4792
5002 4709
5002 4713
5022 4709
5022 4748
5022 4795
5022 4791
5028 4781
5029 4712
5037 4712
5068 4712
5068 4712
5079 4777
5079 4717
5079 4712
5079 4795
5079 4795
5079 4798
5079 4715
5079 4748
5089 4795
5103 4717
5103 4709
5110 4712
5110 4715
5110 4798
5110 4717
5110 4795
5118 4797
5121 4715
5123 4712
5123 4795
5125 4781
5140 4748
5140 4712
5140 4717
5155 4712
5166 4781
5166 4709
5171 4712
5171 4795
5172 4781
5173 4764
5174 4712
5176 4797
5176 4712
5177 4715
5177 4798
5177 4781
5177 4795
5177 4717
5177 4712
5177 4709
5179 4795
5179 4795
5179 4715
5179 4781
5179 4712
5179 4797
5179 4798
5180 4795
5181 4797
5185 4709
5185 4712
5185 4798
5185 4748
5185 4713
5185 4764
5185 4795
5185 4715
5188 4797
5188 4709
5188 4713
5188 4712
5188 4748
5188 4795
5188 4764
5188 4717
5189 4795
5189 4798
5189 4795
5189 4712
5189 4712
5189 4717
5189 4781
5190 4712
5193 4712
5193 4717
5217 4712
5246 4712
5254 4717
5254 4713
5262 4717
5263 4777
5263 4795
5263 4797
5273 4764
5273 4717
5276 4713
5295 4777
5296 4712
5301 4748
5301 4717
5316 4712
5316 4709
5316 4715
5391 4712
5391 4712
5396 4777
5421 4777
5423 4798
5423 4795
5423 4715
5428 4712
5430 4712
5430 4748
5439 4748
5439 4795
5452 4712
5452 4712
5454 4712
5455 4712
5457 4795
5484 4781
5524 4748
5524 4713
5524 4715
5524 4764
5524 4709
5524 4717
5524 4781
5524 4712
5524 4798
5531 4709
5531 4712
5531 4713
5531 4781
5531 4764
5531 4748
5543 4764
5543 4715
5543 4781
5582 4795
5582 4748
5582 4713
5582 4717
5582 4709
5603 4797
5608 4795
5612 4798
5616 4712
5617 4781
5624 4717
5626 4798
5630 4748
5630 4781
5630 4712
5644 4795
5645 4777
5655 4712
5655 4717
5691 4797
5696 4712
5696 4715
5696 4781
5697 4713
5697 4795
5697 4791
5697 4798
5697 4717
5697 4712
5697 4709
5697 4748
5697 4764
5714 4715
5739 4748
5753 4712
5768 4791
5775 4709
5787 4781
5796 4709
5796 4712
5796 4764
5796 4715
5796 4717
5796 4748
5796 4795
5798 4715
5798 4795
5798 4798
5799 4795
5799 4798
5799 4715
5800 4712
5800 4764
5802 4717
5802 4798
5802 4748
5802 4795
5802 4764
5802 4712
5802 4709
5802 4713
5804 4712
5804 4715
5806 4795
5810 4712
5811 4791
5811 4748
5811 4713
5814 4712
5814 4709
5816 4715
5817 4798
5817 4795
5818 4713
5818 4764
5821 4712
5821 4709
5821 4748
5839 4795
5857 4712
5862 4712
5871 4712
5871 4795
5933 4791
5934 4781
5961 4798
5998 4748
5998 4712
5998 4717
6006 4748
6006 4712
6006 4709
6023 4715
6024 4712
6032 4709
6032 4764
6038 4748
6043 4781
6047 4713
6068 4781
6075 4781
6094 4781
6118 4781
6119 4781
6120 4781
6121 4781
6217 4712
6217 4709
6218 4798
6218 4712
6218 4795
6220 4717
6220 4713
6223 4717
6243 4712
6248 4717
6271 4715
6272 4717
6298 4798
6299 4713
6299 4798
6305 4764
6305 4713
6305 4717
6305 4709
6305 4795
6305 4712
6312 4798
6314 4791
6320 4715
6323 4764
6324 4798
6324 4712
6327 4713
6327 4712
6347 4709
6359 4715
6359 4712
6359 4713
6359 4764
6360 4715
6360 4798
6377 4764
6377 4713
6379 4798
6380 4798
6381 4798
6398 4709
6422 4712
6447 4712
6458 4709
6460 4717
6467 4712
6467 4717
6488 4717
6488 4713
6494 4709
6510 4713
6510 4709
6517 4713
6518 4748
6522 4764
6522 4713
6525 4713
6533 4791
6534 4791
6535 4791
6536 4791
6545 4709
6546 4709
6560 4713
6560 4717
6561 4717
6595 4712
6596 4712
6605 4712
6607 4712
6608 4709
6615 4764
6615 4713
6626 4712
6627 4712
6657 4712
6658 4712
6712 4764
6714 4713
6736 4764
6764 4709
6765 4709
6766 4709
6767 4709
6781 4764
6828 4713
6829 4713
6837 4764
