6 1022
6 1055
6 1007
6 1062
6 1043
6 1035
6 1032
6 1026
8 1092
8 1092
9 1049
11 1049
11 1006
11 1061
11 1000
11 1034
11 1018
11 1035
11 1075
11 1032
11 1097
11 1062
11 1022
11 1055
11 1031
14 1053
14 1031
14 1080
15 1006
20 1062
20 1044
20 1055
20 1034
20 1075
21 1014
21 1049
23 1053
23 1039
24 1018
24 1043
24 1075
24 1053
24 1034
28 1030
28 1026
29 1026
29 1014
29 1080
35 1075
35 1026
35 1023
36 1023
36 1026
36 1075
36 1038
39 1007
42 1053
42 1026
42 1075
49 1031
55 1030
59 1000
59 1034
66 1075
66 1026
68 1026
71 1034
72 1026
72 1035
72 1007
72 1062
72 1023
72 1031
74 1026
74 1053
79 1053
80 1026
86 1007
86 1026
87 1053
87 1055
87 1022
89 1026
89 1031
90 1007
110 1007
110 1014
111 1075
113 1014
125 1014
127 1026
127 1007
143 1062
143 1075
143 1032
145 1080
147 1007
147 1014
147 1026
154 1053
157 1055
157 1014
157 1053
164 1097
171 1043
171 1000
171 1062
171 1022
173 1000
173 1053
173 1031
173 1055
173 1007
173 1075
173 1035
173 1022
173 1034
173 1061
173 1023
173 1032
173 1026
176 1043
178 1014
180 1026
180 1031
182 1043
182 1006
182 1007
182 1026
197 1075
201 1043
201 1023
201 1026
203 1075
215 1018
231 1080
232 1023
237 1034
249 1006
258 1062
259 1075
265 1007
280 1043
280 1053
280 1007
280 1014
304 1053
304 1023
304 1026
304 1014
305 1014
306 1043
306 1032
306 1018
306 1039
306 1026
306 1022
306 1007
308 1062
308 1034
308 1038
308 1022
308 1055
308 1039
308 1026
310 1032
310 1006
310 1014
310 1061
310 1039
311 1023
311 1030
311 1097
311 1055
311 1053
311 1022
311 1014
311 1038
311 1006
311 1034
311 1031
311 1026
312 1039
312 1014
312 1023
312 1030
312 1061
312 1006
312 1062
312 1043
312 1007
312 1035
313 1026
315 1038
317 1014
317 1075
317 1053
317 1026
317 1055
317 1062
317 1032
317 1023
317 1007
317 1039
317 1022
319 1026
319 1035
319 1038
319 1023
320 1080
321 1026
321 1023
324 1026
325 1031
327 1053
328 1026
334 1023
334 1014
335 1026
339 1080
339 1053
340 1007
341 1007
348 1022
356 1043
364 1007
371 1026
371 1044
371 1053
371 1031
371 1032
371 1023
376 1023
376 1043
376 1026
400 1044
405 1053
405 1030
407 1014
407 1000
407 1049
429 1049
432 1031
432 1055
432 1039
432 1044
432 1049
447 1049
457 1061
457 1055
457 1022
457 1062
457 1000
457 1018
458 1053
479 1026
499 1080
521 1018
545 1026
546 1034
552 1026
556 1075
556 1053
556 1044
560 1080
588 1035
590 1026
590 1062
600 1026
600 1049
600 1053
600 1075
600 1023
626 1000
633 1026
634 1006
634 1044
635 1026
635 1035
635 1014
637 1014
637 1026
639 1023
639 1030
639 1026
643 1023
643 1026
643 1053
644 1022
647 1031
647 1053
650 1026
650 1030
650 1053
663 1053
663 1043
663 1026
663 1007
686 1022
686 1043
686 1038
686 1062
686 1032
686 1039
689 1018
689 1039
691 1043
695 1014
696 1026
697 1032
697 1014
697 1039
697 1026
697 1023
697 1062
697 1007
704 1026
704 1097
704 1034
704 1007
705 1062
705 1007
706 1053
707 1062
707 1055
707 1038
707 1023
707 1039
707 1026
707 1075
707 1007
707 1053
707 1030
708 1031
708 1039
710 1055
710 1044
710 1038
710 1062
710 1026
710 1053
710 1043
715 1075
715 1062
715 1006
722 1049
722 1026
722 1018
725 1006
730 1031
730 1026
730 1022
730 1035
733 1026
742 1039
742 1026
742 1023
742 1053
742 1038
742 1007
742 1006
749 1039
759 1080
759 1075
759 1053
759 1014
762 1053
762 1026
763 1049
766 1049
766 1035
766 1031
769 1043
769 1034
769 1044
769 1006
769 1053
769 1049
769 1018
769 1080
769 1031
784 1007
784 1053
784 1014
784 1006
788 1039
788 1023
789 1053
789 1026
789 1006
789 1007
791 1022
795 1034
795 1053
795 1023
795 1014
796 1031
805 1055
805 1097
808 1043
810 1007
813 1097
813 1049
813 1035
813 1055
813 1018
813 1031
823 1026
826 1055
826 1061
826 1049
844 1053
844 1043
844 1007
844 1044
844 1026
850 1026
852 1053
855 1014
861 1026
861 1038
865 1080
865 1092
865 1026
869 1006
871 1062
871 1055
872 1044
882 1053
883 1043
896 1053
898 1026
904 1031
904 1014
911 1080
911 1044
911 1053
911 1039
912 1053
918 1000
918 1075
920 1026
922 1062
922 1055
922 1022
922 1031
922 1035
922 1000
922 1034
933 1014
937 1061
937 1061
937 1053
941 1062
941 1034
943 1023
946 1031
946 1049
946 1062
946 1035
946 1018
956 1023
956 1031
956 1026
956 1053
956 1039
957 1023
959 1026
960 1000
960 1034
961 1031
961 1049
970 1022
971 1014
971 1006
978 1031
978 1026
978 1062
978 1022
981 1053
982 1043
986 1062
988 1018
988 1049
993 1061
993 1026
993 1097
993 1022
993 1014
993 1031
993 1000
993 1035
994 1039
994 1007
994 1026
994 1023
996 1035
996 1018
996 1049
996 1061
998 1014
999 1014
1000 1018
1000 1014
1006 1032
1006 1026
1006 1014
1006 1039
1006 1034
1006 1030
1006 1023
1006 1007
1006 1075
1006 1043
1008 1026
1009 1026
1009 1026
1009 1043
1009 1023
1011 1031
1013 1044
1013 1014
1021 1026
1022 1055
1022 1026
1023 1026
1024 1026
1025 1026
1027 1023
1027 1039
1028 1053
1029 1044
1029 1032
1032 1039
1033 1053
1034 1062
1034 1043
1037 1039
1038 1039
1040 1038
1041 1038
1042 1043
1044 1049
1049 1044
1050 1053
1050 1022
1051 1053
1055 1075
1055 1034
1062 1035
1066 1044
1070 1044
1071 1044
1072 1044
1075 1018
1078 1075
1093 1080
1094 1080
1095 1080
1096 1080
1097 1080
1097 1049
1098 1049
1098 1080
1098 1018
1099 1080
1100 1080
1101 1080
1102 1080
1111 1075
1113 1075
1114 1062
1124 1031
1127 1049
1129 1022
1129 1031
1133 1026
1133 1022
1133 1055
1135 1014
1135 1097
1135 1049
1137 1049
1139 1043
1142 1043
1142 1097
1143 1043
1144 1006
1151 1035
1151 1032
1151 1049
1151 1000
1151 1097
1151 1061
1156 1022
1160 1022
1165 1014
1166 1049
1166 1031
1166 1097
1167 1022
1168 1014
1169 1061
1182 1006
1184 1018
1193 1031
1193 1062
1195 1006
1197 1006
1198 1006
1202 1000
1202 1032
1207 1062
1210 1035
1210 1061
1210 1034
1210 1049
1210 1000
1211 1031
1215 1035
1221 1035
1230 1062
1236 1035
1236 1000
1245 1062
1247 1049
1247 1097
1253 1022
1254 1062
1255 1062
1256 1062
1257 1062
1258 1062
1259 1062
1259 1075
1267 1018
1279 1055
1279 1032
1279 1075
1279 1022
1279 1000
1281 1031
1293 1031
1296 1035
1305 1022
1319 1035
1319 1014
1324 1029
1335 1097
1335 1000
1350 1035
1350 1000
1350 1022
1352 1000
1353 1075
1357 1022
1357 1032
1365 1075
1366 1075
1374 1034
1374 1022
1374 1049
1377 1022
1377 1034
1380 1031
1381 1014
1384 1049
1395 1031
1395 1018
1395 1035
1395 1049
1419 1049
1428 1000
1428 1034
1441 1031
1442 1000
1463 1035
1465 1049
1466 1055
1471 1034
1480 1000
1482 1034
1482 1035
1483 1055
1487 1034
1492 1022
1492 1034
1492 1055
1492 1032
1492 1000
1492 1035
1496 1097
1496 1000
1496 1035
1500 1097
1501 1000
1506 1032
1510 1032
1519 1032
1520 1032
1520 1018
1521 1097
1521 1000
1521 1049
1525 1000
1538 1000
1542 1035
1547 1097
1549 1049
1549 1034
1549 1000
1549 1035
1549 1031
1549 1097
1549 1018
1550 1031
1552 1014
1552 1049
1555 1034
1555 1097
1560 1049
1566 1097
1571 1035
1571 1031
1583 1097
1585 1035
1585 1031
1585 1097
1594 1034
1603 1018
1608 1031
1608 1000
1608 1061
1608 1049
1608 1097
1608 1035
1608 1034
1614 1000
1615 1034
1615 1000
1621 1049
1621 1031
1621 1035
1622 1034
1623 1014
1623 1049
1641 1035
1644 1049
1661 1026
1667 1049
1689 1031
1691 1049
1701 1031
1701 1035
1719 1031
1749 1097
1756 1000
1756 1061
1756 1018
1762 1000
1766 1018
1767 1097
1772 1031
1781 1000
1782 1000
1783 1035
1792 1034
1794 1018
1808 1049
1808 1097
1811 1031
1811 1097
1820 1097
1823 1035
1835 1035
1885 1097
1888 1031
1891 1049
1891 1097
1896 1035
1919 1061
1922 1097
1977 1035
1977 1031
1977 1018
1991 1049
1997 1097
1997 1035
1997 1031
1997 1018
1997 1061
2038 1031
2052 1097
2062 1035
2062 1061
2062 1031
2069 1049
2072 1049
2072 1018
2072 1035
2072 1031
2072 1097
2085 1049
2085 1018
2093 1097
2093 1049
2097 1018
2103 1035
2117 1049
2118 1049
2118 1018
2118 1097
2120 1049
2133 1018
2133 1097
2133 1031
2133 1035
2133 1049
2156 1061
2156 1035
2169 1035
2169 1031
2193 1031
2206 1097
2210 1061
2225 1049
2226 1018
2231 1018
2233 1035
2233 1097
2236 1061
2240 1031
2240 1018
2240 1026
2241 1097
2251 1061
2255 1031
2256 1049
2257 1018
2258 1026
2264 1049
2272 1031
2274 1018
2276 1026
2286 1035
2306 1049
2322 1031
2326 1031
2328 1035
2328 1018
2328 1097
2328 1049
2332 1018
2332 1049
2346 1024
2351 1031
2352 1031
2353 1031
2357 1035
2363 1035
2364 1035
2365 1035
2366 1097
2367 1097
2368 1097
2369 1026
2375 1049
2375 1018
2416 1018
2472 1049
2473 1049
2474 1049
2502 1018
2511 1018
2560 1026
2565 1026
2569 1049
2593 1049
2646 1049
2672 1049
2721 1049
2722 1049
2723 1049
2724 1049
2725 1049
2958 1026
3088 1026
3200 1024
3227 1026
3601 1026
4009 1024
4099 1026
4144 1026
4219 1024
4342 1024
4598 1026
4975 1024
5022 1074
5099 1026
5697 1026
5796 1026
5819 1074
6595 1026
6714 1026
7236 1026
7294 1026
7379 1026
