24 6955
29 6913
29 6946
36 6955
68 6914
86 6930
87 6930
99 6918
103 6946
109 6946
109 6901
109 6979
109 6914
109 6955
109 6934
109 6913
109 6980
109 6934
136 6913
143 6979
155 6993
166 6945
173 6994
231 6930
311 6918
319 6913
319 6930
395 6934
395 6976
406 6979
457 6901
457 6930
457 6907
457 6913
600 6946
643 6934
691 6930
737 6930
737 6934
737 6946
737 6946
737 6913
737 6979
737 6946
737 6976
766 6930
766 6907
766 6934
766 6976
766 6946
766 6980
766 6901
791 6914
896 6934
896 6979
896 6979
948 6907
967 6918
967 6946
988 6980
988 6946
1041 6934
1051 6955
1074 6930
1098 6934
1098 6979
1098 6953
1098 6955
1098 6913
1098 6976
1098 6980
1098 6946
1151 6955
1151 6914
1166 6918
1204 6980
1210 6901
1210 6934
1210 6930
1365 6914
1374 6914
1374 6980
1374 6934
1374 6918
1374 6946
1542 6955
1542 6914
1691 6914
1823 6979
1823 6979
1835 6930
1982 6948
1982 6994
2003 6918
2059 6980
2059 6907
2067 6914
2120 6980
2145 6901
2186 6913
2192 6914
2240 6913
2249 6913
2249 6976
2297 6914
2330 6914
2369 6955
2481 6955
2485 6914
2485 6934
2485 6976
2560 6980
2560 6918
2565 6934
2565 6979
2565 6946
2565 6980
2565 6918
2565 6914
2565 6946
2565 6901
2565 6913
2565 6976
2565 6948
2565 6979
2565 6945
2565 6953
2565 6993
2565 6955
2565 6930
2565 6907
2565 6946
2576 6918
2576 6980
2619 6914
2619 6955
2619 6980
2620 6901
2623 6994
2658 6979
2658 6976
2658 6907
2677 6953
2677 6946
2677 6946
2677 6930
2677 6979
2677 6913
2688 6901
2693 6901
2693 6955
2697 6976
2707 6976
2707 6913
2790 6945
2790 6953
2831 6913
2851 6980
2851 6955
2972 6930
2972 6955
2972 6946
3032 6918
3073 6907
3073 6918
3084 6980
3142 6946
3293 6955
3297 6918
3366 6914
3378 6934
3380 6946
3380 6918
3381 6948
3381 6976
3381 6930
3381 6918
3381 6934
3381 6901
3381 6955
3381 6913
3381 6907
3381 6945
3439 6930
3447 6914
3447 6955
3447 6979
3447 6907
3447 6913
3447 6946
3447 6934
3456 6907
3478 6918
3498 6918
3571 6976
3586 6979
3586 6930
3586 6942
3586 6976
3586 6907
3586 6934
3586 6913
3631 6918
3634 6976
3641 6934
3641 6948
3641 6955
3641 6930
3641 6901
3642 6946
3642 6934
3642 6918
3642 6948
3642 6924
3642 6934
3642 6901
3642 6953
3642 6924
3642 6913
3642 6930
3642 6914
3655 6918
3665 6946
3691 6934
3691 6945
3764 6955
3772 6930
3775 6979
3787 6979
3787 6948
3787 6934
3812 6946
3910 6918
3965 6976
4036 6907
4036 6946
4036 6918
4040 6934
4040 6980
4040 6914
4045 6901
4045 6930
4071 6930
4099 6913
4099 6934
4110 6914
4151 6914
4164 6907
4221 6934
4310 6979
4310 6945
4310 6946
4310 6980
4310 6907
4310 6946
4310 6946
4310 6913
4318 6914
4335 6980
4347 6918
4437 6976
4437 6955
4437 6907
4441 6980
4441 6934
4483 6914
4483 6934
4483 6979
4483 6946
4483 6979
4483 6955
4534 6914
4536 6907
4550 6945
4550 6979
4550 6948
4550 6953
4550 6955
4616 6930
4632 6955
4632 6976
4632 6933
4632 6979
4632 6914
4632 6946
4632 6948
4632 6934
4647 6907
4662 6946
4669 6913
4712 6955
4712 6942
4717 6979
4764 6901
4795 6980
4795 6913
4795 6914
4795 6979
4824 6913
4824 6976
4828 6901
4828 6955
4828 6930
4828 6913
4828 6994
4879 6907
4899 6946
4924 6913
4943 6913
4943 6980
4943 6976
4943 6914
4948 6946
4948 6914
4948 6907
4967 6930
4967 6901
4967 6976
4967 6946
4967 6955
4967 6945
4974 6913
4988 6918
5002 6980
5002 6946
5002 6948
5002 6979
5002 6914
5002 6979
5016 6914
5022 6934
5022 6953
5022 6930
5022 6979
5022 6948
5022 6945
5022 6938
5022 6933
5022 6955
5028 6907
5053 6980
5053 6934
5053 6907
5053 6955
5059 6946
5059 6913
5079 6934
5079 6946
5079 6913
5079 6976
5079 6948
5102 6918
5102 6980
5103 6914
5106 6980
5143 6913
5143 6907
5166 6930
5173 6918
5173 6979
5173 6946
5173 6907
5173 6976
5173 6946
5177 6934
5177 6979
5179 6913
5179 6948
5179 6945
5179 6979
5179 6907
5179 6946
5179 6918
5185 6953
5185 6945
5185 6930
5185 6955
5185 6938
5185 6933
5188 6945
5188 6913
5188 6918
5188 6930
5188 6901
5188 6955
5188 6976
5189 6946
5189 6946
5189 6913
5189 6979
5189 6918
5189 6946
5200 6979
5201 6980
5217 6934
5217 6907
5233 6914
5246 6993
5246 6976
5254 6946
5316 6913
5342 6979
5342 6913
5378 6946
5401 6976
5439 6930
5487 6914
5524 6945
5524 6976
5524 6980
5524 6979
5524 6914
5524 6913
5524 6946
5524 6918
5524 6934
5524 6901
5524 6934
5524 6993
5524 6946
5524 6955
5524 6946
5524 6907
5524 6930
5524 6979
5529 6979
5529 6955
5529 6979
5531 6907
5531 6901
5531 6946
5531 6930
5531 6913
5531 6946
5543 6930
5543 6955
5543 6901
5543 6953
5550 6946
5553 6914
5553 6930
5582 6913
5582 6955
5582 6976
5604 6945
5630 6930
5630 6901
5646 6953
5655 6976
5658 6980
5692 6913
5697 6901
5697 6979
5697 6930
5697 6955
5714 6930
5739 6934
5739 6901
5773 6934
5773 6976
5773 6914
5773 6955
5773 6913
5775 6914
5775 6946
5796 6953
5796 6955
5796 6980
5796 6913
5796 6976
5796 6934
5800 6938
5800 6976
5800 6982
5800 6980
5800 6946
5800 6913
5800 6934
5800 6979
5800 6918
5800 6907
5800 6946
5800 6979
5800 6946
5802 6976
5802 6914
5802 6934
5802 6979
5802 6907
5802 6901
5802 6980
5802 6913
5802 6946
5802 6955
5802 6979
5804 6914
5806 6907
5810 6907
5811 6934
5811 6901
5811 6994
5811 6945
5811 6953
5811 6930
5812 6979
5812 6901
5812 6979
5814 6946
5814 6913
5814 6979
5814 6980
5816 6955
5817 6976
5817 6955
5819 6980
5822 6934
5822 6913
5824 6901
5824 6946
5824 6930
5827 6913
5839 6934
5857 6948
5857 6946
5862 6955
5862 6945
5871 6980
5872 6907
5915 6914
5920 6918
5920 6946
5934 6901
5949 6976
5966 6946
5998 6946
5998 6946
5998 6934
5998 6914
6006 6945
6006 6907
6006 6918
6016 6914
6020 6980
6032 6946
6032 6930
6032 6913
6032 6955
6032 6980
6032 6918
6032 6901
6072 6946
6072 6914
6177 6934
6180 6907
6198 6979
6204 6930
6218 6913
6241 6976
6242 6930
6270 6930
6270 6901
6270 6955
6270 6979
6270 6994
6270 6946
6270 6913
6272 6946
6272 6955
6272 6979
6272 6976
6272 6979
6272 6914
6299 6979
6299 6907
6299 6934
6299 6953
6299 6934
6299 6901
6305 6930
6305 6979
6305 6918
6316 6907
6323 6930
6323 6976
6323 6979
6323 6979
6325 6979
6327 6901
6327 6994
6327 6976
6327 6913
6327 6979
6359 6901
6359 6930
6359 6976
6359 6934
6359 6913
6360 6994
6398 6955
6414 6913
6414 6914
6421 6934
6421 6993
6443 6913
6443 6918
6445 6914
6456 6930
6458 6907
6458 6930
6460 6993
6460 6946
6486 6907
6486 6913
6486 6976
6494 6914
6494 6955
6494 6979
6494 6946
6500 6930
6502 6914
6510 6946
6510 6934
6518 6976
6518 6980
6523 6934
6523 6948
6523 6976
6538 6918
6552 6979
6560 6980
6560 6946
6560 6976
6560 6913
6563 6979
6563 6934
6563 6907
6563 6994
6563 6982
6563 6946
6577 6934
6595 6948
6596 6993
6596 6946
6596 6914
6596 6980
6596 6934
6596 6913
6611 6913
6611 6930
6613 6948
6615 6980
6615 6930
6615 6946
6615 6955
6615 6913
6615 6979
6615 6945
6615 6946
6615 6901
6615 6976
6618 6994
6618 6946
6618 6955
6618 6924
6618 6913
6619 6955
6619 6930
6619 6934
6619 6913
6619 6946
6619 6976
6620 6982
6620 6948
6620 6946
6620 6930
6620 6945
6620 6955
6620 6901
6620 6976
6624 6946
6624 6980
6624 6913
6624 6907
6624 6914
6624 6934
6634 6946
6634 6946
6635 6913
6649 6901
6649 6934
6649 6930
6714 6913
6714 6976
6714 6946
6714 6946
6714 6934
6736 6901
6736 6930
6772 6980
6772 6979
6772 6901
6772 6946
6772 6913
6772 6976
6772 6914
6774 6993
6774 6913
6781 6979
6784 6901
6784 6913
6784 6934
6804 6907
6846 6930
6848 6901
6848 6913
6865 6913
6865 6901
6865 6930
6875 6980
6896 6934
6900 6918
6902 6901
6906 6913
6906 6976
6907 6913
6907 6914
6907 6946
6907 6994
6907 6946
6907 6979
6907 6918
6907 6976
6907 6934
6911 6976
6913 6946
6914 6913
6914 6979
6916 6946
6916 6980
6916 6907
6918 6907
6924 6907
6929 6930
6934 6913
6934 6907
6934 6955
6934 6914
6938 6934
6941 6923
6941 6913
6941 6976
6946 6924
6949 6979
6949 6955
6951 6979
6951 6980
6953 6955
6954 6955
6961 6993
6976 6918
6976 6914
6993 6979
6993 6980
6993 6913
6993 6976
6993 6914
6994 6913
6996 6997
7005 6914
7012 6913
7012 6914
7024 6913
7026 6979
7026 6918
7045 6980
7045 6934
7047 6979
7047 6934
7047 6914
7047 6918
7047 6980
7047 6946
7049 6980
7052 6914
7052 6934
7052 6907
7052 6924
7052 6979
7054 6934
7054 6907
7055 6946
7055 6907
7055 6934
7055 6980
7056 6993
7056 6980
7057 6980
7057 6946
7057 6907
7057 6979
7057 6918
7057 6946
7057 6934
7057 6914
7063 6913
7063 6907
7080 6980
7080 6979
7084 6946
7085 6946
7086 6918
7086 6946
7086 6946
7086 6907
7092 6980
7092 6914
7099 6907
7099 6913
7099 6976
7100 6913
7100 6976
7104 6976
7104 6913
7131 6907
7132 6913
7150 6914
7153 6907
7153 6914
7183 6914
7183 6980
7188 6976
7217 6994
7225 6914
7231 6914
7231 6907
7231 6934
7231 6980
7232 6907
7233 6946
7233 6907
7234 6907
7235 6907
7236 6907
7237 6907
7238 6907
7239 6907
7241 6914
7241 6913
7241 6976
7276 6913
7277 6913
7278 6913
7279 6913
7280 6946
7280 6918
7280 6913
7293 6976
7294 6979
7294 6993
7295 6976
7301 6946
7301 6918
7343 6914
7352 6980
7378 6946
7378 6980
7378 6918
7378 6946
7391 6993
7405 6980
7405 6946
7407 6946
7415 6914
7425 6946
7471 6914
7490 6934
7490 6993
7511 6946
7564 6946
7564 6934
7578 6946
7578 6918
7580 6934
7598 6934
7614 6914
7647 6934
7659 6934
7666 6946
7666 6924
7666 6980
7675 6946
7682 6979
7682 6946
7691 6946
7697 6980
7701 6980
7719 6914
7727 6946
7733 6914
7733 6946
7733 6979
7740 6980
7741 6980
7742 6980
7743 6914
7743 6980
7744 6979
7744 6918
7744 6914
7774 6918
7808 6914
7818 6979
7818 6946
7833 6914
7873 6914
7874 6914
7891 6914
7892 6914
7893 6914
7894 6914
7900 6918
7900 6946
7901 6918
7901 6946
7902 6946
7931 6979
8012 6946
8035 6946
8077 6918
8243 6924
