11 3903
11 3970
11 3937
11 3958
11 3926
11 3967
11 3956
24 3910
24 3903
37 3976
47 3946
68 3958
71 3970
86 3970
87 3962
109 3962
113 3926
122 3970
122 3958
122 3958
122 3926
122 3903
122 3976
136 3919
147 3970
151 3970
166 3946
203 3903
306 3976
310 3967
311 3969
311 3976
313 3946
319 3958
319 3910
325 3967
351 3946
371 3967
457 3956
457 3976
457 3958
457 3910
457 3962
465 3967
465 3937
546 3946
582 3956
600 3962
663 3962
663 3910
688 3967
689 3926
697 3970
749 3970
762 3976
763 3976
766 3958
766 3969
766 3958
766 3910
766 3962
766 3956
766 3976
784 3976
788 3946
813 3976
813 3967
825 3969
825 3926
825 3970
825 3976
825 3910
827 3946
840 3962
852 3946
854 3976
856 3962
879 3976
879 3956
974 3946
986 3970
988 3937
988 3970
988 3926
988 3903
993 3926
993 3970
996 3958
1041 3956
1044 3926
1062 3956
1097 3926
1133 3958
1133 3976
1133 3956
1151 3962
1151 3903
1151 3926
1151 3937
1166 3976
1166 3976
1166 3910
1167 3976
1185 3958
1210 3976
1210 3958
1210 3926
1221 3903
1221 3956
1241 3903
1267 3970
1279 3956
1297 3946
1305 3903
1319 3967
1374 3962
1374 3958
1374 3910
1374 3973
1395 3970
1428 3970
1470 3910
1473 3903
1473 3970
1506 3976
1522 3976
1522 3956
1522 3903
1522 3937
1537 3956
1542 3976
1542 3976
1542 3967
1542 3910
1549 3903
1549 3970
1550 3903
1608 3926
1644 3976
1647 3967
1661 3962
1697 3970
1717 3976
1730 3970
1730 3976
1733 3970
1749 3926
1749 3937
1767 3926
1767 3937
1772 3970
1794 3970
1799 3969
1799 3970
1813 3956
1820 3903
1847 3910
1875 3903
1891 3976
1972 3903
1972 3970
1985 3956
2001 3910
2065 3970
2109 3926
2114 3970
2129 3903
2129 3958
2145 3903
2174 3903
2186 3969
2231 3976
2237 3903
2237 3970
2237 3956
2237 3958
2240 3976
2240 3962
2252 3970
2258 3970
2264 3926
2264 3958
2264 3937
2290 3903
2290 3970
2290 3946
2297 3946
2297 3926
2299 3903
2326 3976
2326 3903
2326 3926
2326 3970
2326 3967
2326 3937
2328 3970
2328 3903
2328 3926
2356 3937
2356 3926
2356 3903
2365 3958
2369 3976
2369 3910
2387 3958
2387 3910
2398 3903
2398 3970
2398 3937
2398 3926
2410 3962
2440 3962
2440 3976
2485 3903
2485 3970
2504 3903
2504 3926
2504 3956
2516 3976
2524 3946
2535 3976
2542 3926
2542 3946
2542 3903
2547 3976
2547 3976
2549 3937
2557 3958
2565 3956
2565 3969
2565 3910
2565 3976
2565 3962
2565 3903
2565 3937
2565 3926
2565 3958
2576 3958
2576 3956
2576 3962
2576 3958
2612 3958
2619 3962
2620 3919
2651 3956
2651 3911
2651 3926
2651 3958
2651 3910
2651 3903
2653 3970
2653 3903
2658 3976
2658 3956
2658 3969
2658 3962
2658 3958
2674 3903
2674 3970
2686 3903
2688 3926
2688 3970
2688 3903
2688 3956
2688 3976
2688 3958
2688 3910
2688 3937
2691 3976
2693 3910
2699 3910
2700 3970
2700 3903
2700 3926
2707 3973
2707 3970
2713 3903
2713 3937
2713 3970
2713 3926
2774 3976
2790 3958
2790 3970
2790 3980
2790 3967
2792 3976
2819 3903
2831 3958
2833 3969
2842 3970
2859 3937
2859 3903
2859 3976
2871 3970
2871 3903
2872 3970
2872 3967
2872 3903
2872 3926
2872 3937
2903 3956
2909 3910
2909 3976
2932 3969
2935 3958
2941 3970
2958 3903
2967 3958
2967 3956
2967 3903
2972 3919
2972 3958
2972 3903
2972 3956
2972 3926
2972 3910
2981 3910
3007 3903
3010 3903
3010 3937
3026 3903
3026 3910
3028 3903
3028 3956
3032 3937
3032 3946
3032 3958
3032 3958
3032 3910
3032 3926
3040 3970
3055 3903
3055 3967
3055 3937
3056 3958
3057 3969
3073 3969
3084 3903
3092 3910
3110 3903
3127 3903
3144 3926
3145 3958
3168 3937
3168 3956
3168 3958
3172 3903
3175 3937
3175 3970
3175 3903
3175 3926
3191 3910
3196 3937
3199 3926
3209 3976
3252 3903
3258 3903
3258 3967
3274 3962
3274 3956
3276 3967
3284 3970
3291 3970
3292 3956
3320 3946
3350 3958
3350 3903
3350 3956
3352 3976
3352 3910
3352 3970
3352 3903
3366 3937
3375 3903
3381 3969
3390 3910
3390 3958
3392 3970
3392 3910
3394 3958
3394 3926
3394 3903
3402 3958
3402 3910
3402 3946
3402 3962
3404 3903
3404 3910
3417 3910
3447 3910
3447 3958
3447 3958
3449 3958
3449 3958
3449 3910
3450 3958
3450 3956
3450 3976
3451 3958
3451 3956
3452 3910
3452 3958
3453 3956
3453 3910
3453 3958
3453 3958
3454 3958
3454 3926
3454 3922
3454 3976
3454 3937
3454 3956
3455 3958
3455 3911
3456 3910
3456 3958
3457 3970
3458 3903
3459 3910
3461 3956
3462 3956
3462 3958
3463 3958
3466 3969
3477 3937
3477 3970
3478 3958
3479 3958
3488 3967
3498 3969
3498 3910
3521 3969
3522 3910
3527 3967
3527 3946
3527 3926
3527 3937
3527 3903
3541 3937
3541 3903
3541 3926
3544 3937
3562 3970
3568 3970
3568 3910
3571 3926
3576 3970
3586 3962
3601 3958
3614 3910
3614 3958
3614 3958
3615 3937
3615 3926
3615 3903
3615 3969
3615 3910
3615 3956
3615 3970
3622 3903
3631 3937
3631 3910
3633 3926
3634 3976
3635 3970
3636 3937
3636 3926
3637 3910
3641 3946
3641 3969
3642 3937
3642 3969
3643 3956
3643 3970
3645 3970
3647 3926
3647 3937
3647 3903
3660 3967
3661 3926
3661 3937
3661 3903
3666 3958
3666 3958
3666 3976
3666 3910
3666 3946
3666 3976
3667 3971
3682 3970
3691 3969
3724 3926
3724 3937
3728 3976
3728 3946
3742 3976
3752 3962
3762 3912
3775 3970
3786 3910
3786 3958
3787 3976
3787 3910
3787 3958
3796 3976
3798 3969
3799 3903
3802 3937
3812 3976
3813 3962
3814 3967
3815 3922
3835 3970
3842 3970
3842 3937
3842 3926
3854 3958
3900 3903
3901 3903
3902 3903
3902 3956
3912 3937
3935 3937
3936 3937
3945 3946
3948 3970
3949 3970
3949 3980
3949 3967
3956 3976
3961 3970
3965 3976
3965 3969
3966 3967
3968 3970
3969 3970
3969 3910
3982 3910
4001 3976
4036 3958
4036 3969
4040 3976
4040 3910
4044 3976
4045 3958
4045 3956
4045 3919
4065 3958
4065 3956
4071 3910
4077 3910
4099 3910
4099 3958
4127 3976
4133 3956
4136 3976
4138 3958
4219 3958
4219 3976
4219 3956
4220 3976
4222 3962
4276 3910
4276 3958
4310 3976
4347 3962
4353 3910
4355 3910
4377 3958
4430 3958
4433 3956
4436 3958
4440 3956
4440 3958
4441 3958
4441 3958
4441 3956
4448 3910
4483 3962
4536 3922
4547 3958
4547 3956
4550 3910
4564 3956
4574 3919
4588 3958
4591 3910
4598 3956
4599 3956
4607 3958
4630 3976
4632 3910
4632 3958
4653 3910
4666 3958
4673 3919
4686 3976
4710 3910
4712 3910
4718 3910
4726 3910
4748 3910
4756 3958
4756 3976
4792 3962
4795 3922
4824 3958
4828 3976
4829 3962
4829 3910
4899 3910
4926 3962
4927 3976
4943 3962
4948 3910
4948 3976
4964 3910
4967 3910
4967 3958
4976 3976
4981 3962
5020 3910
5022 3922
5022 3919
5028 3962
5029 3910
5053 3969
5079 3976
5079 3919
5110 3910
5110 3976
5123 3910
5139 3976
5140 3910
5166 3962
5173 3969
5173 3962
5176 3958
5177 3919
5177 3976
5179 3969
5179 3958
5179 3919
5181 3919
5184 3910
5185 3919
5189 3962
5189 3958
5189 3910
5193 3919
5246 3910
5263 3922
5286 3910
5296 3910
5333 3910
5356 3910
5357 3910
5358 3910
5427 3976
5445 3969
5454 3958
5472 3962
5524 3919
5524 3962
5531 3969
5534 3976
5543 3962
5612 3958
5617 3976
5647 3976
5675 3958
5686 3962
5691 3922
5697 3919
5697 3976
5739 3976
5739 3919
5800 3962
5802 3962
5802 3969
5814 3962
5817 3976
5822 3919
5822 3962
5862 3976
5871 3976
5896 3922
5913 3976
5914 3976
5998 3962
6006 3962
6043 3962
6064 3919
6068 3962
6174 3962
6217 3919
6218 3962
6221 3962
6241 3962
6241 3969
6305 3919
6320 3969
6346 3919
6421 3919
6460 3962
6486 3919
6523 3962
6563 3962
6596 3962
6624 3962
6624 3969
6630 3919
6657 3962
6907 3969
6907 3962
6914 3962
6918 3962
6941 3969
6975 3962
6993 3962
7005 3962
7047 3962
7052 3969
7052 3962
7055 3969
7057 3962
7057 3969
7080 3962
7092 3962
7092 3969
7131 3962
7164 3962
7227 3962
7231 3962
7239 3969
7262 3969
7280 3962
7294 3962
7335 3962
7378 3962
7387 3962
7390 3962
7405 3962
7443 3962
7449 3962
7578 3962
7598 3962
7614 3962
7659 3962
7691 3962
7697 3962
7727 3962
7733 3962
7744 3962
7768 3962
7769 3962
7808 3962
7882 3962
7910 3962
7915 3962
7916 3962
