24 6097
36 6006
36 6044
58 6044
68 6097
68 6098
72 6004
87 6006
103 6097
109 6006
109 6043
109 6001
109 6097
136 6006
166 6004
166 6044
173 6098
173 6006
173 6043
178 6006
178 6098
306 6029
311 6097
319 6097
319 6006
339 6043
398 6001
457 6094
457 6044
457 6004
457 6006
457 6097
457 6032
457 6001
580 6043
580 6032
667 6006
737 6097
737 6032
737 6001
766 6001
766 6043
766 6006
766 6098
766 6044
766 6032
766 6029
813 6098
838 6004
850 6006
988 6044
1009 6029
1010 6029
1063 6006
1098 6032
1098 6004
1098 6097
1098 6043
1133 6029
1133 6004
1133 6098
1151 6006
1151 6032
1151 6043
1164 6006
1166 6000
1166 6006
1166 6098
1184 6098
1210 6004
1286 6032
1374 6043
1374 6004
1374 6032
1374 6044
1470 6006
1542 6097
1542 6096
1542 6098
1542 6029
1549 6097
1701 6098
1737 6098
1748 6006
1762 6004
1799 6044
1814 6001
1835 6000
1896 6001
1972 6006
2001 6029
2003 6044
2003 6097
2145 6006
2145 6096
2186 6006
2186 6098
2256 6029
2264 6029
2276 6004
2299 6032
2369 6044
2369 6001
2375 6004
2376 6006
2384 6029
2485 6043
2485 6032
2504 6006
2508 6004
2547 6098
2552 6094
2560 6043
2565 6097
2565 6032
2565 6044
2565 6004
2565 6000
2565 6043
2576 6044
2576 6029
2595 6006
2605 6006
2613 6098
2621 6023
2655 6006
2658 6032
2658 6044
2658 6043
2667 6006
2667 6029
2667 6098
2677 6097
2688 6029
2693 6004
2744 6094
2744 6021
2744 6006
2774 6006
2851 6006
2908 6004
2940 6004
2940 6000
2972 6097
3027 6044
3028 6098
3032 6001
3084 6043
3258 6097
3274 6043
3297 6032
3310 6043
3315 6001
3348 6006
3381 6097
3381 6000
3393 6044
3402 6032
3404 6029
3447 6044
3447 6097
3449 6006
3449 6029
3449 6098
3452 6006
3453 6006
3456 6098
3457 6004
3459 6029
3478 6006
3479 6098
3498 6098
3571 6044
3586 6032
3586 6044
3586 6043
3614 6006
3641 6098
3642 6029
3642 6098
3642 6006
3642 6004
3642 6001
3643 6029
3666 6098
3691 6032
3787 6044
3830 6098
3854 6098
3965 6044
3965 6006
3965 6043
3976 6097
3976 6098
3982 6097
4036 6044
4040 6043
4041 6098
4045 6006
4045 6098
4045 6029
4045 6097
4063 6098
4065 6004
4065 6097
4073 6098
4099 6006
4144 6006
4175 6006
4187 6006
4221 6001
4221 6032
4310 6044
4310 6097
4310 6001
4310 6043
4310 6032
4310 6098
4310 6006
4343 6006
4347 6032
4409 6043
4437 6097
4441 6098
4441 6006
4441 6043
4441 6032
4524 6000
4542 6006
4550 6029
4557 6029
4574 6044
4632 6006
4632 6043
4632 6097
4673 6006
4712 6006
4764 6043
4764 6006
4767 6006
4788 6032
4792 6044
4792 6032
4795 6032
4813 6006
4824 6098
4824 6006
4828 6001
4828 6098
4828 6044
4828 6004
4894 6029
4899 6098
4899 6029
4899 6004
4899 6006
4948 6044
4960 6006
4967 6029
4967 6001
4967 6006
4967 6098
4967 6097
4970 6098
4994 6043
5015 6044
5020 6094
5022 6023
5022 6001
5022 6006
5022 6094
5028 6023
5028 6006
5038 6004
5053 6043
5059 6097
5079 6006
5079 6098
5096 6044
5102 6029
5103 6006
5103 6097
5103 6032
5171 6098
5172 6006
5173 6000
5176 6029
5177 6023
5177 6006
5177 6094
5178 6098
5179 6029
5179 6001
5179 6098
5179 6023
5185 6004
5185 6001
5185 6006
5188 6097
5188 6001
5188 6004
5189 6006
5189 6094
5189 6044
5189 6098
5189 6023
5189 6004
5197 6004
5233 6004
5233 6044
5246 6029
5262 6098
5276 6044
5289 6004
5301 6098
5301 6094
5342 6043
5378 6044
5399 6029
5404 6023
5423 6000
5423 6006
5427 6023
5437 6029
5437 6098
5439 6001
5439 6097
5439 6006
5457 6098
5484 6044
5485 6044
5524 6044
5524 6043
5524 6097
5524 6004
5524 6006
5524 6032
5524 6098
5524 6001
5529 6044
5531 6001
5531 6006
5531 6098
5531 6004
5531 6000
5531 6041
5532 6004
5543 6029
5543 6001
5543 6098
5550 6044
5553 6006
5582 6006
5582 6004
5582 6097
5591 6023
5600 6029
5612 6006
5612 6098
5624 6098
5624 6044
5655 6032
5658 6029
5666 6004
5696 6004
5697 6006
5697 6001
5772 6004
5773 6097
5773 6000
5787 6098
5788 6023
5796 6098
5796 6001
5796 6032
5796 6006
5799 6006
5800 6097
5800 6043
5800 6032
5800 6000
5800 6001
5802 6032
5802 6006
5802 6043
5804 6006
5806 6006
5807 6001
5809 6094
5810 6006
5811 6001
5812 6023
5812 6001
5814 6032
5816 6006
5818 6004
5819 6004
5819 6098
5821 6006
5822 6097
5822 6044
5822 6043
5822 6006
5824 6004
5824 6001
5834 6094
5834 6029
5857 6098
5915 6043
5920 6044
5940 6006
5940 6098
5945 6098
5950 6004
5998 6097
5998 6006
5999 6044
6009 6009
6020 6021
6023 6006
6032 6097
6032 6006
6038 6029
6039 6029
6046 6044
6056 6059
6057 6059
6058 6059
6059 6059
6062 6098
6068 6094
6068 6098
6070 6098
6072 6004
6072 6044
6077 6078
6081 6083
6094 6098
6097 6098
6097 6006
6126 6006
6126 6004
6126 6094
6128 6094
6146 6006
6156 6006
6182 6006
6218 6032
6218 6006
6218 6043
6220 6006
6223 6006
6241 6097
6243 6000
6263 6023
6270 6097
6270 6006
6270 6001
6272 6047
6272 6000
6272 6043
6272 6097
6274 6032
6274 6044
6299 6006
6299 6097
6305 6006
6305 6044
6305 6032
6305 6004
6313 6004
6320 6006
6327 6001
6327 6097
6327 6006
6334 6006
6346 6004
6347 6006
6359 6001
6359 6097
6394 6006
6421 6001
6442 6006
6443 6006
6444 6006
6445 6006
6446 6006
6447 6006
6458 6000
6458 6004
6460 6032
6479 6004
6479 6000
6486 6097
6494 6032
6501 6004
6502 6044
6510 6000
6518 6097
6518 6032
6522 6004
6525 6004
6555 6004
6563 6097
6596 6032
6607 6047
6615 6097
6615 6004
6615 6001
6618 6000
6618 6001
6618 6097
6619 6097
6620 6097
6624 6044
6624 6032
6624 6043
6714 6097
6714 6000
6719 6004
6726 6004
6736 6001
6747 6001
6767 6004
6772 6032
6779 6004
6780 6004
6781 6004
6782 6004
6783 6004
6784 6004
6784 6000
6795 6044
6809 6001
6867 6001
6875 6032
6883 6001
6884 6001
6885 6001
6886 6001
6886 6097
6895 6032
6895 6097
6907 6044
6907 6000
6907 6043
6916 6000
6924 6044
6934 6097
6934 6000
6945 6000
6946 6032
6976 6097
6976 6043
6993 6032
6993 6043
6993 6000
7005 6032
7005 6043
7012 6043
7038 6097
7047 6043
7047 6032
7047 6044
7052 6032
7052 6097
7057 6043
7057 6032
7057 6044
7057 6000
7064 6097
7086 6044
7086 6000
7092 6043
7092 6044
7092 6032
7092 6000
7131 6032
7132 6043
7225 6032
7231 6000
7231 6043
7239 6000
7241 6032
7280 6044
7280 6032
7280 6043
7294 6032
7378 6044
7391 6032
7400 6032
7443 6043
7485 6000
7486 6000
7487 6000
7511 6043
7544 6032
7564 6044
7598 6043
7614 6032
7649 6044
7691 6032
7727 6032
7733 6032
7755 6043
7769 6032
7774 6044
7792 6032
7812 6043
7829 6044
7865 6044
7901 6044
7910 6044
7929 6044
8009 6044
8010 6044
8011 6044
8012 6044
8013 6044
