6 421
6 440
6 447
6 432
6 439
6 422
6 427
6 415
6 405
6 435
6 406
6 431
6 433
6 402
8 422
8 402
8 432
8 406
8 488
8 440
8 421
8 428
8 405
8 433
8 431
8 427
8 439
9 431
9 402
9 427
9 440
9 421
9 439
9 422
10 432
10 405
11 406
11 407
11 429
11 431
11 488
11 440
11 407
11 465
11 432
11 415
11 439
11 432
12 432
12 427
12 432
12 428
14 427
14 440
14 422
14 402
14 421
15 417
18 429
20 429
20 447
20 465
20 425
20 427
20 402
21 422
21 447
21 439
21 429
21 433
21 465
21 488
24 407
24 415
24 407
24 407
24 465
25 439
25 488
25 422
25 407
25 407
26 427
26 415
26 431
26 419
26 422
26 433
26 421
27 433
27 402
27 427
27 422
28 428
28 405
28 402
28 415
28 439
28 488
28 406
29 407
29 439
29 406
29 402
29 415
29 435
31 405
33 440
33 402
35 422
35 402
35 415
36 431
36 465
36 439
36 417
36 402
36 427
38 415
39 407
39 415
41 422
41 402
42 407
42 407
42 415
44 465
46 407
46 402
46 431
46 428
47 427
47 415
47 415
47 447
47 428
47 431
47 405
48 421
55 439
55 447
55 407
55 488
55 402
56 415
57 415
59 431
59 421
59 407
59 417
59 425
62 415
66 402
67 405
68 465
71 447
71 402
71 427
71 439
72 440
72 432
72 431
72 422
72 427
72 407
72 432
74 447
74 488
78 421
78 422
78 428
78 419
78 431
78 433
80 402
80 439
80 433
86 407
86 447
86 405
86 407
86 415
86 407
86 439
86 428
87 407
87 439
90 439
90 417
101 405
104 477
107 477
109 415
110 429
110 488
113 439
122 465
122 403
125 488
126 447
126 439
127 431
127 417
127 402
129 427
130 439
132 428
133 402
135 402
136 431
136 440
138 439
138 440
138 488
139 440
139 439
140 435
140 428
140 415
140 402
140 431
142 402
143 402
143 432
150 407
150 431
150 407
151 402
154 407
154 407
154 415
154 407
154 405
154 402
154 439
166 439
166 417
166 465
171 432
173 447
173 432
173 415
176 432
177 427
178 429
178 405
179 407
180 402
182 427
192 432
192 406
193 402
193 439
193 417
193 465
202 427
203 407
204 439
221 402
223 422
223 427
224 402
224 407
226 439
228 415
231 402
231 439
232 402
236 428
236 406
237 465
242 407
247 422
247 421
247 428
251 432
255 432
255 439
255 405
259 432
261 405
265 447
266 429
269 440
269 429
269 439
275 405
275 417
280 407
280 422
280 447
280 433
280 407
280 488
280 415
280 421
280 431
282 428
282 440
296 415
306 429
306 415
306 439
306 406
308 417
308 425
308 439
308 465
308 447
310 407
310 429
310 488
310 432
310 407
310 432
310 447
310 439
310 407
311 488
311 407
311 407
311 439
311 447
311 465
311 432
312 406
312 488
312 432
312 439
312 447
312 429
312 407
315 488
315 407
317 429
317 439
317 488
317 447
317 432
319 429
319 439
319 407
319 407
319 403
319 405
321 439
321 488
325 428
326 488
326 407
336 439
336 465
339 439
339 402
340 440
340 439
341 431
346 403
347 407
348 439
351 439
371 439
371 432
371 447
371 432
374 419
397 402
398 402
399 402
400 402
401 402
403 402
403 425
404 403
404 402
405 402
406 402
406 440
407 415
407 402
407 429
408 402
409 402
410 407
410 431
410 433
410 402
411 402
412 403
413 402
414 415
415 405
417 422
417 435
417 431
417 433
423 427
424 428
424 427
425 427
426 440
426 431
426 433
426 427
430 431
432 429
432 407
432 403
432 433
434 435
447 417
476 477
502 417
521 407
546 417
546 415
556 407
556 405
556 439
556 432
560 440
586 439
586 403
590 429
600 488
600 407
600 439
615 432
618 407
626 432
626 439
633 439
633 407
635 432
639 439
644 439
644 415
644 425
645 407
645 407
649 407
650 488
650 429
659 417
659 439
663 439
673 407
679 407
689 439
691 429
695 439
699 407
699 407
699 407
701 432
706 407
706 407
707 432
708 407
708 447
710 417
713 432
722 447
722 439
722 429
722 407
730 439
733 439
736 439
738 439
742 447
749 407
759 429
759 432
766 403
769 432
769 447
780 407
781 407
782 407
783 407
784 407
784 407
784 417
784 425
784 407
785 407
788 439
788 447
788 417
788 415
789 407
789 447
794 407
795 447
802 432
804 403
813 407
813 439
813 432
816 488
823 439
825 465
826 403
826 425
826 415
826 407
832 407
836 429
838 417
844 432
852 417
853 488
865 407
872 465
879 432
896 439
899 403
900 407
904 407
904 407
908 439
909 439
910 439
911 439
911 447
912 439
913 439
914 407
914 439
920 407
920 407
922 415
941 417
946 403
949 425
956 417
974 417
978 415
988 465
993 403
993 415
996 425
996 403
999 432
1000 403
1006 432
1011 447
1024 425
1034 417
1037 417
1037 415
1039 407
1046 432
1055 417
1055 432
1062 403
1062 432
1075 407
1075 432
1097 417
1111 432
1127 465
1129 415
1132 425
1135 407
1135 407
1137 432
1142 425
1142 417
1148 407
1151 465
1151 415
1151 403
1160 432
1164 407
1166 403
1169 407
1183 425
1184 403
1190 417
1200 403
1204 432
1210 403
1236 407
1236 425
1247 425
1261 407
1292 432
1297 465
1297 417
1305 403
1305 425
1319 415
1319 417
1319 407
1320 417
1350 407
1350 415
1357 403
1357 425
1357 417
1358 407
1365 432
1367 432
1368 407
1374 425
1377 407
1390 417
1395 403
1395 407
1428 415
1441 407
1463 403
1466 407
1471 425
1473 403
1473 425
1482 415
1487 407
1496 417
1521 403
1522 415
1522 465
1538 415
1549 407
1549 465
1549 417
1552 407
1555 415
1555 407
1583 465
1585 425
1585 415
1592 425
1608 415
1608 407
1608 403
1615 415
1622 415
1623 407
1647 417
1661 415
1684 403
1691 425
1700 415
1705 403
1717 415
1730 425
1734 465
1767 407
1769 415
1769 403
1808 465
1813 465
1820 425
1836 407
1857 407
1885 407
1891 415
1892 407
1896 403
1919 415
1919 403
1919 407
1922 465
1943 407
1944 407
1945 407
1972 465
1972 417
1991 425
1991 403
1997 415
2001 415
2005 415
2016 417
2065 465
2118 417
2133 403
2230 417
2237 465
2256 403
2256 425
2274 425
2297 417
2297 465
2297 425
2323 417
2326 417
2328 465
2328 403
2356 465
2398 465
2411 465
2411 417
2440 465
2473 403
2474 425
2474 403
2474 417
2485 465
2510 403
2542 417
2542 403
2557 403
2559 403
2565 417
2565 465
2565 425
2565 403
2594 465
2594 417
2599 417
2605 403
2623 403
2646 425
2651 465
2651 403
2651 417
2653 417
2658 417
2659 417
2660 417
2686 417
2686 465
2688 417
2688 465
2694 417
2700 465
2713 465
2713 417
2740 403
2768 425
2788 403
2790 417
2790 465
2791 425
2792 403
2822 403
2831 425
2871 465
2872 465
2913 417
2925 425
2935 425
2967 417
2968 465
3005 417
3007 465
3009 417
3010 465
3028 417
3028 465
3055 465
3084 465
3127 465
3172 465
3189 417
3291 465
3325 417
3333 417
3352 417
3352 465
3379 417
3391 417
3394 465
3404 465
3439 417
3488 465
3527 465
3536 417
3550 417
3551 417
3552 417
3553 417
3555 465
3562 465
3614 465
3615 465
3622 465
3630 465
3641 465
3642 465
3647 465
3659 465
3709 465
3724 465
3798 465
3799 465
3802 465
3806 465
3815 465
3909 465
3910 465
3911 465
3912 465
