11 4417
11 4422
11 4485
11 4424
11 4463
27 4400
27 4448
36 4483
68 4485
68 4453
87 4453
87 4400
109 4401
109 4483
110 4435
122 4422
122 4400
122 4453
122 4417
127 4424
136 4412
166 4463
178 4483
270 4432
291 4466
310 4482
310 4471
311 4435
371 4424
432 4400
449 4400
457 4441
457 4483
457 4400
457 4401
457 4412
457 4448
457 4488
457 4482
546 4424
546 4463
634 4400
663 4485
663 4424
663 4400
667 4463
737 4401
737 4432
742 4424
749 4400
766 4485
766 4435
766 4453
766 4463
766 4400
766 4422
766 4482
766 4448
766 4488
784 4424
789 4400
789 4448
789 4482
798 4417
798 4424
813 4402
816 4463
825 4463
825 4417
879 4485
879 4463
879 4448
947 4400
988 4401
988 4432
993 4424
996 4448
996 4400
996 4424
1006 4422
1041 4453
1043 4424
1051 4453
1075 4448
1098 4483
1098 4401
1111 4400
1128 4424
1132 4424
1133 4422
1133 4400
1133 4424
1133 4485
1133 4463
1133 4417
1133 4482
1133 4448
1142 4400
1151 4422
1151 4435
1166 4483
1179 4463
1193 4463
1210 4424
1210 4400
1228 4463
1236 4463
1285 4463
1286 4432
1374 4448
1374 4435
1375 4480
1468 4424
1470 4400
1492 4422
1496 4400
1496 4463
1522 4400
1522 4424
1542 4485
1542 4483
1542 4422
1542 4448
1549 4400
1549 4463
1661 4482
1691 4435
1701 4483
1717 4453
1748 4463
1748 4424
1762 4412
1762 4441
1767 4453
1796 4483
1814 4422
1835 4424
1847 4400
1972 4448
1985 4485
2001 4448
2047 4463
2109 4463
2109 4424
2118 4448
2118 4463
2118 4400
2129 4424
2129 4463
2135 4463
2135 4448
2145 4485
2145 4424
2145 4400
2223 4401
2237 4422
2237 4453
2237 4424
2237 4448
2237 4485
2237 4463
2237 4417
2240 4471
2256 4400
2264 4417
2276 4400
2297 4400
2298 4417
2298 4424
2299 4448
2323 4400
2326 4402
2326 4424
2326 4417
2326 4480
2326 4468
2328 4483
2364 4424
2369 4432
2369 4448
2379 4480
2387 4448
2387 4400
2410 4400
2411 4412
2440 4400
2452 4401
2485 4432
2485 4485
2504 4485
2504 4400
2535 4480
2542 4463
2547 4453
2549 4482
2559 4453
2565 4453
2565 4435
2565 4401
2565 4463
2565 4488
2565 4448
2565 4485
2565 4482
2565 4400
2565 4424
2565 4417
2565 4422
2565 4432
2585 4448
2599 4400
2605 4483
2609 4482
2646 4422
2651 4424
2651 4485
2651 4448
2651 4400
2651 4422
2651 4463
2658 4417
2658 4471
2658 4463
2658 4424
2658 4482
2658 4401
2658 4435
2660 4424
2660 4485
2660 4463
2667 4483
2686 4483
2688 4488
2688 4485
2688 4463
2688 4400
2688 4448
2688 4417
2688 4453
2688 4424
2688 4482
2689 4435
2693 4448
2707 4417
2707 4422
2707 4463
2713 4417
2713 4422
2713 4463
2713 4424
2713 4485
2727 4400
2747 4485
2790 4400
2790 4448
2832 4424
2832 4485
2832 4422
2842 4485
2851 4432
2859 4402
2859 4468
2859 4412
2859 4463
2871 4482
2871 4400
2883 4448
2912 4463
2932 4463
2935 4466
2940 4485
2951 4463
2958 4400
2964 4424
2967 4453
2967 4422
2967 4485
2972 4485
2972 4448
2972 4482
2972 4400
2972 4453
2972 4422
2983 4432
2988 4483
2988 4488
3009 4400
3009 4422
3010 4400
3026 4453
3026 4448
3028 4485
3032 4432
3032 4417
3032 4424
3032 4483
3032 4453
3032 4463
3034 4463
3041 4483
3088 4432
3092 4448
3092 4400
3103 4485
3108 4485
3109 4400
3142 4432
3168 4463
3168 4424
3188 4424
3191 4400
3209 4482
3258 4453
3258 4463
3258 4424
3274 4483
3274 4485
3274 4448
3291 4424
3297 4401
3350 4448
3350 4485
3352 4482
3352 4400
3352 4422
3352 4485
3352 4417
3352 4448
3366 4448
3378 4463
3381 4488
3394 4402
3394 4424
3394 4400
3402 4463
3402 4400
3404 4448
3404 4482
3417 4448
3445 4422
3447 4483
3447 4448
3447 4400
3449 4485
3449 4422
3449 4482
3449 4463
3449 4466
3449 4448
3449 4483
3449 4453
3449 4400
3451 4422
3452 4424
3452 4400
3453 4463
3453 4417
3453 4485
3453 4400
3453 4482
3453 4448
3453 4488
3454 4463
3454 4485
3454 4412
3456 4483
3456 4402
3456 4417
3456 4453
3456 4463
3456 4424
3456 4422
3456 4448
3456 4485
3456 4400
3457 4422
3457 4417
3458 4483
3459 4448
3459 4400
3460 4463
3463 4485
3463 4466
3469 4485
3479 4422
3479 4483
3479 4485
3496 4485
3519 4400
3519 4448
3521 4453
3521 4485
3521 4482
3541 4424
3541 4417
3560 4402
3560 4463
3560 4485
3568 4448
3568 4417
3568 4483
3571 4463
3586 4435
3586 4483
3586 4401
3601 4400
3614 4483
3614 4400
3614 4448
3614 4482
3614 4422
3615 4485
3615 4463
3615 4417
3615 4422
3624 4448
3624 4485
3624 4422
3631 4424
3634 4448
3635 4453
3641 4400
3641 4488
3642 4488
3642 4483
3645 4463
3645 4417
3645 4422
3658 4448
3659 4417
3659 4424
3660 4422
3660 4463
3660 4485
3666 4422
3666 4448
3691 4424
3691 4448
3724 4424
3724 4422
3724 4463
3724 4412
3724 4485
3728 4400
3728 4417
3728 4463
3731 4480
3731 4453
3762 4453
3777 4424
3777 4417
3777 4413
3787 4400
3787 4483
3796 4482
3798 4485
3806 4417
3806 4463
3812 4448
3813 4463
3813 4424
3843 4448
3854 4485
3897 4485
3917 4485
3917 4422
3956 4463
3958 4485
3960 4453
3969 4485
3992 4463
3995 4448
3995 4482
4008 4448
4036 4488
4040 4400
4044 4485
4045 4417
4045 4463
4045 4485
4056 4453
4056 4424
4056 4463
4065 4463
4065 4485
4065 4424
4065 4417
4065 4422
4066 4480
4068 4448
4070 4422
4070 4482
4070 4448
4070 4400
4070 4463
4070 4424
4071 4483
4073 4448
4073 4400
4074 4424
4074 4402
4074 4417
4077 4400
4077 4448
4098 4485
4099 4483
4111 4422
4111 4424
4127 4463
4127 4424
4127 4402
4137 4402
4138 4422
4138 4424
4138 4453
4138 4463
4138 4417
4138 4485
4142 4424
4142 4422
4147 4463
4151 4422
4151 4400
4151 4463
4152 4485
4191 4400
4194 4485
4199 4463
4211 4417
4212 4483
4212 4448
4214 4422
4214 4424
4219 4401
4219 4400
4221 4483
4222 4463
4232 4485
4276 4400
4297 4400
4310 4400
4310 4448
4310 4483
4317 4402
4320 4417
4322 4402
4324 4402
4325 4424
4329 4463
4335 4485
4335 4448
4347 4435
4353 4448
4353 4400
4355 4448
4355 4400
4355 4483
4363 4463
4363 4453
4364 4432
4364 4400
4383 4401
4393 4402
4394 4402
4395 4402
4396 4402
4397 4402
4398 4402
4398 4401
4398 4400
4412 4417
4414 4417
4415 4417
4416 4417
4429 4485
4438 4400
4441 4483
4441 4448
4441 4400
4441 4482
4441 4435
4441 4401
4448 4400
4449 4453
4450 4453
4458 4463
4459 4463
4460 4463
4461 4463
4462 4463
4464 4422
4465 4422
4468 4448
4470 4471
4473 4480
4474 4480
4475 4480
4482 4485
4483 4485
4488 4400
4550 4448
4550 4400
4564 4448
4566 4400
4576 4448
4587 4448
4587 4483
4598 4401
4600 4400
4632 4482
4632 4435
4632 4483
4653 4482
4653 4448
4653 4400
4673 4483
4712 4483
4715 4400
4717 4483
4717 4448
4718 4482
4726 4448
4748 4468
4764 4488
4792 4400
4795 4432
4795 4401
4828 4482
4828 4448
4828 4488
4829 4400
4829 4482
4829 4448
4846 4400
4846 4448
4894 4483
4894 4448
4899 4483
4899 4400
4899 4448
4899 4482
4948 4448
4948 4401
4948 4435
4948 4482
4948 4400
4948 4432
4964 4448
4967 4483
4967 4488
4967 4400
4967 4448
4967 4482
4970 4482
4976 4482
5002 4483
5002 4448
5002 4400
5013 4448
5020 4400
5020 4482
5022 4488
5029 4400
5048 4488
5079 4401
5079 4468
5079 4400
5079 4448
5079 4483
5103 4483
5103 4401
5103 4435
5106 4400
5110 4483
5110 4400
5110 4448
5125 4483
5140 4448
5140 4482
5142 4448
5150 4400
5155 4448
5155 4482
5155 4468
5155 4400
5171 4483
5173 4432
5176 4400
5177 4483
5179 4483
5184 4400
5184 4482
5184 4448
5185 4483
5185 4488
5188 4488
5188 4483
5189 4448
5189 4483
5189 4400
5190 4448
5190 4400
5194 4483
5199 4483
5200 4448
5200 4432
5203 4400
5217 4448
5243 4400
5246 4400
5255 4448
5263 4448
5282 4400
5285 4448
5295 4400
5296 4400
5301 4483
5313 4448
5314 4448
5315 4448
5316 4448
5317 4448
5378 4401
5380 4400
5381 4400
5382 4400
5384 4400
5385 4400
5386 4400
5387 4400
5423 4483
5439 4488
5487 4435
5524 4488
5524 4432
5524 4483
5524 4435
5531 4412
5531 4488
5543 4488
5543 4483
5684 4483
5691 4483
5697 4483
5697 4401
5697 4488
5697 4412
5708 4483
5775 4435
5796 4483
5796 4488
5802 4483
5802 4435
5802 4401
5802 4488
5804 4483
5811 4488
5811 4412
5814 4401
5814 4432
5817 4483
5818 4432
5818 4483
5818 4401
5818 4488
5823 4412
5857 4432
5859 4401
5915 4435
5920 4435
5922 4432
5961 4483
5969 4435
5981 4483
6006 4483
6020 4435
6032 4432
6047 4488
6123 4488
6212 4435
6218 4401
6243 4483
6286 4483
6323 4483
6325 4483
6326 4483
6359 4488
6380 4401
6383 4483
6458 4488
6522 4488
6560 4435
6560 4401
6596 4432
6596 4401
6596 4435
6615 4488
6624 4435
6649 4488
6736 4488
6736 4401
6766 4401
6772 4488
6867 4488
6875 4432
6907 4432
6907 4401
6918 4435
6951 4401
6951 4432
6993 4435
7047 4401
7047 4435
7047 4432
7049 4435
7052 4435
7053 4401
7057 4401
7086 4401
7086 4432
7198 4401
7231 4435
7238 4432
7241 4432
7280 4432
7280 4401
7376 4435
7386 4401
7391 4401
7578 4435
7685 4401
7733 4401
7733 4432
7744 4401
7744 4432
7766 4435
7772 4432
7835 4435
7856 4435
7856 4432
7884 4401
7901 4401
7901 4432
7902 4432
8005 4401
8046 4432
8046 4401
8047 4432
8047 4401
8050 4432
8085 4401
8085 4432
8107 4432
8211 4401
8211 4432
8222 4401
8227 4401
8241 4432
8242 4432
8243 4432
