6 2909
11 2923
11 2981
11 2900
11 2958
11 2932
24 2999
24 2922
24 2963
24 2955
27 2917
47 2955
59 2977
59 2922
59 2979
59 2966
59 2972
59 2946
59 2955
59 2963
68 2973
83 2963
87 2925
89 2991
103 2922
122 2979
122 2963
122 2932
122 2966
122 2900
122 2981
122 2958
122 2955
122 2968
127 2963
127 2977
127 2999
128 2966
128 2912
147 2955
157 2979
172 2958
172 2973
172 2966
172 2951
266 2955
275 2999
275 2972
291 2958
306 2932
306 2973
310 2955
311 2968
311 2963
311 2973
311 2918
311 2918
311 2940
311 2999
311 2981
315 2963
319 2925
325 2909
328 2999
346 2922
346 2912
346 2999
346 2923
395 2963
403 2966
403 2922
405 2973
407 2977
425 2951
425 2963
432 2963
432 2932
432 2958
457 2900
457 2932
457 2973
457 2999
457 2958
587 2922
634 2955
644 2922
650 2972
650 2977
650 2955
650 2951
665 2958
667 2958
698 2966
704 2912
722 2968
722 2940
737 2940
742 2940
749 2951
763 2966
763 2977
766 2932
766 2922
766 2912
766 2951
766 2963
766 2972
766 2955
766 2973
766 2999
766 2940
766 2981
766 2958
766 2968
766 2909
766 2925
769 2963
784 2958
784 2973
784 2900
784 2963
784 2951
789 2909
795 2981
813 2955
813 2973
813 2963
813 2981
813 2958
813 2999
813 2932
813 2925
813 2968
825 2917
825 2958
825 2940
826 2966
826 2979
826 2999
826 2968
826 2922
826 2912
826 2977
826 2972
826 2946
826 2955
841 2968
854 2966
854 2963
856 2973
856 2951
879 2973
922 2923
937 2955
937 2968
982 2912
982 2951
988 2951
988 2923
988 2912
988 2972
988 2958
988 2973
988 2999
993 2972
996 2963
996 2968
996 2951
1006 2912
1024 2977
1032 2912
1032 2909
1035 2963
1037 2966
1042 2963
1042 2951
1051 2963
1055 2963
1055 2902
1062 2968
1062 2932
1097 2972
1097 2958
1098 2963
1098 2973
1098 2940
1098 2968
1111 2925
1127 2963
1128 2968
1132 2946
1133 2958
1133 2981
1133 2909
1133 2968
1133 2925
1133 2932
1135 2922
1135 2955
1137 2958
1143 2963
1151 2963
1151 2940
1151 2999
1166 2951
1166 2958
1166 2940
1166 2973
1166 2968
1166 2912
1169 2951
1183 2922
1183 2955
1184 2922
1184 2963
1200 2912
1200 2918
1200 2918
1200 2951
1200 2922
1202 2968
1204 2951
1211 2922
1211 2923
1221 2922
1228 2940
1236 2999
1236 2981
1267 2955
1267 2963
1267 2968
1267 2999
1279 2973
1279 2963
1284 2955
1285 2955
1286 2955
1291 2972
1291 2999
1297 2966
1305 2972
1305 2955
1305 2958
1305 2968
1305 2981
1305 2993
1305 2951
1305 2999
1305 2977
1305 2973
1305 2912
1305 2963
1305 2966
1306 2922
1319 2958
1319 2900
1322 2922
1357 2968
1367 2973
1374 2955
1374 2912
1374 2963
1374 2909
1374 2966
1374 2977
1374 2922
1374 2928
1381 2966
1383 2963
1385 2999
1395 2955
1395 2963
1428 2958
1428 2973
1428 2932
1463 2963
1487 2912
1492 2912
1492 2958
1492 2981
1496 2981
1501 2951
1506 2912
1521 2958
1522 2981
1522 2973
1522 2999
1537 2963
1542 2940
1542 2909
1542 2973
1549 2958
1549 2900
1549 2972
1549 2981
1549 2955
1549 2973
1549 2922
1549 2966
1549 2968
1549 2932
1549 2963
1549 2999
1566 2946
1583 2955
1583 2900
1583 2968
1583 2991
1592 2963
1594 2922
1594 2968
1596 2958
1604 2917
1608 2972
1608 2999
1608 2981
1608 2951
1622 2958
1623 2966
1639 2955
1661 2940
1661 2912
1688 2955
1691 2922
1691 2909
1701 2973
1701 2981
1705 2946
1705 2922
1705 2972
1705 2968
1705 2963
1705 2955
1705 2999
1706 2955
1707 2955
1717 2999
1732 2955
1734 2912
1749 2951
1749 2912
1749 2991
1751 2951
1756 2966
1756 2972
1756 2955
1756 2963
1756 2977
1766 2955
1767 2955
1767 2909
1767 2963
1767 2932
1769 2922
1769 2968
1795 2973
1795 2912
1799 2912
1808 2922
1808 2955
1808 2963
1814 2963
1814 2972
1814 2966
1814 2955
1814 2981
1814 2968
1814 2999
1820 2963
1837 2963
1838 2958
1847 2973
1885 2932
1918 2958
1919 2977
1919 2946
1922 2955
1922 2951
1922 2922
1922 2963
1951 2973
1964 2966
1966 2955
1967 2973
1972 2999
1972 2958
1972 2968
1972 2955
1972 2972
1972 2909
1972 2966
1972 2981
1976 2955
1980 2922
1991 2922
1991 2963
1991 2968
1991 2955
2003 2973
2014 2909
2062 2923
2069 2946
2072 2968
2072 2999
2093 2922
2093 2966
2093 2972
2102 2968
2114 2999
2114 2968
2117 2966
2118 2909
2118 2999
2118 2966
2118 2900
2118 2977
2118 2958
2118 2968
2130 2955
2133 2999
2133 2972
2133 2922
2133 2963
2133 2968
2133 2955
2135 2900
2135 2912
2135 2963
2135 2909
2145 2922
2145 2912
2145 2981
2168 2977
2174 2955
2186 2922
2186 2999
2186 2963
2186 2979
2186 2968
2186 2977
2193 2991
2225 2951
2236 2900
2236 2951
2236 2912
2236 2966
2236 2968
2237 2973
2237 2909
2237 2932
2237 2955
2237 2999
2237 2968
2240 2951
2251 2972
2251 2977
2251 2999
2251 2968
2255 2963
2255 2999
2256 2999
2256 2958
2256 2963
2256 2955
2256 2922
2258 2981
2274 2946
2287 2968
2290 2923
2290 2900
2290 2973
2297 2958
2298 2932
2299 2999
2299 2909
2299 2972
2323 2958
2326 2932
2326 2973
2326 2918
2326 2900
2326 2900
2326 2923
2326 2900
2326 2981
2326 2958
2328 2932
2328 2981
2328 2958
2328 2973
2332 2912
2356 2958
2356 2923
2356 2932
2356 2973
2365 2951
2369 2909
2371 2955
2371 2999
2371 2963
2371 2922
2371 2973
2371 2968
2379 2923
2379 2958
2379 2981
2379 2932
2379 2900
2384 2909
2387 2909
2411 2958
2411 2955
2416 2966
2416 2968
2417 2991
2434 2963
2472 2922
2472 2946
2472 2963
2472 2955
2472 2999
2473 2999
2473 2968
2473 2963
2473 2922
2473 2955
2474 2968
2474 2912
2474 2963
2474 2955
2474 2951
2474 2922
2476 2968
2476 2999
2476 2918
2476 2900
2476 2918
2485 2900
2485 2955
2485 2923
2485 2966
2485 2972
2485 2909
2485 2958
2485 2940
2488 2912
2504 2940
2506 2932
2507 2912
2507 2955
2507 2973
2507 2963
2510 2999
2516 2912
2523 2999
2535 2981
2541 2963
2541 2926
2542 2968
2546 2900
2547 2972
2547 2912
2548 2923
2549 2955
2549 2963
2549 2932
2549 2923
2549 2958
2557 2999
2557 2918
2557 2918
2557 2977
2557 2963
2557 2955
2557 2972
2557 2922
2557 2979
2557 2966
2559 2968
2559 2958
2560 2972
2560 2912
2560 2999
2560 2968
2560 2963
2564 2981
2564 2940
2565 2940
2565 2922
2565 2932
2565 2979
2565 2991
2565 2968
2565 2981
2565 2958
2565 2926
2565 2900
2565 2900
2565 2972
2565 2966
2565 2946
2565 2955
2565 2902
2565 2900
2565 2951
2565 2918
2565 2963
2565 2909
2565 2973
2565 2977
2565 2999
2565 2923
2565 2918
2565 2993
2565 2918
2565 2974
2565 2912
2576 2912
2576 2918
2576 2918
2576 2973
2576 2926
2585 2958
2593 2958
2594 2958
2605 2922
2605 2963
2608 2979
2612 2900
2612 2912
2613 2900
2618 2973
2618 2958
2619 2972
2619 2963
2630 2968
2646 2972
2646 2963
2646 2968
2647 2902
2651 2973
2651 2900
2651 2918
2651 2958
2651 2981
2653 2958
2653 2909
2654 2958
2654 2900
2655 2981
2658 2973
2658 2940
2660 2900
2660 2951
2660 2912
2665 2973
2667 2914
2667 2925
2674 2973
2674 2912
2686 2900
2686 2912
2686 2900
2686 2951
2686 2918
2688 2973
2688 2981
2688 2912
2688 2909
2688 2900
2688 2932
2688 2951
2688 2925
2688 2923
2688 2958
2689 2958
2691 2958
2691 2912
2692 2951
2693 2973
2693 2958
2693 2932
2696 2909
2696 2912
2697 2900
2699 2973
2700 2923
2700 2912
2700 2958
2700 2973
2700 2981
2700 2932
2702 2977
2703 2951
2703 2912
2706 2973
2707 2912
2707 2981
2707 2958
2713 2958
2713 2912
2713 2973
2713 2981
2713 2932
2719 2958
2721 2963
2724 2973
2727 2958
2740 2922
2740 2973
2744 2918
2744 2918
2746 2958
2746 2923
2747 2900
2747 2900
2747 2973
2747 2923
2768 2963
2768 2999
2768 2922
2768 2972
2768 2968
2778 2946
2778 2972
2780 2972
2790 2900
2790 2900
2790 2912
2790 2973
2790 2951
2791 2955
2791 2963
2792 2922
2796 2955
2799 2923
2822 2900
2822 2968
2831 2972
2831 2912
2832 2932
2838 2923
2838 2999
2838 2958
2840 2922
2840 2972
2842 2958
2842 2951
2842 2973
2845 2955
2851 2955
2858 2963
2859 2900
2859 2958
2859 2981
2862 2926
2863 2902
2871 2955
2871 2963
2871 2932
2871 2912
2871 2958
2871 2981
2871 2999
2872 2981
2872 2918
2872 2918
2883 2968
2900 2922
2904 2999
2913 2918
2913 2918
2913 2922
2914 2963
2918 2922
2921 2918
2921 2918
2923 2979
2923 2923
2925 2956
2925 2946
2925 2979
2925 2955
2925 2972
2925 2926
2925 2977
2928 2928
2932 2955
2932 2958
2936 2999
2940 2973
2940 2958
2940 2932
2940 2977
2940 2912
2944 2946
2945 2946
2947 2968
2950 2977
2950 2972
2950 2999
2950 2963
2950 2966
2952 2955
2953 2955
2954 2955
2960 2963
2961 2963
2962 2963
2964 2966
2964 2932
2964 2981
2964 2951
2964 2958
2965 2993
2965 2966
2967 2900
2967 2981
2967 2912
2967 2958
2967 2968
2967 2966
2967 2932
2968 2966
2969 2972
2970 2972
2972 2973
2972 2932
2972 2958
2972 2909
2972 2981
2974 2981
2974 2977
2975 2974
2976 2974
2991 2993
2991 2958
2992 2993
2993 2991
3006 2968
3006 2999
3006 2991
3010 2973
3010 2999
3012 2999
3013 2999
3018 2973
3020 2951
3020 2912
3024 2923
3024 2958
3024 2973
3024 2900
3026 2932
3026 2958
3026 2973
3028 2958
3031 2900
3031 2912
3032 2900
3032 2900
3032 2912
3032 2923
3033 2912
3033 2958
3034 2912
3035 2912
3039 2958
3046 2923
3047 2991
3056 2973
3062 2951
3070 2991
3073 2981
3081 2958
3098 2951
3107 2932
3142 2900
3144 2973
3168 2958
3180 2958
3196 2923
3267 2951
3276 2958
3291 2973
3291 2958
3291 2900
3291 2923
3297 2958
3315 2958
3326 2958
3352 2981
3352 2932
3352 2973
3352 2958
3373 2981
3375 2923
3375 2958
3381 2940
3394 2932
3394 2923
3394 2900
3394 2958
3404 2973
3404 2909
3417 2909
3417 2932
3439 2932
3449 2925
3449 2917
3449 2909
3451 2932
3451 2981
3451 2958
3454 2917
3454 2932
3454 2958
3454 2981
3458 2958
3459 2925
3470 2973
3479 2958
3479 2981
3479 2932
3480 2973
3512 2981
3521 2940
3522 2958
3523 2973
3525 2923
3528 2973
3541 2923
3541 2958
3541 2900
3554 2958
3555 2973
3560 2923
3562 2958
3562 2973
3567 2981
3568 2932
3568 2900
3568 2981
3568 2958
3571 2981
3586 2940
3589 2923
3604 2923
3611 2973
3614 2909
3614 2958
3615 2981
3615 2932
3624 2909
3624 2973
3624 2900
3624 2981
3630 2923
3630 2958
3633 2923
3635 2932
3635 2958
3641 2958
3641 2909
3641 2925
3641 2900
3641 2917
3642 2925
3645 2958
3646 2958
3646 2981
3658 2909
3658 2932
3659 2958
3660 2923
3660 2958
3660 2900
3661 2923
3666 2981
3666 2932
3682 2981
3714 2958
3719 2958
3724 2981
3724 2932
3724 2958
3728 2909
3748 2958
3762 2900
3762 2923
3775 2923
3775 2958
3785 2981
3785 2958
3786 2958
3787 2909
3787 2958
3812 2958
3812 2909
3812 2981
3814 2958
3814 2981
3819 2958
3827 2900
3839 2923
3840 2923
3916 2958
3920 2981
3947 2958
3949 2958
3969 2940
3973 2932
3973 2900
3985 2958
4020 2981
4036 2981
4036 2958
4037 2958
4039 2981
4042 2981
4042 2932
4042 2958
4045 2925
4063 2917
4063 2925
4065 2958
4065 2981
4065 2932
4070 2909
4070 2958
4070 2981
4074 2958
4076 2932
4076 2958
4099 2925
4119 2981
4119 2958
4120 2958
4124 2900
4128 2932
4128 2958
4135 2958
4136 2932
4138 2932
4144 2958
4211 2940
4249 2932
4250 2932
4251 2932
4252 2932
4255 2917
4276 2909
4310 2925
4310 2909
4377 2917
4441 2909
4442 2909
4448 2909
4632 2909
4632 2940
4632 2925
4653 2909
4662 2917
4712 2909
4718 2909
4824 2925
4828 2925
4829 2909
4879 2940
4894 2925
4899 2940
4899 2909
4948 2909
4950 2917
4951 2917
4967 2909
4967 2925
4981 2909
5002 2940
5022 2914
5053 2940
5068 2940
5079 2909
5099 2925
5110 2909
5123 2909
5155 2909
5177 2925
5178 2925
5179 2925
5189 2909
5189 2925
5190 2909
5199 2940
5207 2909
5233 2940
5233 2909
5301 2940
5320 2909
5321 2909
5322 2909
5423 2940
5427 2925
5437 2925
5524 2925
5524 2940
5531 2940
5531 2925
5543 2925
5543 2940
5582 2925
5591 2914
5696 2914
5787 2925
5796 2940
5796 2925
5802 2940
5807 2940
5814 2940
5822 2940
6004 2940
6068 2925
6280 2940
6486 2940
6494 2940
6548 2940
6615 2940
6619 2940
6624 2940
6714 2940
6719 2940
6906 2940
6934 2940
6946 2940
7052 2940
7321 2940
7350 2940
7383 2940
7389 2940
7390 2940
7391 2940
7392 2940
