36 5605
53 5640
59 5624
66 5614
68 5605
68 5680
68 5637
87 5697
87 5684
103 5671
109 5697
109 5626
178 5684
199 5671
310 5651
315 5683
432 5693
432 5651
457 5693
457 5680
457 5614
457 5697
457 5651
457 5626
457 5637
457 5684
457 5683
546 5605
580 5651
608 5605
689 5637
737 5605
749 5637
763 5651
766 5626
766 5651
766 5671
766 5650
766 5693
766 5637
766 5684
766 5624
789 5683
805 5605
825 5640
825 5620
854 5684
988 5614
988 5605
996 5683
996 5637
996 5650
996 5651
1000 5624
1027 5631
1032 5683
1041 5693
1055 5683
1063 5671
1063 5680
1074 5626
1075 5624
1098 5614
1098 5697
1133 5605
1133 5680
1133 5637
1133 5624
1151 5650
1151 5693
1166 5626
1207 5640
1207 5620
1207 5626
1285 5684
1335 5683
1374 5637
1374 5605
1374 5671
1374 5683
1374 5693
1480 5614
1506 5683
1524 5683
1542 5624
1542 5697
1549 5693
1549 5697
1549 5637
1621 5655
1639 5693
1644 5680
1661 5651
1661 5605
1667 5614
1667 5605
1701 5671
1701 5680
1737 5624
1769 5680
1796 5684
1796 5697
1799 5684
1799 5693
1823 5651
1972 5626
2001 5651
2003 5605
2118 5605
2135 5683
2135 5651
2174 5626
2186 5680
2237 5640
2240 5605
2257 5651
2258 5693
2276 5638
2328 5697
2369 5680
2369 5624
2369 5605
2379 5631
2384 5693
2384 5637
2384 5651
2440 5605
2456 5671
2485 5637
2485 5693
2485 5651
2485 5640
2507 5624
2516 5683
2516 5605
2544 5624
2545 5671
2549 5651
2560 5671
2564 5637
2565 5651
2565 5693
2565 5697
2565 5637
2565 5605
2565 5650
2565 5614
2565 5671
2576 5605
2587 5684
2605 5651
2605 5624
2605 5637
2605 5650
2605 5693
2623 5605
2655 5624
2655 5684
2660 5683
2667 5684
2667 5624
2677 5697
2688 5637
2688 5626
2688 5683
2688 5697
2688 5624
2688 5651
2688 5693
2689 5650
2694 5605
2702 5683
2704 5693
2707 5637
2744 5639
2744 5640
2774 5624
2790 5697
2831 5605
2871 5651
2909 5651
2909 5640
2940 5626
2972 5626
2972 5637
2972 5693
2988 5684
2988 5651
3007 5683
3024 5697
3032 5650
3032 5651
3032 5626
3191 5683
3191 5693
3191 5637
3191 5651
3293 5614
3293 5605
3316 5605
3366 5637
3366 5693
3381 5697
3390 5693
3390 5651
3390 5637
3392 5605
3393 5683
3447 5697
3447 5605
3447 5683
3447 5680
3447 5637
3449 5637
3449 5650
3449 5624
3449 5640
3449 5693
3449 5651
3449 5684
3449 5680
3452 5693
3452 5651
3453 5680
3453 5650
3453 5637
3453 5693
3453 5651
3453 5605
3456 5639
3456 5684
3456 5697
3456 5640
3456 5605
3459 5624
3461 5651
3461 5680
3461 5693
3479 5637
3479 5693
3498 5637
3498 5683
3498 5693
3498 5651
3522 5640
3522 5639
3522 5630
3522 5683
3586 5684
3586 5624
3586 5605
3593 5680
3601 5680
3607 5684
3614 5680
3614 5684
3614 5637
3614 5693
3624 5684
3624 5637
3641 5605
3641 5693
3641 5697
3642 5624
3642 5680
3642 5626
3642 5693
3658 5651
3666 5683
3752 5605
3785 5693
3786 5624
3786 5683
3786 5651
3787 5684
3787 5683
3796 5683
3796 5693
3806 5639
3812 5684
3813 5683
3835 5650
3854 5651
3854 5637
3916 5605
3932 5626
3958 5605
3960 5640
3965 5605
3995 5680
3995 5637
4036 5680
4036 5614
4036 5605
4036 5650
4036 5637
4036 5693
4036 5651
4036 5683
4037 5693
4040 5693
4041 5624
4041 5650
4045 5624
4045 5680
4045 5684
4063 5697
4065 5624
4070 5693
4071 5684
4073 5637
4073 5651
4076 5640
4082 5680
4099 5671
4099 5605
4099 5684
4099 5624
4099 5680
4099 5637
4138 5637
4138 5650
4138 5651
4140 5614
4140 5605
4144 5626
4151 5637
4273 5626
4276 5651
4276 5637
4310 5684
4310 5651
4310 5637
4310 5680
4310 5683
4310 5697
4310 5624
4335 5671
4353 5637
4353 5693
4401 5605
4441 5671
4441 5684
4456 5671
4483 5614
4483 5684
4536 5650
4550 5637
4550 5650
4550 5683
4550 5651
4586 5683
4598 5697
4632 5671
4632 5684
4632 5693
4653 5637
4653 5680
4653 5650
4653 5663
4662 5693
4673 5626
4673 5684
4709 5684
4712 5651
4717 5697
4717 5650
4717 5624
4718 5630
4781 5624
4792 5605
4813 5626
4824 5693
4824 5650
4824 5651
4824 5680
4824 5639
4828 5697
4843 5651
4856 5651
4899 5626
4899 5693
4899 5637
4899 5680
4948 5671
4948 5605
4966 5683
4967 5637
4967 5651
4967 5697
4967 5680
4967 5624
4967 5684
4967 5650
4967 5693
4976 5680
4980 5637
4980 5651
4981 5671
4981 5605
5020 5651
5022 5638
5022 5684
5022 5624
5022 5626
5022 5697
5028 5605
5028 5671
5028 5614
5037 5605
5037 5680
5053 5671
5061 5684
5079 5624
5079 5684
5079 5638
5079 5637
5079 5697
5079 5693
5096 5683
5099 5640
5102 5605
5103 5624
5103 5605
5103 5671
5106 5664
5110 5684
5123 5624
5123 5684
5123 5671
5125 5680
5150 5680
5171 5637
5173 5683
5173 5640
5175 5650
5175 5651
5176 5637
5176 5651
5176 5693
5176 5650
5177 5697
5179 5693
5179 5683
5179 5697
5179 5684
5179 5637
5180 5680
5180 5693
5181 5651
5181 5680
5181 5693
5184 5650
5184 5637
5184 5651
5184 5693
5185 5684
5185 5614
5185 5697
5185 5605
5187 5640
5187 5680
5187 5637
5188 5626
5188 5651
5188 5637
5188 5650
5188 5684
5188 5697
5188 5693
5188 5680
5189 5697
5189 5626
5189 5684
5189 5637
5189 5693
5189 5651
5189 5624
5189 5680
5190 5693
5190 5637
5190 5683
5190 5650
5190 5651
5226 5671
5226 5605
5226 5680
5250 5620
5262 5680
5263 5637
5263 5640
5263 5650
5263 5693
5263 5620
5276 5614
5285 5637
5285 5651
5296 5680
5301 5630
5301 5624
5301 5680
5321 5683
5321 5624
5324 5637
5342 5693
5391 5684
5396 5680
5400 5683
5423 5684
5437 5680
5439 5626
5452 5680
5454 5680
5454 5605
5457 5637
5457 5697
5457 5683
5457 5624
5478 5650
5479 5683
5479 5693
5487 5683
5511 5693
5515 5650
5524 5697
5524 5614
5524 5684
5524 5671
5524 5605
5524 5626
5528 5640
5531 5637
5531 5683
5531 5624
5534 5637
5543 5697
5543 5624
5543 5684
5553 5637
5553 5693
5582 5624
5582 5626
5589 5697
5591 5684
5606 5680
5606 5683
5608 5638
5608 5651
5608 5683
5612 5693
5612 5680
5614 5614
5624 5626
5639 5640
5648 5650
5655 5684
5678 5679
5689 5693
5690 5693
5691 5693
5692 5693
5696 5624
5696 5626
5697 5684
5697 5605
5697 5626
5697 5638
5708 5697
5714 5684
5787 5624
5796 5605
5796 5684
5798 5684
5799 5626
5800 5697
5800 5655
5800 5671
5802 5697
5802 5605
5802 5671
5802 5614
5808 5684
5809 5697
5812 5697
5812 5626
5814 5605
5818 5626
5818 5624
5827 5605
5827 5680
5829 5680
5836 5624
5846 5680
5852 5680
5853 5680
5854 5680
5855 5624
5871 5697
5872 5605
5932 5624
5932 5684
5952 5697
5961 5626
6006 5684
6020 5624
6020 5671
6043 5624
6068 5624
6072 5614
6075 5624
6119 5624
6123 5697
6151 5624
6156 5624
6156 5697
6156 5671
6168 5624
6169 5624
6170 5624
6216 5626
6217 5626
6218 5626
6218 5605
6219 5626
6221 5605
6223 5684
6241 5671
6270 5697
6272 5697
6299 5697
6305 5697
6305 5605
6305 5614
6323 5614
6323 5697
6327 5697
6359 5697
6421 5697
6422 5697
6460 5643
6523 5697
6596 5671
6596 5605
6615 5697
6615 5671
6618 5697
6620 5697
6624 5605
6624 5671
6624 5614
6665 5697
6692 5697
6712 5671
6736 5697
6780 5671
6885 5671
6900 5605
6902 5614
6907 5605
6914 5671
6914 5605
6951 5697
6951 5643
6958 5697
6959 5697
6960 5697
6961 5697
6962 5697
6963 5697
6976 5605
6993 5643
7045 5671
7047 5614
7047 5671
7047 5605
7049 5671
7052 5605
7055 5605
7055 5671
7056 5671
7086 5614
7086 5605
7092 5671
7153 5671
7231 5671
7280 5605
7281 5671
7294 5605
7378 5605
7390 5671
7405 5605
7424 5605
7449 5614
7490 5605
7511 5614
7544 5671
7564 5614
7564 5605
7578 5605
7679 5605
7706 5671
7733 5605
7737 5671
7738 5671
7774 5605
7856 5605
7862 5605
7885 5605
7900 5605
7901 5605
7902 5605
7945 5605
8036 5614
8036 5605
8041 5605
8053 5614
8085 5614
8152 5605
8153 5605
