6 2843
11 2811
11 2859
11 2843
11 2871
20 2828
21 2814
24 2819
24 2830
24 2871
24 2815
24 2822
28 2801
36 2831
36 2834
36 2871
47 2871
68 2859
68 2814
68 2871
68 2877
68 2809
86 2809
87 2801
103 2851
103 2871
122 2834
122 2805
122 2811
122 2809
122 2828
127 2811
147 2819
163 2871
172 2859
172 2830
172 2819
173 2871
237 2828
237 2809
237 2814
237 2805
255 2834
255 2859
275 2828
290 2871
291 2811
308 2828
308 2805
310 2834
310 2819
310 2822
311 2830
311 2871
311 2809
313 2871
313 2801
315 2834
319 2819
346 2828
346 2838
346 2859
371 2801
395 2851
403 2834
403 2814
405 2859
407 2811
425 2877
432 2871
432 2851
432 2819
457 2811
457 2822
457 2843
457 2851
457 2859
457 2871
457 2877
457 2831
457 2818
501 2805
546 2805
553 2871
556 2805
582 2871
600 2871
600 2851
634 2871
634 2831
634 2851
635 2801
646 2830
650 2830
650 2880
663 2830
704 2809
704 2811
704 2814
722 2830
722 2856
722 2821
737 2851
749 2819
763 2871
766 2828
766 2815
766 2834
766 2805
766 2822
766 2809
766 2831
766 2830
766 2851
766 2819
766 2811
766 2814
766 2856
766 2871
766 2859
769 2801
769 2828
784 2859
784 2815
784 2877
784 2830
789 2822
795 2877
813 2815
813 2819
813 2871
813 2859
825 2871
826 2805
826 2815
826 2819
826 2809
826 2880
826 2856
826 2838
826 2830
841 2801
841 2828
841 2814
841 2805
841 2877
854 2828
856 2831
856 2815
865 2838
865 2877
871 2834
871 2830
872 2856
879 2811
879 2859
879 2871
899 2805
899 2821
899 2809
899 2801
899 2828
899 2834
899 2814
908 2801
915 2809
946 2801
946 2828
946 2821
948 2815
948 2834
974 2871
986 2856
986 2871
988 2830
988 2856
988 2819
993 2834
993 2859
993 2815
993 2828
993 2805
993 2814
994 2856
996 2828
996 2809
996 2834
996 2801
996 2819
996 2815
996 2805
996 2856
1000 2834
1000 2830
1003 2851
1024 2828
1024 2830
1024 2805
1042 2877
1042 2877
1042 2801
1051 2851
1062 2834
1062 2830
1062 2828
1097 2830
1098 2851
1098 2828
1098 2805
1098 2814
1127 2871
1127 2851
1132 2801
1133 2830
1133 2811
1133 2871
1135 2814
1137 2828
1137 2805
1137 2814
1137 2830
1147 2830
1151 2815
1151 2834
1151 2805
1151 2851
1151 2871
1151 2830
1151 2856
1151 2809
1151 2828
1166 2856
1166 2834
1166 2819
1166 2828
1166 2871
1166 2811
1166 2830
1167 2834
1184 2877
1184 2877
1184 2834
1184 2811
1185 2801
1200 2834
1200 2877
1200 2809
1200 2828
1200 2880
1200 2805
1200 2856
1200 2830
1200 2814
1210 2834
1210 2851
1210 2805
1211 2877
1221 2834
1247 2871
1259 2828
1267 2831
1267 2856
1267 2819
1279 2843
1279 2819
1285 2871
1286 2851
1286 2871
1286 2856
1291 2815
1293 2877
1293 2877
1293 2843
1305 2819
1305 2877
1305 2828
1305 2815
1305 2814
1305 2834
1305 2830
1305 2805
1305 2809
1319 2859
1322 2809
1367 2819
1374 2814
1374 2831
1374 2825
1374 2809
1374 2834
1374 2830
1374 2805
1374 2828
1374 2822
1381 2880
1384 2828
1384 2809
1384 2814
1390 2880
1395 2805
1395 2834
1395 2856
1395 2830
1419 2815
1424 2819
1428 2805
1462 2809
1473 2828
1473 2871
1483 2843
1492 2830
1492 2859
1496 2856
1496 2819
1496 2871
1500 2871
1510 2843
1521 2814
1521 2834
1522 2834
1537 2871
1542 2822
1542 2871
1547 2805
1549 2819
1549 2815
1549 2830
1549 2871
1549 2828
1549 2809
1549 2814
1552 2834
1555 2809
1566 2877
1566 2877
1583 2828
1583 2830
1585 2880
1585 2830
1592 2856
1608 2871
1608 2830
1608 2805
1608 2834
1608 2815
1608 2814
1608 2856
1608 2828
1614 2856
1622 2830
1623 2851
1644 2801
1653 2814
1688 2871
1690 2877
1691 2871
1692 2877
1697 2801
1700 2809
1700 2814
1701 2828
1705 2828
1705 2834
1705 2814
1705 2805
1705 2815
1707 2805
1707 2871
1717 2877
1717 2877
1717 2811
1729 2856
1730 2871
1741 2877
1749 2877
1767 2834
1767 2809
1769 2828
1772 2814
1783 2805
1790 2814
1794 2828
1795 2809
1795 2811
1795 2819
1808 2834
1813 2871
1814 2815
1814 2830
1814 2856
1820 2856
1820 2814
1820 2838
1823 2822
1827 2856
1832 2819
1835 2834
1835 2828
1835 2830
1838 2859
1848 2880
1855 2856
1875 2828
1875 2809
1885 2809
1896 2805
1919 2834
1919 2828
1919 2830
1919 2805
1922 2856
1922 2815
1922 2819
1931 2871
1951 2819
1972 2830
1972 2815
1972 2819
1984 2871
1985 2828
1985 2830
1985 2834
1991 2856
1991 2830
1991 2828
1991 2814
1991 2809
1991 2805
1991 2834
2009 2830
2009 2809
2038 2877
2062 2877
2065 2871
2072 2809
2072 2834
2072 2814
2072 2815
2072 2838
2072 2801
2085 2834
2093 2830
2102 2815
2111 2871
2113 2880
2114 2815
2114 2830
2115 2871
2118 2811
2118 2828
2118 2856
2118 2851
2118 2805
2118 2822
2120 2811
2120 2834
2133 2880
2133 2877
2133 2809
2133 2877
2133 2815
2133 2814
2133 2805
2133 2828
2133 2834
2135 2830
2135 2851
2145 2871
2145 2831
2145 2822
2145 2811
2172 2877
2172 2801
2174 2801
2174 2828
2174 2809
2174 2821
2176 2856
2186 2814
2209 2805
2209 2819
2225 2856
2231 2821
2233 2809
2233 2801
2234 2856
2236 2830
2236 2856
2237 2811
2237 2819
2237 2831
2237 2830
2237 2815
2237 2871
2249 2851
2251 2815
2251 2814
2254 2805
2255 2815
2256 2821
2256 2809
2256 2805
2256 2828
2256 2815
2256 2814
2256 2859
2258 2871
2264 2834
2264 2856
2272 2877
2272 2877
2289 2811
2290 2819
2294 2856
2297 2856
2297 2871
2297 2859
2299 2851
2322 2814
2323 2815
2326 2819
2326 2871
2326 2859
2328 2814
2328 2834
2328 2805
2328 2821
2328 2809
2328 2877
2340 2809
2364 2819
2365 2856
2365 2859
2369 2822
2371 2877
2371 2830
2371 2856
2371 2880
2371 2815
2371 2877
2375 2828
2379 2859
2384 2871
2384 2822
2387 2822
2398 2871
2411 2859
2411 2809
2435 2801
2435 2809
2472 2815
2472 2830
2472 2834
2472 2809
2472 2814
2472 2805
2472 2828
2472 2877
2473 2815
2473 2814
2473 2821
2473 2828
2473 2834
2473 2805
2473 2809
2473 2830
2473 2856
2474 2809
2474 2856
2474 2828
2474 2814
2474 2834
2474 2815
2474 2805
2474 2830
2476 2856
2476 2815
2476 2830
2485 2830
2485 2871
2485 2831
2485 2819
2485 2856
2504 2830
2506 2859
2506 2871
2507 2828
2507 2805
2507 2856
2507 2834
2510 2834
2510 2805
2510 2801
2510 2828
2535 2805
2541 2821
2542 2871
2542 2805
2542 2828
2542 2819
2542 2834
2544 2814
2546 2828
2547 2819
2549 2877
2550 2834
2555 2828
2555 2809
2555 2801
2557 2877
2557 2815
2557 2871
2557 2814
2557 2809
2557 2880
2557 2805
2557 2828
2557 2801
2557 2834
2559 2805
2559 2859
2559 2856
2559 2809
2559 2828
2560 2859
2561 2809
2565 2831
2565 2828
2565 2844
2565 2819
2565 2830
2565 2877
2565 2822
2565 2809
2565 2805
2565 2811
2565 2871
2565 2877
2565 2856
2565 2825
2565 2880
2565 2814
2565 2859
2565 2838
2565 2851
2565 2834
2565 2815
2576 2871
2576 2814
2576 2825
2576 2822
2576 2805
2576 2880
2576 2809
2576 2877
2576 2828
2593 2805
2593 2809
2593 2801
2594 2831
2596 2805
2605 2871
2608 2828
2608 2814
2609 2805
2612 2877
2612 2877
2613 2811
2617 2814
2646 2830
2647 2814
2651 2814
2651 2819
2651 2871
2651 2811
2653 2871
2654 2856
2654 2819
2654 2859
2660 2831
2660 2819
2660 2856
2660 2871
2660 2830
2667 2831
2674 2830
2674 2851
2674 2819
2683 2828
2686 2851
2686 2856
2686 2819
2688 2822
2688 2859
2688 2871
2688 2819
2688 2856
2688 2830
2688 2831
2691 2871
2693 2819
2693 2822
2693 2831
2699 2871
2700 2819
2700 2859
2702 2830
2702 2856
2703 2819
2704 2856
2707 2856
2713 2859
2713 2819
2740 2809
2740 2828
2740 2814
2740 2834
2740 2805
2746 2814
2765 2859
2765 2819
2768 2809
2768 2805
2768 2815
2768 2834
2768 2877
2774 2801
2775 2871
2778 2880
2778 2821
2778 2877
2788 2801
2790 2856
2791 2877
2792 2834
2802 2805
2803 2805
2813 2814
2817 2821
2817 2818
2818 2821
2819 2821
2822 2856
2822 2834
2830 2877
2830 2877
2831 2834
2832 2811
2832 2834
2833 2834
2833 2880
2840 2877
2842 2819
2842 2830
2851 2871
2851 2856
2855 2856
2859 2871
2862 2880
2863 2877
2863 2880
2866 2877
2866 2877
2871 2880
2871 2819
2871 2815
2875 2877
2876 2877
2879 2880
2881 2880
2882 2880
2883 2822
2883 2880
2884 2880
2900 2815
2925 2877
2928 2877
2929 2877
2930 2877
2931 2877
2935 2871
2935 2811
2936 2815
2940 2851
2948 2856
2948 2830
2950 2815
2953 2871
2958 2856
2958 2830
2964 2859
2967 2859
2967 2871
2972 2859
2972 2831
2972 2811
2972 2871
2972 2822
2978 2830
2987 2830
2988 2819
2998 2830
2999 2822
3000 2819
3000 2856
3006 2856
3010 2815
3011 2815
3020 2856
3020 2830
3026 2871
3026 2819
3027 2831
3028 2871
3028 2859
3032 2811
3032 2859
3033 2856
3033 2830
3033 2819
3033 2859
3034 2871
3036 2819
3056 2819
3057 2822
3062 2856
3062 2830
3072 2856
3073 2819
3090 2871
3092 2831
3095 2830
3098 2856
3103 2822
3118 2830
3119 2830
3144 2819
3144 2871
3144 2856
3148 2819
3168 2859
3180 2856
3191 2831
3191 2856
3191 2822
3192 2871
3192 2831
3196 2856
3197 2856
3198 2856
3199 2856
3200 2856
3227 2819
3258 2871
3274 2851
3274 2811
3290 2831
3291 2819
3315 2859
3326 2871
3345 2819
3350 2831
3350 2871
3352 2819
3352 2871
3352 2822
3375 2859
3381 2851
3381 2819
3388 2871
3390 2822
3392 2822
3402 2822
3402 2831
3402 2819
3404 2822
3404 2819
3417 2822
3433 2811
3439 2819
3439 2871
3447 2831
3447 2822
3447 2871
3449 2831
3449 2871
3449 2822
3449 2811
3449 2851
3450 2871
3451 2871
3451 2811
3452 2831
3452 2871
3453 2871
3453 2831
3453 2811
3453 2822
3454 2871
3454 2859
3455 2871
3456 2831
3456 2871
3456 2811
3456 2822
3457 2811
3457 2871
3457 2822
3457 2851
3458 2871
3461 2811
3462 2822
3462 2871
3463 2811
3463 2871
3483 2831
3519 2871
3519 2831
3522 2851
3541 2859
3568 2831
3568 2859
3568 2822
3568 2871
3571 2851
3571 2871
3593 2851
3593 2822
3607 2851
3614 2859
3614 2831
3614 2822
3615 2871
3615 2859
3624 2831
3624 2871
3631 2859
3634 2831
3639 2871
3641 2859
3641 2822
3641 2831
3641 2851
3645 2859
3659 2859
3666 2871
3666 2831
3666 2859
3682 2859
3691 2822
3714 2859
3724 2859
3748 2871
3749 2871
3752 2871
3770 2851
3787 2871
3796 2811
3796 2871
3798 2859
3806 2871
3812 2811
3812 2871
3812 2822
3813 2831
3819 2859
3854 2871
3898 2859
3912 2838
3916 2871
3920 2871
3949 2859
3960 2831
3962 2859
3969 2822
3973 2859
3976 2871
3985 2811
4007 2859
4036 2859
4036 2831
4040 2871
4042 2859
4044 2871
4044 2811
4045 2871
4045 2811
4045 2851
4056 2871
4065 2871
4070 2822
4070 2859
4071 2822
4073 2811
4073 2871
4073 2859
4074 2859
4074 2871
4077 2822
4077 2811
4077 2831
4111 2871
4123 2811
4124 2811
4127 2871
4138 2831
4138 2859
4151 2871
4152 2871
4184 2859
4185 2859
4186 2859
4211 2811
4219 2871
4219 2822
4219 2831
4219 2811
4222 2871
4252 2811
4276 2831
4276 2822
4310 2822
4310 2831
4310 2851
4315 2871
4353 2831
4353 2822
4355 2831
4355 2822
4363 2871
4377 2871
4379 2871
4415 2871
4426 2871
4427 2871
4428 2871
4429 2871
4430 2871
4431 2871
4432 2851
4432 2871
4433 2871
4434 2871
4435 2871
4436 2871
4437 2851
4437 2871
4438 2871
4439 2871
4440 2871
4441 2871
4441 2811
4441 2822
4442 2871
4443 2871
4444 2871
4445 2871
4446 2871
4447 2871
4448 2871
4448 2822
4536 2831
4550 2831
4550 2822
4564 2811
4600 2822
4653 2831
4653 2822
4661 2811
4682 2811
4688 2811
4712 2831
4712 2851
4717 2831
4718 2822
4725 2811
4748 2822
4813 2831
4824 2831
4828 2822
4829 2822
4894 2822
4899 2822
4899 2831
4938 2822
4943 2851
4948 2822
4948 2831
4967 2831
4967 2822
4970 2822
5002 2851
5008 2831
5009 2822
5020 2822
5029 2822
5079 2831
5099 2831
5103 2851
5106 2851
5110 2822
5143 2851
5155 2822
5175 2831
5176 2831
5176 2822
5179 2851
5181 2831
5184 2822
5184 2831
5188 2831
5189 2831
5189 2822
5190 2831
5246 2822
5263 2831
5286 2822
5296 2822
5316 2831
5365 2822
5366 2822
5367 2822
5445 2851
5462 2831
5474 2831
5482 2831
5487 2831
5524 2851
5534 2831
5535 2831
5536 2831
5537 2831
5543 2851
5582 2851
5714 2851
5796 2851
5802 2851
5814 2851
5816 2851
5821 2851
5857 2851
5922 2851
6032 2851
6241 2851
6270 2851
6280 2851
6305 2851
6323 2851
6327 2851
6443 2851
6484 2851
6486 2851
6518 2851
6555 2851
6615 2851
6619 2851
6620 2851
6622 2851
6624 2851
6714 2851
6902 2851
6906 2851
6907 2851
6914 2851
6941 2851
6976 2851
6994 2851
7052 2851
7086 2851
7092 2851
7104 2851
7106 2851
7132 2851
7139 2851
7251 2851
7252 2851
7253 2851
