11 4814
11 4811
11 4808
11 4827
11 4820
24 4827
27 4828
44 4875
68 4828
68 4884
86 4828
103 4808
154 4875
166 4875
173 4875
173 4828
173 4875
173 4875
173 4828
280 4808
291 4811
310 4828
310 4827
311 4884
319 4828
319 4827
325 4808
335 4820
335 4814
346 4822
346 4814
407 4846
425 4875
432 4827
457 4820
457 4899
457 4846
457 4811
457 4824
457 4828
457 4814
457 4827
457 4875
580 4899
582 4811
582 4808
637 4820
663 4846
697 4820
727 4828
737 4875
742 4875
742 4820
762 4875
766 4824
766 4820
766 4884
766 4827
766 4828
766 4808
766 4846
766 4899
766 4814
784 4820
784 4875
789 4875
789 4824
789 4808
789 4820
789 4827
789 4828
825 4827
825 4820
854 4827
865 4846
879 4814
963 4875
996 4875
1004 4846
1008 4875
1034 4828
1041 4875
1041 4828
1051 4827
1055 4875
1055 4875
1133 4846
1133 4814
1133 4827
1133 4824
1133 4811
1133 4828
1133 4820
1133 4808
1137 4827
1151 4828
1151 4899
1151 4875
1166 4828
1185 4875
1210 4846
1310 4827
1374 4846
1374 4875
1468 4808
1468 4827
1468 4814
1473 4827
1473 4814
1492 4811
1542 4899
1542 4846
1542 4828
1549 4875
1549 4875
1549 4811
1552 4846
1621 4811
1623 4811
1687 4811
1688 4827
1701 4828
1701 4899
1733 4875
1733 4875
1767 4828
1783 4811
1823 4824
1847 4811
1984 4875
1985 4808
2117 4808
2117 4820
2117 4827
2129 4808
2135 4827
2135 4820
2135 4846
2135 4899
2145 4875
2145 4875
2145 4827
2186 4828
2226 4827
2237 4828
2237 4824
2237 4827
2237 4808
2237 4814
2237 4811
2256 4811
2257 4827
2289 4876
2297 4811
2299 4824
2326 4811
2369 4875
2369 4875
2369 4828
2369 4824
2381 4875
2384 4828
2384 4828
2387 4875
2387 4828
2398 4811
2440 4828
2440 4827
2452 4875
2485 4814
2485 4828
2485 4827
2485 4828
2485 4899
2488 4827
2504 4846
2504 4827
2516 4808
2516 4875
2549 4814
2565 4811
2565 4814
2565 4875
2565 4808
2565 4884
2565 4820
2565 4827
2565 4824
2565 4846
2592 4846
2613 4828
2613 4808
2651 4827
2651 4899
2653 4827
2655 4827
2658 4824
2658 4811
2658 4820
2658 4875
2667 4828
2667 4846
2686 4828
2688 4827
2688 4820
2688 4824
2688 4899
2688 4828
2688 4811
2688 4846
2688 4828
2688 4808
2688 4814
2693 4811
2707 4899
2737 4820
2747 4811
2760 4828
2765 4875
2790 4811
2790 4875
2793 4828
2831 4846
2832 4814
2832 4820
2859 4811
2859 4831
2871 4824
2871 4827
2889 4899
2932 4814
2932 4875
2967 4811
2967 4828
2967 4828
2967 4827
2967 4814
2972 4828
2972 4827
2972 4899
2972 4814
2972 4824
2972 4811
2972 4846
2988 4884
3015 4828
3015 4899
3026 4827
3027 4808
3028 4828
3032 4846
3073 4820
3073 4827
3168 4811
3168 4820
3175 4827
3191 4824
3191 4846
3209 4824
3238 4824
3274 4899
3274 4828
3276 4820
3290 4824
3310 4875
3326 4827
3350 4846
3350 4827
3352 4827
3352 4824
3378 4846
3381 4884
3390 4899
3390 4827
3394 4811
3402 4808
3402 4827
3402 4820
3404 4884
3447 4828
3447 4846
3447 4815
3447 4879
3447 4827
3447 4814
3449 4820
3449 4875
3449 4814
3449 4827
3449 4846
3449 4828
3449 4824
3449 4808
3449 4828
3449 4811
3451 4808
3451 4827
3452 4827
3453 4899
3453 4814
3453 4827
3453 4824
3453 4828
3453 4808
3454 4814
3454 4808
3454 4822
3454 4811
3454 4875
3455 4820
3455 4828
3456 4828
3456 4827
3456 4828
3456 4899
3457 4828
3457 4827
3458 4828
3459 4875
3461 4811
3461 4875
3461 4828
3462 4811
3463 4827
3463 4820
3463 4808
3463 4814
3463 4811
3469 4827
3478 4828
3479 4814
3479 4828
3479 4827
3498 4846
3498 4899
3522 4875
3522 4824
3568 4811
3586 4828
3593 4884
3601 4820
3614 4828
3614 4824
3614 4846
3631 4846
3634 4846
3641 4811
3641 4828
3641 4884
3642 4828
3642 4899
3643 4899
3660 4820
3666 4814
3666 4828
3666 4811
3666 4828
3666 4899
3683 4884
3691 4820
3728 4808
3728 4875
3728 4875
3729 4811
3787 4846
3787 4808
3787 4875
3787 4814
3787 4828
3787 4811
3787 4827
3787 4820
3796 4899
3796 4827
3796 4824
3796 4814
3835 4827
3835 4808
3835 4814
3845 4824
3854 4828
3854 4814
3854 4827
3854 4884
3854 4846
3916 4899
3929 4875
3930 4875
3956 4814
3965 4875
3965 4827
3969 4875
3969 4875
3976 4811
3976 4875
3995 4899
3995 4828
3995 4824
3995 4846
4001 4811
4036 4808
4040 4814
4040 4811
4040 4827
4041 4899
4041 4827
4044 4875
4045 4827
4045 4808
4045 4899
4045 4828
4045 4814
4056 4820
4056 4808
4070 4899
4072 4820
4073 4824
4073 4828
4076 4811
4076 4814
4076 4828
4099 4828
4099 4884
4099 4828
4099 4875
4099 4846
4099 4899
4127 4811
4150 4875
4151 4827
4186 4827
4211 4827
4219 4808
4219 4811
4219 4827
4219 4820
4219 4828
4219 4814
4219 4828
4221 4828
4261 4811
4295 4828
4298 4827
4310 4899
4310 4824
4310 4846
4310 4828
4329 4828
4335 4846
4353 4846
4353 4828
4377 4875
4415 4820
4426 4828
4434 4827
4437 4875
4441 4828
4441 4814
4441 4828
4441 4827
4448 4828
4483 4828
4485 4876
4488 4808
4489 4828
4511 4808
4536 4899
4550 4846
4560 4828
4563 4828
4564 4811
4574 4846
4574 4811
4587 4828
4592 4808
4598 4875
4598 4875
4600 4846
4632 4828
4632 4814
4632 4846
4632 4808
4633 4814
4653 4866
4662 4820
4665 4814
4672 4875
4687 4824
4688 4811
4688 4827
4688 4808
4688 4814
4688 4820
4710 4824
4712 4828
4712 4846
4717 4828
4717 4899
4717 4814
4725 4875
4725 4808
4726 4824
4726 4820
4741 4828
4743 4875
4757 4814
4757 4808
4757 4811
4764 4875
4774 4827
4774 4811
4774 4808
4774 4814
4801 4875
4803 4808
4804 4808
4805 4814
4805 4808
4806 4808
4807 4808
4810 4811
4813 4814
4813 4846
4814 4827
4818 4820
4819 4820
4824 4899
4824 4828
4826 4827
4827 4828
4827 4828
4829 4824
4846 4824
4846 4828
4851 4846
4859 4828
4867 4875
4868 4875
4869 4875
4870 4875
4871 4875
4872 4875
4894 4828
4894 4846
4899 4828
4899 4824
4948 4828
4948 4824
4967 4824
4967 4828
4967 4899
4967 4846
4974 4828
4976 4824
4976 4828
5009 4899
5020 4824
5020 4875
5022 4875
5053 4884
5079 4899
5079 4828
5079 4846
5079 4875
5079 4828
5079 4824
5085 4828
5103 4884
5110 4828
5116 4828
5116 4828
5125 4828
5140 4824
5171 4846
5173 4875
5175 4899
5175 4846
5176 4899
5176 4846
5177 4828
5178 4828
5179 4899
5179 4828
5179 4846
5182 4846
5184 4899
5184 4824
5184 4846
5185 4828
5188 4899
5188 4846
5189 4828
5189 4824
5190 4846
5190 4824
5191 4846
5199 4875
5200 4824
5226 4828
5243 4824
5262 4828
5263 4824
5289 4824
5290 4824
5291 4824
5312 4846
5336 4875
5382 4846
5427 4828
5437 4828
5452 4875
5472 4846
5479 4884
5487 4846
5524 4875
5524 4828
5531 4875
5531 4875
5531 4899
5531 4828
5531 4884
5543 4828
5576 4846
5606 4899
5612 4828
5704 4828
5739 4828
5739 4875
5776 4899
5787 4828
5796 4875
5796 4875
5796 4828
5800 4884
5802 4884
5804 4828
5809 4875
5817 4828
5823 4875
5823 4875
5839 4828
5862 4828
5871 4875
5932 4875
5932 4828
5933 4875
5934 4828
5961 4828
6031 4875
6043 4828
6068 4875
6068 4828
6069 4875
6070 4828
6075 4828
6091 4828
6092 4828
6093 4828
6112 4875
6113 4875
6113 4875
6114 4875
6182 4875
6280 4884
6460 4875
6494 4884
6510 4875
6518 4884
6518 4875
6563 4875
6596 4884
6658 4875
6665 4884
6714 4875
6714 4884
6900 4875
6902 4875
6907 4875
6916 4884
6934 4884
6945 4875
6946 4884
6993 4875
7046 4884
7052 4884
7054 4884
7055 4875
7057 4875
7086 4875
7116 4875
7230 4884
7231 4884
7236 4884
7238 4884
7239 4875
7239 4884
7362 4884
7492 4875
7493 4875
7514 4879
7580 4884
7597 4884
7598 4884
7608 4884
7610 4884
