6 871
6 893
6 895
6 826
6 897
6 820
6 863
6 813
6 802
6 857
6 885
6 881
6 857
8 868
8 817
8 882
8 802
8 864
8 866
8 881
8 822
8 844
8 885
8 878
9 857
9 868
9 857
9 893
11 817
11 871
11 863
11 887
11 895
11 803
11 805
11 826
11 806
11 882
11 839
11 802
11 825
11 885
11 822
11 868
11 857
11 881
11 844
11 837
11 864
11 836
11 853
11 866
11 878
11 873
11 893
11 849
11 857
11 859
12 838
12 810
12 822
12 857
12 805
15 893
16 857
16 857
16 887
16 817
20 838
20 864
20 861
20 803
20 853
21 802
21 837
21 871
21 868
21 893
21 887
21 853
23 897
23 881
24 817
24 813
24 887
24 893
24 853
24 895
24 863
24 849
24 803
24 857
25 857
25 864
27 866
28 864
28 895
28 859
29 878
29 882
29 895
29 838
29 863
29 829
29 868
29 810
29 866
29 857
29 837
29 840
35 853
35 803
36 813
36 844
36 859
36 849
36 895
36 817
36 857
36 861
36 838
37 881
39 822
39 878
41 857
41 837
41 887
41 893
42 853
42 823
42 817
42 810
43 857
45 871
46 857
46 838
46 844
47 857
47 820
47 844
48 878
48 817
53 857
53 806
57 817
58 853
59 895
59 861
68 825
71 895
72 844
72 820
72 802
72 881
72 885
74 864
74 817
74 806
74 863
74 895
74 893
74 803
77 868
77 878
78 857
79 817
79 864
79 857
79 878
80 857
80 817
86 893
86 878
86 820
86 895
87 837
90 820
94 859
102 813
110 881
110 859
110 839
110 868
110 837
110 882
110 857
110 844
110 863
110 897
110 895
111 857
111 838
111 885
111 857
111 895
113 868
113 849
113 859
113 838
122 825
122 856
127 805
127 849
127 893
128 813
128 857
128 895
128 864
130 895
138 863
138 871
138 849
138 868
138 817
138 857
138 806
139 822
139 806
139 802
139 895
143 887
143 805
143 871
143 817
147 820
151 806
151 857
151 878
151 895
151 837
151 887
151 863
151 844
154 895
154 857
157 893
157 857
157 885
166 859
166 838
166 837
166 897
168 857
171 803
171 887
171 853
172 878
172 873
172 856
173 887
173 861
173 873
173 853
173 895
173 805
173 820
173 803
173 817
173 813
173 871
173 836
173 857
173 823
176 857
176 871
176 805
177 820
178 895
178 844
178 817
182 895
182 878
182 805
191 802
192 857
201 817
201 823
215 836
216 895
223 882
224 857
224 806
232 857
232 857
236 857
236 844
241 802
241 864
254 881
254 895
254 864
254 857
255 864
255 878
255 817
259 803
259 893
259 817
259 853
263 893
265 827
266 836
266 844
269 817
269 895
270 853
276 802
280 817
280 820
280 813
290 887
304 810
304 820
306 857
306 878
306 881
306 868
306 896
306 817
306 863
306 895
306 810
308 817
308 853
308 895
308 813
308 857
308 878
308 844
308 838
308 859
308 861
310 817
310 893
310 857
310 857
310 878
310 871
310 813
310 844
310 806
310 805
310 868
311 878
311 826
311 893
311 871
311 857
311 861
311 859
311 887
311 810
311 805
311 895
311 844
312 839
312 864
312 849
312 844
312 806
312 882
312 857
312 813
312 893
312 868
312 820
312 817
312 866
312 861
312 881
312 805
312 837
312 803
312 887
312 897
312 878
312 885
312 802
312 838
312 895
312 857
312 822
313 857
313 871
315 881
315 838
315 802
315 893
315 817
315 873
315 864
315 857
315 895
315 857
315 844
315 885
315 863
315 878
317 863
317 878
317 849
317 823
317 857
317 805
317 887
317 813
317 820
317 857
317 844
317 868
317 864
317 826
317 853
317 871
317 895
319 844
319 826
319 817
319 822
319 813
319 803
319 878
319 805
319 857
321 817
321 895
324 817
327 857
334 849
334 838
334 829
334 839
334 822
334 864
334 885
334 863
334 893
335 839
339 863
339 893
339 895
339 817
339 803
339 853
339 885
339 881
339 822
340 885
341 829
346 853
348 878
348 817
351 893
371 881
371 823
371 844
371 857
371 878
371 868
371 895
371 897
371 885
371 882
371 849
376 817
387 817
407 844
407 887
412 844
412 868
412 859
412 838
424 893
424 857
424 838
427 820
429 837
429 839
432 817
432 839
432 802
432 844
432 861
432 895
432 837
432 813
432 864
432 868
439 895
456 817
457 856
457 810
457 826
457 871
457 857
457 836
457 861
457 873
467 849
469 893
499 829
499 893
501 817
501 887
545 803
553 893
555 893
556 863
556 895
556 897
556 803
556 849
556 853
556 857
556 878
556 817
556 893
564 895
588 859
590 829
592 863
600 895
600 885
600 844
600 878
600 853
600 864
600 803
600 893
600 859
600 817
601 803
618 844
618 857
618 895
620 881
620 882
626 817
626 803
626 802
626 893
633 893
633 820
633 817
633 863
633 857
634 844
634 853
634 887
634 803
634 813
635 803
635 863
635 857
636 806
637 857
637 838
637 863
639 863
639 817
639 823
643 823
643 866
644 863
645 857
645 863
645 817
645 857
646 810
647 836
647 857
649 882
649 878
650 853
650 806
650 817
650 895
650 868
650 885
650 859
659 857
663 864
663 871
663 857
663 878
663 887
663 844
663 853
663 822
663 868
663 817
663 881
664 849
674 857
674 895
674 878
677 817
686 805
686 853
686 861
686 803
686 826
691 817
691 863
695 893
695 813
695 863
697 817
697 895
697 859
704 873
704 857
704 857
704 805
704 859
705 857
705 878
705 823
706 817
706 803
706 836
707 813
707 803
707 861
707 857
707 853
707 826
710 861
710 857
715 857
715 803
722 813
722 893
722 825
722 817
722 844
722 839
722 895
725 859
728 817
730 838
730 893
730 895
732 857
736 866
737 840
742 893
742 817
742 857
742 838
742 885
742 863
742 810
749 878
749 805
749 817
759 893
759 895
762 896
762 895
762 881
762 838
763 817
763 820
763 893
766 856
766 857
766 857
766 871
766 878
766 825
766 817
766 826
769 829
769 805
769 893
769 887
769 802
769 868
769 813
769 817
770 893
770 897
771 893
772 817
782 802
782 817
784 856
784 810
784 857
788 863
788 859
788 895
788 893
789 887
789 857
789 817
789 844
789 893
789 857
791 817
794 895
795 887
795 895
795 853
795 882
797 817
797 868
799 802
800 829
800 802
801 838
801 802
802 829
803 806
805 871
805 825
805 857
805 813
807 806
810 805
810 817
811 817
812 822
812 817
813 859
813 864
813 822
813 825
813 887
813 871
813 805
813 878
813 817
814 817
814 893
815 829
815 817
816 817
816 871
816 829
818 822
819 822
820 822
821 822
822 813
825 826
826 871
826 887
830 829
831 829
832 878
837 839
838 810
838 866
838 857
838 882
838 839
838 864
838 885
838 844
838 881
838 878
840 837
842 844
842 853
843 844
844 857
844 805
844 857
845 838
847 838
848 838
848 882
848 881
848 893
851 857
852 857
853 857
853 868
854 863
856 825
862 849
862 897
865 893
865 895
865 866
865 897
865 882
867 868
869 882
870 857
870 896
870 887
870 861
871 857
871 826
871 805
873 849
876 878
877 878
879 825
879 881
879 810
880 881
882 897
887 863
888 863
889 863
890 863
891 863
892 893
896 897
922 826
922 887
922 871
922 861
922 803
935 853
941 861
943 826
946 857
946 887
946 859
956 857
956 823
960 805
970 857
971 805
971 871
971 857
978 805
981 857
982 857
982 887
985 857
986 805
988 856
988 859
993 871
993 836
993 826
993 813
993 873
993 887
993 805
993 857
994 805
996 820
996 859
996 813
1003 857
1006 805
1006 836
1006 871
1006 857
1006 813
1006 861
1006 803
1013 857
1024 825
1029 871
1032 857
1034 857
1037 859
1041 896
1042 856
1055 826
1055 871
1062 803
1062 836
1062 853
1064 857
1075 853
1075 825
1097 805
1097 856
1098 859
1111 803
1114 853
1124 859
1125 805
1129 887
1129 813
1133 825
1133 805
1135 887
1135 813
1135 805
1135 836
1137 813
1137 887
1138 805
1142 871
1151 836
1151 871
1151 859
1160 810
1160 853
1164 857
1165 871
1165 857
1166 857
1166 887
1166 825
1167 826
1167 810
1167 857
1167 805
1167 871
1169 856
1193 887
1193 859
1193 871
1195 805
1200 856
1202 887
1202 871
1203 887
1204 853
1204 803
1210 840
1210 803
1221 803
1221 887
1233 826
1236 871
1241 871
1244 805
1245 805
1246 805
1247 805
1253 861
1259 853
1278 853
1279 887
1279 813
1279 871
1279 826
1285 853
1286 853
1290 871
1291 871
1293 810
1293 826
1293 871
1296 813
1297 859
1305 826
1305 810
1305 861
1305 803
1305 853
1305 825
1305 856
1305 813
1306 813
1319 813
1350 826
1352 887
1357 887
1357 871
1357 813
1360 856
1367 856
1374 840
1374 826
1374 856
1374 896
1377 871
1377 826
1380 871
1381 813
1386 836
1386 813
1386 887
1394 887
1395 861
1395 840
1395 836
1423 826
1424 887
1424 826
1424 871
1428 836
1428 887
1428 873
1441 871
1442 813
1457 813
1470 871
1470 887
1471 861
1471 871
1480 896
1483 813
1483 887
1483 826
1483 871
1487 887
1492 826
1492 861
1492 887
1492 871
1496 887
1496 825
1500 859
1501 871
1510 871
1521 871
1522 871
1537 856
1542 859
1542 873
1547 887
1549 840
1549 859
1549 887
1549 825
1549 856
1555 887
1555 813
1565 813
1566 813
1589 861
1594 887
1594 825
1601 861
1606 861
1607 861
1608 859
1608 887
1608 836
1614 836
1615 887
1621 836
1623 887
1650 887
1662 856
1688 825
1749 859
1749 856
1772 836
1803 859
1811 859
1813 825
1814 856
1836 859
1837 836
1838 825
1838 836
1848 836
1868 836
1885 856
1896 836
1919 859
1919 836
1967 873
1972 825
1977 859
1997 873
1997 836
2062 873
2062 836
2072 873
2072 859
2102 825
2133 859
2135 825
2163 873
2172 873
2176 873
2197 859
2217 825
2225 856
2233 859
2234 825
2236 856
2240 856
2251 856
2252 825
2255 859
2256 827
2274 856
2274 859
2276 896
2290 825
2290 827
2297 825
2299 856
2326 827
2326 825
2328 859
2328 825
2356 825
2365 856
2369 896
2371 856
2411 825
2427 859
2472 856
2473 856
2485 825
2485 856
2488 825
2504 825
2560 825
2560 856
2565 856
2565 840
2565 840
2565 825
2594 856
2618 856
2619 825
2651 856
2651 825
2653 825
2654 825
2660 856
2660 825
2674 825
2674 856
2677 840
2677 840
2680 896
2686 896
2686 825
2686 856
2688 856
2688 825
2690 856
2693 856
2693 896
2696 856
2700 825
2707 856
2707 825
2713 825
2737 856
2744 896
2746 825
2790 827
2790 856
2822 856
2842 825
2859 825
2871 825
2883 856
2940 825
2964 825
2964 856
2967 825
2972 896
2972 825
2978 856
2999 825
3006 856
3007 896
3010 825
3020 856
3026 856
3026 825
3028 825
3032 856
3057 840
3062 856
3095 856
3125 856
3159 856
3168 825
3192 825
3196 856
3199 825
3209 856
3239 856
3252 825
3258 827
3293 840
3317 825
3326 825
3352 825
3378 896
3394 825
3394 827
3439 825
3449 896
3452 896
3454 825
3458 896
3469 825
3470 825
3482 825
3498 896
3521 825
3541 825
3562 825
3568 827
3568 825
3614 896
3615 825
3624 825
3641 825
3642 840
3642 896
3642 840
3645 825
3646 825
3655 825
3659 825
3661 825
3682 827
3720 825
3724 825
3786 825
3798 825
3812 825
3813 896
3814 825
3965 825
3995 896
4036 825
4037 825
4039 825
4042 825
4065 896
4065 825
4073 825
4073 896
4076 852
4095 825
4096 825
4097 825
4098 825
4099 825
4422 840
4422 840
4437 840
4455 840
4530 896
4666 840
4717 896
4781 896
4828 896
4967 896
4967 840
5002 840
5038 840
5123 896
5173 840
5173 840
5180 896
5182 896
5254 840
5254 896
5263 896
5399 896
5427 896
5482 840
5524 840
5531 840
5531 896
5624 896
5644 896
5714 896
5773 840
5787 896
5796 896
5800 840
5811 840
5819 896
5871 896
5932 896
5934 896
5938 896
5967 896
5997 896
5998 896
5999 896
6000 896
6218 840
6229 840
6360 840
6486 840
6525 840
6525 840
6560 840
6618 840
6784 840
6784 840
6790 840
6907 840
6913 840
6984 840
6991 840
7052 840
7063 840
