3 611
3 604
4 650
6 613
6 604
6 673
6 656
6 643
6 600
6 665
6 659
6 659
6 659
6 609
6 691
6 617
6 611
6 668
8 659
8 636
8 631
8 613
8 617
8 628
8 664
8 665
8 674
8 668
8 607
8 667
8 637
8 657
8 650
8 656
8 600
8 622
8 627
8 673
8 609
8 675
8 604
8 681
8 611
8 659
8 677
8 616
8 658
8 624
9 658
9 626
9 664
9 611
10 659
10 600
10 658
10 681
10 631
10 628
10 627
10 609
10 667
10 664
10 665
10 636
10 668
10 622
10 617
10 675
10 656
10 657
10 659
11 613
11 673
11 677
11 667
11 644
11 677
11 673
11 622
11 675
11 631
11 607
11 668
11 659
11 664
11 674
11 627
11 628
11 659
11 624
11 609
11 643
11 659
11 658
11 608
11 611
11 617
11 681
11 600
11 647
11 636
11 637
11 684
12 668
12 644
12 609
12 675
12 677
12 663
12 631
12 697
12 677
14 609
14 613
14 617
14 650
14 656
14 619
14 616
14 631
14 665
14 626
15 667
15 600
16 637
17 667
17 658
17 624
17 675
17 656
18 643
20 650
20 636
20 626
20 631
20 667
20 658
20 611
20 624
20 600
20 681
20 609
20 697
20 675
20 656
20 677
20 657
21 664
21 637
21 611
21 657
21 613
21 667
21 656
23 667
23 664
23 616
23 617
23 601
23 656
23 674
24 626
24 696
24 636
24 663
24 633
24 681
24 647
24 667
24 643
24 697
24 600
24 644
25 667
25 650
25 696
25 675
25 659
25 604
25 673
25 600
26 675
26 673
26 684
26 673
26 681
26 636
27 667
27 681
27 636
27 628
27 627
27 613
27 609
27 684
27 673
27 604
27 664
27 624
27 656
27 631
27 616
27 668
28 627
28 636
28 600
28 667
28 675
28 616
28 673
28 631
28 658
28 681
28 656
29 670
29 627
29 668
29 659
29 611
29 677
29 665
29 667
29 600
29 684
29 673
29 681
29 604
29 656
29 674
35 644
35 647
36 637
36 667
36 681
36 636
36 665
36 697
36 663
36 656
36 644
36 643
36 626
36 600
37 608
37 608
37 609
37 656
38 609
39 628
39 611
39 659
39 613
39 659
39 631
41 681
42 658
42 656
46 624
46 609
46 681
46 656
46 664
47 656
47 675
47 664
47 644
47 667
47 609
48 664
49 664
51 656
51 609
55 696
55 697
55 673
56 622
57 656
57 675
59 600
59 643
66 607
66 600
68 608
68 650
71 631
71 600
72 667
72 659
72 637
74 626
74 637
74 643
74 665
75 600
77 644
77 604
77 624
79 600
79 697
79 637
80 656
80 636
80 681
80 631
80 643
80 657
80 658
80 664
80 675
80 684
80 600
86 696
86 674
86 626
86 600
87 656
87 647
87 608
87 658
87 667
87 600
87 696
90 644
90 600
94 613
94 656
98 664
103 681
103 667
103 656
103 600
103 657
104 664
104 667
105 677
110 667
110 656
110 665
110 616
110 613
111 636
111 600
111 668
111 611
122 608
125 637
126 697
126 696
127 607
127 616
127 656
127 650
130 656
130 650
130 657
132 656
135 656
138 600
138 656
138 637
138 659
138 663
138 668
138 681
138 673
139 611
139 681
143 647
143 644
143 697
143 633
145 626
150 607
150 609
151 643
151 637
151 659
152 667
152 665
152 656
154 609
154 617
154 636
157 663
157 696
157 697
157 626
161 677
164 628
164 677
166 659
166 659
166 673
166 647
168 663
171 644
173 600
173 665
173 626
173 691
173 647
173 697
173 644
176 647
177 677
177 677
178 600
178 673
178 616
179 673
180 677
182 600
182 644
182 667
182 650
182 656
182 647
187 601
187 600
187 664
187 657
187 658
192 600
193 656
201 681
203 600
204 611
205 600
205 658
205 613
208 626
209 686
209 696
209 626
209 697
215 636
215 663
215 684
221 604
223 636
223 607
231 650
231 657
231 656
231 600
231 613
231 673
231 686
231 611
231 617
232 600
232 665
236 636
236 600
236 622
236 656
236 611
236 684
237 636
241 626
254 677
255 636
255 637
255 677
255 628
255 624
255 677
255 643
255 608
255 681
255 631
255 656
255 659
255 600
255 668
255 659
255 673
255 627
255 673
255 667
255 675
255 697
255 657
255 607
255 633
255 658
256 644
256 626
259 600
259 626
261 607
261 609
265 675
265 677
265 600
266 665
269 609
269 697
275 604
275 664
275 650
275 667
275 657
275 656
280 697
280 667
280 677
280 626
282 664
282 604
282 606
282 675
282 656
282 607
282 609
290 633
304 696
305 659
306 677
306 659
306 659
306 667
306 637
306 636
306 656
306 682
306 673
306 643
306 609
306 684
306 600
306 681
306 664
306 675
306 613
306 697
308 697
308 663
308 600
308 643
308 626
308 647
308 673
308 644
310 682
310 674
310 659
310 677
310 665
310 697
310 626
310 686
310 600
310 637
310 633
311 674
311 697
311 626
311 643
311 637
311 663
311 647
312 657
312 647
312 636
312 631
312 691
312 697
312 686
312 643
312 673
312 681
312 626
312 624
312 673
312 677
312 664
312 682
312 658
312 675
312 677
312 600
312 674
312 696
312 667
312 668
312 670
312 628
312 684
312 656
312 644
313 644
313 697
315 637
315 677
315 659
315 643
315 673
315 663
317 637
317 647
317 663
317 696
317 697
317 644
317 626
317 686
317 643
317 677
319 647
319 622
319 600
319 627
319 675
319 637
319 673
319 659
319 659
319 673
319 656
319 633
321 696
325 607
328 626
334 643
334 697
336 600
336 636
339 673
339 616
339 627
339 628
339 624
339 611
339 659
339 609
339 644
339 631
339 659
339 647
339 643
339 600
339 668
339 675
339 613
340 627
340 663
340 656
340 628
343 656
345 600
346 659
348 686
348 697
349 613
350 696
364 670
364 658
366 656
371 664
371 643
371 658
371 686
371 627
371 600
371 659
371 677
376 697
376 643
376 636
381 622
387 600
400 686
405 697
405 637
405 658
405 677
406 670
406 677
406 675
406 681
406 684
406 636
406 668
406 667
407 696
407 673
407 697
412 681
414 656
432 664
432 665
432 691
432 697
432 637
432 675
432 618
439 644
457 696
457 608
457 697
457 663
457 633
469 608
499 626
501 664
513 636
545 644
545 647
553 626
553 600
556 628
556 675
556 643
556 631
556 659
556 686
556 627
556 611
556 624
556 697
556 658
556 626
556 659
556 656
556 617
556 657
556 650
556 600
556 667
556 665
556 668
564 656
564 673
564 604
574 673
579 626
583 633
583 628
584 604
586 667
586 673
591 673
592 657
592 611
592 628
592 624
600 647
600 677
600 626
600 601
600 637
601 600
602 604
604 636
604 600
606 611
606 607
608 609
612 613
614 600
614 616
614 659
614 659
615 627
615 675
615 636
615 628
615 650
615 677
615 668
615 656
615 684
615 664
615 624
615 657
615 617
615 616
615 622
618 673
618 600
620 622
620 643
620 628
620 673
624 628
624 627
625 624
626 627
626 600
626 673
633 636
633 644
633 656
633 626
633 600
634 644
634 686
634 697
634 647
634 626
634 608
635 659
635 656
635 643
635 600
636 663
639 674
639 668
639 696
640 644
641 686
642 657
642 656
643 673
643 600
644 677
644 636
645 659
647 626
647 600
649 650
649 600
650 637
650 677
650 657
650 667
650 682
651 656
652 656
653 656
654 656
658 667
658 664
661 658
662 658
663 643
663 637
663 667
663 675
663 697
663 696
663 600
663 664
663 684
663 677
663 636
665 667
666 665
666 667
667 665
672 673
674 675
682 684
682 636
686 644
686 663
689 644
691 696
693 694
695 600
695 691
697 663
697 643
697 691
697 600
697 696
698 665
699 647
704 663
704 647
704 673
705 674
706 663
706 600
706 626
707 697
707 663
707 696
707 626
708 696
710 644
710 663
710 697
710 686
715 644
715 647
722 643
722 637
728 600
730 600
730 696
742 663
742 643
742 697
742 659
749 600
749 697
759 600
759 643
759 659
759 626
760 600
762 626
762 659
762 600
762 691
762 663
762 659
762 697
762 644
763 637
764 600
766 608
766 644
766 673
766 659
766 600
766 659
766 633
767 600
768 600
769 626
769 600
770 600
771 600
771 626
772 600
781 673
782 659
782 673
782 677
784 647
784 663
784 697
784 665
788 644
788 643
788 697
788 696
789 697
789 637
789 673
789 663
791 647
795 643
796 644
797 644
803 659
805 644
810 647
813 691
813 608
816 644
823 686
823 697
823 677
823 626
824 677
826 665
826 633
836 665
838 643
844 637
844 663
848 643
853 663
853 674
853 697
860 643
862 637
863 637
865 626
869 674
870 674
871 697
872 686
873 643
879 608
886 643
896 696
911 697
911 626
918 665
922 647
922 691
931 665
932 665
940 682
941 691
941 647
941 682
941 697
946 663
946 697
947 697
948 633
954 626
956 696
956 663
956 686
956 697
960 626
960 697
960 696
960 663
967 697
970 626
971 663
978 644
981 696
981 626
981 697
982 663
984 644
986 626
988 633
993 697
993 626
993 663
994 663
994 696
994 697
996 647
996 608
996 633
996 644
998 697
998 686
998 696
998 663
1003 663
1006 696
1006 686
1013 644
1013 626
1022 663
1024 697
1024 626
1027 697
1028 626
1028 697
1032 647
1032 663
1037 686
1046 647
1050 697
1051 644
1055 697
1055 691
1062 644
1062 647
1062 663
1074 686
1075 686
1078 626
1084 626
1085 626
1086 665
1086 626
1087 626
1088 626
1114 663
1124 696
1125 696
1125 608
1125 663
1126 696
1127 665
1129 691
1132 665
1133 608
1133 663
1133 633
1135 647
1135 644
1137 644
1146 663
1147 663
1151 608
1166 633
1166 608
1200 633
1201 644
1210 644
1210 633
1221 633
1245 644
1246 644
1247 633
1267 665
1278 644
1279 644
1297 647
1305 647
1305 691
1305 633
1308 644
1309 644
1310 644
1311 644
1312 644
1319 691
1320 647
1328 665
1336 665
1340 665
1374 608
1374 633
1428 665
1492 691
1496 633
1500 633
1522 608
1522 608
1525 665
1538 691
1549 633
1550 608
1596 633
1605 691
1608 633
1608 665
1614 665
1674 633
1697 633
1701 608
1717 665
1751 665
1919 665
1922 633
1927 665
1967 665
1972 608
1991 633
1997 665
2008 665
2010 665
2011 665
2012 665
2013 665
2014 665
2015 665
2016 665
2017 665
2018 665
2019 665
2020 665
2021 665
2023 665
2024 665
2025 665
2026 665
2027 665
2029 665
2030 665
2031 665
2032 665
2033 665
2034 665
2035 665
2036 665
2037 665
2038 665
2065 633
2229 633
2236 633
2237 608
2297 608
2326 608
2332 633
2472 633
2473 633
2474 633
2507 633
2559 633
2564 608
2565 633
2651 608
2653 608
2660 633
2667 633
2674 633
2686 633
2688 608
2688 608
2688 633
2690 633
2696 633
2699 633
2699 608
2700 608
2703 633
2704 633
2790 633
2859 608
2871 633
2871 608
2872 608
2964 633
2972 608
2972 608
2981 608
3010 608
3020 633
3024 633
3026 608
3028 608
3055 608
3062 633
3092 633
3095 633
3098 633
3192 608
3246 633
3247 633
3248 633
3249 633
3252 608
3258 608
3352 608
3352 608
3402 608
3449 608
3453 608
3454 608
3456 608
3457 608
3488 608
3498 608
3527 608
3568 608
3614 608
3633 608
3635 608
3643 608
3724 608
3786 608
3842 608
3943 608
3944 608
4077 608
4138 608
4550 608
4813 608
4824 608
4828 608
4899 608
4948 608
4967 608
4988 608
5008 608
5029 608
5176 608
5184 608
5189 608
5190 608
5285 608
5324 608
5405 608
5475 608
5476 608
