3 349
3 300
3 348
3 371
4 370
4 363
6 371
6 300
6 306
6 370
6 396
6 348
6 339
6 322
6 319
6 356
6 325
6 349
6 301
6 378
6 379
6 362
6 363
6 373
6 391
6 392
6 390
6 394
6 304
6 358
6 377
6 317
8 310
8 322
8 308
8 379
8 300
8 391
8 358
8 390
8 378
8 371
8 348
8 370
8 373
8 319
8 394
8 356
8 341
8 363
8 339
8 396
8 362
8 349
8 301
8 392
8 377
9 348
9 377
9 391
9 394
9 390
9 356
9 379
9 370
9 378
9 363
9 392
9 325
9 339
10 319
10 306
10 301
10 310
11 338
11 308
11 350
11 319
11 332
11 313
11 306
11 372
11 317
11 334
11 325
11 310
12 356
12 362
12 349
12 390
13 341
14 391
14 377
14 363
14 378
14 390
14 371
14 325
14 338
14 394
14 396
14 356
17 339
17 377
17 356
17 391
17 378
18 308
19 371
20 370
20 348
20 339
20 308
20 391
20 310
20 350
20 321
20 306
20 371
20 378
20 379
20 322
20 363
20 325
20 377
21 308
21 334
21 370
21 356
23 300
23 313
23 325
23 308
24 391
24 370
24 378
24 348
24 334
24 310
24 373
24 311
24 321
25 379
25 377
25 371
25 306
25 370
25 310
25 348
25 325
25 363
25 308
25 356
25 373
25 339
26 300
26 396
26 373
26 348
26 310
26 301
26 377
26 356
26 339
26 370
26 363
26 349
26 391
26 371
26 325
26 394
26 362
26 378
26 389
26 306
26 341
26 390
26 358
26 379
27 390
27 371
27 348
27 319
27 396
27 379
27 301
27 325
27 370
27 373
27 310
27 306
27 394
27 362
27 377
28 310
28 391
28 322
28 304
28 301
28 370
28 313
28 319
28 325
28 356
28 396
29 356
29 396
29 394
29 358
29 300
29 348
29 322
29 391
29 308
29 362
29 317
29 313
29 389
33 396
35 378
35 373
35 339
35 394
35 391
35 362
35 356
35 348
35 390
35 370
35 300
35 377
35 379
36 308
36 356
36 394
36 322
36 304
36 373
36 370
36 391
36 313
36 332
36 377
36 334
36 348
36 396
36 310
36 325
37 370
37 325
39 341
39 319
39 325
41 358
41 377
41 356
41 322
41 339
42 356
42 378
42 391
42 348
42 396
42 377
44 372
44 391
44 390
46 370
46 371
46 325
46 378
46 348
46 377
46 396
46 394
46 391
46 301
46 300
46 379
47 317
47 389
47 322
47 356
47 334
47 304
48 356
48 310
48 391
49 396
49 370
51 325
54 373
54 394
54 356
55 370
55 304
55 348
55 379
55 313
55 321
55 308
55 373
55 317
55 356
55 325
58 310
58 322
58 325
59 391
59 378
59 370
59 377
59 372
59 371
62 363
62 370
66 394
66 338
67 356
67 391
68 379
71 319
71 356
71 370
71 391
72 371
72 313
72 322
72 321
72 370
72 341
73 378
73 394
73 363
74 356
74 304
74 321
74 317
74 334
75 370
77 363
78 377
78 390
78 379
78 392
78 391
78 378
78 396
79 370
79 313
79 311
79 391
79 341
79 356
80 325
80 322
80 304
80 310
80 356
80 311
80 370
80 339
80 319
83 371
86 308
86 304
86 313
86 332
86 391
86 325
87 372
87 317
87 348
87 396
87 363
87 313
87 304
89 310
90 308
90 321
90 338
94 302
94 356
94 348
94 301
100 378
103 306
103 370
103 391
104 308
104 377
104 396
104 356
110 317
110 322
110 304
110 317
110 313
110 310
110 306
111 308
111 378
111 300
111 377
111 306
111 373
113 370
113 339
121 350
125 317
125 313
125 321
125 302
126 321
127 332
127 379
127 346
127 325
128 372
128 356
128 379
128 348
130 356
132 310
132 370
132 325
133 373
133 348
133 362
133 370
133 391
135 310
135 394
136 349
138 317
138 370
138 308
138 373
139 322
140 358
140 379
140 396
140 363
140 348
140 339
140 390
140 341
140 356
140 370
140 349
142 371
142 363
142 370
142 301
143 370
143 313
143 317
143 377
143 379
143 396
143 339
143 301
143 394
143 390
143 363
143 391
143 378
143 373
143 334
145 391
147 304
147 319
147 311
147 310
150 371
151 322
151 338
151 308
154 308
154 377
154 348
154 306
154 310
154 304
154 322
154 370
157 396
157 313
157 325
157 311
161 334
162 300
166 304
172 391
173 334
173 314
173 304
173 372
173 317
173 313
173 346
173 321
173 311
173 322
176 334
177 372
178 371
178 313
178 396
179 301
179 306
179 348
179 349
179 304
179 308
180 349
180 370
182 310
185 321
187 322
187 348
187 394
187 373
190 370
191 372
192 379
192 308
193 358
193 325
202 301
215 348
215 321
215 306
215 350
215 332
215 310
216 321
221 390
221 339
221 348
221 341
222 348
223 301
223 348
223 356
223 358
223 325
223 341
228 391
231 379
231 396
231 391
231 321
236 356
236 348
236 349
236 319
236 325
236 310
236 306
236 308
236 300
237 391
237 373
238 358
241 325
247 341
249 302
251 310
254 313
255 317
255 371
255 317
255 310
255 306
255 319
255 325
257 377
259 356
261 339
263 339
269 396
269 348
269 339
269 321
273 348
273 392
275 356
280 372
280 317
280 304
280 308
290 372
291 346
295 300
301 362
302 389
302 370
302 359
302 349
304 313
304 322
304 317
305 322
306 332
306 317
306 319
306 371
306 308
306 310
306 322
306 325
306 311
306 313
307 377
307 322
308 313
308 322
308 304
308 311
308 350
308 321
308 317
309 322
310 322
310 317
310 313
310 350
310 308
310 338
310 332
310 324
310 317
310 304
311 317
311 321
311 322
311 317
311 313
311 324
311 304
312 319
312 322
312 321
312 304
312 317
312 311
312 308
312 334
312 310
312 306
312 338
312 313
312 332
312 325
313 322
314 322
315 317
315 308
315 322
316 322
317 313
317 321
317 311
317 308
317 304
317 322
317 334
318 322
319 322
319 370
319 325
319 317
319 311
319 306
319 371
319 379
319 310
321 308
321 311
326 348
327 311
328 325
328 356
328 373
334 313
334 317
336 356
336 325
336 371
336 310
339 379
339 341
339 334
339 373
339 394
339 377
340 304
340 396
341 348
341 396
341 370
341 362
344 348
345 371
345 348
346 348
348 325
350 356
351 339
351 356
351 325
352 325
352 356
353 356
357 339
357 358
362 363
363 362
364 370
365 377
365 370
365 391
366 377
366 379
366 391
366 370
367 370
368 370
371 310
371 313
371 373
371 304
371 317
372 391
372 373
374 377
375 377
376 377
376 311
376 310
376 394
376 350
376 325
386 310
393 394
395 396
395 321
400 321
406 306
406 325
406 319
406 310
407 308
407 372
424 310
426 341
432 332
432 310
432 321
432 308
432 317
447 350
457 311
467 368
501 325
530 313
542 372
545 334
546 372
556 321
556 372
564 311
564 310
567 371
583 372
584 371
585 371
585 310
600 311
600 308
600 321
600 350
600 313
601 321
604 325
604 310
615 325
615 319
615 306
633 319
633 311
633 306
633 310
633 313
634 334
635 304
635 317
637 311
637 317
639 313
643 313
643 311
644 313
649 304
650 308
650 332
650 311
663 321
663 311
667 332
674 325
674 317
674 308
674 310
682 310
686 334
686 338
686 372
688 310
689 310
690 310
691 306
692 325
692 306
692 319
695 324
695 372
695 325
695 346
697 332
697 313
697 311
697 321
704 308
704 304
704 317
704 313
705 317
705 317
706 317
707 321
707 311
708 321
708 311
708 304
708 334
708 317
710 321
712 304
713 332
715 334
722 308
742 311
742 324
742 304
742 317
759 311
759 313
759 317
761 304
766 350
766 332
766 346
769 338
769 321
769 314
769 311
769 332
769 350
769 313
784 338
784 346
784 311
788 317
788 311
788 321
789 317
789 313
789 304
789 311
795 317
795 372
795 311
795 313
795 321
795 304
805 313
810 313
810 304
813 332
813 350
823 313
826 332
826 372
838 308
838 334
844 313
844 308
848 308
859 308
860 317
860 308
860 317
861 308
871 311
877 313
882 317
882 317
911 321
911 304
914 304
918 334
918 321
922 334
933 317
941 334
941 311
943 313
946 311
946 334
946 350
956 321
956 311
957 304
959 313
960 313
970 338
971 334
971 317
971 311
971 321
978 304
981 304
982 338
986 332
986 334
987 304
988 332
993 311
993 334
993 317
993 304
994 311
994 304
994 321
996 350
996 332
996 334
998 372
1000 317
1006 338
1006 314
1008 304
1009 334
1009 311
1009 314
1009 332
1010 314
1023 311
1023 332
1027 321
1027 311
1031 311
1032 311
1033 311
1034 321
1034 372
1034 311
1042 332
1043 372
1043 350
1050 372
1052 321
1055 321
1062 321
1084 338
1098 350
1114 334
1124 350
1132 338
1133 346
1135 332
1135 334
1137 350
1143 372
1151 350
1151 372
1151 332
1160 334
1166 346
1166 332
1166 350
1166 372
1169 350
1203 334
1210 372
1210 334
1210 350
1245 334
1259 334
1279 332
1301 334
1302 334
1303 334
1304 334
1305 314
1305 334
1306 334
1319 314
1350 372
1352 314
1352 372
1395 332
1419 350
1442 314
1468 346
1473 372
1480 372
1487 372
1522 332
1538 372
1542 332
1549 350
1549 332
1555 350
1594 372
1608 332
1608 350
1614 372
1615 372
1691 372
1692 372
1716 372
1717 372
1748 350
1756 332
1756 372
1766 332
1772 332
1820 350
1919 332
1991 350
1997 332
2009 350
2062 332
2072 350
2072 332
2093 350
2116 350
2118 350
2120 332
2133 350
2133 332
2168 350
2172 332
2209 350
2230 332
2231 332
2232 332
2233 332
2256 350
2274 332
2297 332
2322 332
2328 350
2328 332
2369 332
2407 332
2416 332
2417 332
2418 332
2469 350
2472 350
2473 350
2506 350
2560 346
2565 346
2593 350
2623 350
2658 346
2672 350
2676 350
2688 346
2708 346
3601 346
3666 346
3787 346
3976 346
4044 346
4072 346
4099 346
4150 346
4574 346
4662 346
4688 346
4774 346
