11 2004
11 2079
11 2073
11 2085
11 2097
11 2066
11 2091
11 2062
11 2055
11 2007
11 2014
11 2076
11 2060
11 2071
11 2066
11 2095
14 2066
14 2066
14 2016
15 2066
21 2085
24 2066
36 2066
36 2071
42 2004
44 2066
47 2091
47 2079
47 2066
47 2007
59 2066
59 2062
62 2091
66 2014
66 2062
68 2001
71 2095
74 2004
86 2016
103 2014
122 2066
122 2014
127 2066
136 2066
147 2016
166 2066
172 2062
172 2016
173 2097
173 2091
173 2095
173 2062
173 2079
173 2071
173 2085
173 2066
173 2073
178 2073
193 2066
224 2066
231 2097
249 2055
255 2066
270 2079
280 2071
280 2004
290 2004
291 2066
306 2097
306 2079
306 2066
308 2004
308 2066
310 2097
310 2079
310 2066
311 2079
311 2062
311 2071
315 2014
319 2004
325 2066
407 2073
407 2097
412 2066
417 2066
432 2079
432 2066
432 2091
457 2071
457 2004
457 2001
457 2091
546 2073
546 2071
556 2004
559 2076
588 2062
600 2066
626 2066
634 2073
634 2079
634 2071
635 2066
635 2073
647 2062
650 2053
663 2066
695 2066
704 2066
708 2066
722 2097
727 2066
742 2095
742 2097
762 2066
763 2097
764 2071
766 2001
766 2071
766 2066
766 2014
766 2016
766 2004
766 2076
769 2062
784 2091
784 2053
784 2062
784 2097
784 2095
784 2076
784 2060
788 2066
795 2053
801 2055
805 2066
813 2016
813 2073
813 2066
813 2076
813 2071
813 2079
822 2016
826 2076
826 2016
826 2053
826 2066
826 2076
831 2091
831 2085
831 2095
837 2071
838 2053
841 2014
852 2066
854 2091
854 2095
865 2016
865 2060
872 2073
873 2062
900 2007
922 2066
922 2004
928 2066
935 2079
937 2071
943 2071
946 2076
946 2066
947 2066
950 2001
961 2073
975 2071
988 2016
988 2066
988 2097
993 2071
993 2097
993 2066
993 2073
993 2062
996 2066
996 2095
996 2091
996 2062
996 2014
996 2071
1006 2085
1006 2066
1006 2073
1006 2097
1037 2066
1042 2073
1050 2053
1062 2071
1062 2085
1086 2097
1097 2066
1098 2071
1098 2072
1098 2016
1098 2066
1098 2062
1098 2079
1098 2095
1111 2073
1111 2062
1111 2066
1111 2085
1124 2062
1125 2066
1127 2062
1127 2076
1132 2016
1132 2014
1133 2014
1133 2066
1135 2076
1135 2073
1137 2073
1137 2071
1143 2062
1151 2001
1151 2073
1151 2062
1151 2004
1151 2066
1151 2095
1151 2097
1151 2016
1151 2071
1151 2066
1151 2085
1151 2091
1164 2076
1165 2066
1166 2066
1166 2053
1166 2007
1166 2076
1169 2091
1184 2053
1184 2066
1185 2004
1200 2066
1200 2053
1201 2066
1202 2053
1202 2066
1210 2097
1210 2073
1210 2062
1210 2085
1210 2076
1210 2091
1210 2079
1210 2095
1210 2066
1211 2062
1215 2066
1221 2097
1230 2066
1233 2066
1236 2097
1236 2066
1241 2066
1248 2066
1253 2071
1267 2014
1267 2097
1267 2016
1267 2085
1279 2062
1284 2079
1285 2066
1285 2079
1286 2079
1305 2016
1319 2095
1319 2097
1319 2073
1319 2066
1326 2004
1335 2076
1336 2091
1336 2014
1350 2062
1352 2073
1352 2055
1352 2066
1352 2004
1352 2060
1353 2071
1355 2066
1374 2001
1374 2071
1374 2095
1374 2066
1378 2079
1378 2071
1380 2066
1380 2062
1380 2073
1381 2016
1386 2085
1386 2071
1395 2066
1395 2085
1395 2097
1395 2062
1395 2076
1395 2071
1403 2079
1424 2073
1428 2066
1428 2066
1428 2073
1428 2095
1428 2085
1428 2091
1428 2060
1428 2004
1441 2097
1441 2073
1462 2066
1466 2073
1473 2097
1473 2004
1482 2066
1487 2073
1489 2066
1489 2060
1489 2062
1492 2066
1492 2073
1496 2073
1496 2001
1496 2066
1496 2071
1506 2062
1507 2062
1521 2062
1521 2066
1521 2066
1522 2066
1537 2066
1537 2066
1538 2066
1542 2071
1547 2066
1549 2091
1549 2085
1549 2016
1549 2071
1549 2097
1549 2062
1549 2066
1549 2066
1549 2001
1549 2076
1549 2072
1549 2073
1552 2073
1555 2066
1566 2073
1566 2071
1566 2079
1571 2071
1571 2066
1583 2073
1585 2079
1585 2066
1585 2076
1585 2091
1585 2066
1592 2073
1594 2062
1594 2097
1608 2072
1608 2079
1608 2066
1608 2091
1608 2060
1608 2076
1608 2097
1608 2071
1608 2073
1608 2066
1608 2004
1614 2071
1615 2097
1615 2095
1615 2066
1615 2073
1615 2079
1621 2071
1639 2016
1639 2079
1639 2095
1639 2071
1639 2091
1644 2091
1644 2097
1644 2004
1661 2066
1668 2091
1693 2062
1693 2073
1697 2072
1700 2066
1700 2076
1700 2066
1700 2073
1700 2071
1705 2071
1707 2076
1717 2062
1717 2053
1717 2066
1717 2004
1722 2079
1729 2014
1730 2016
1734 2066
1738 2085
1749 2062
1749 2072
1754 2066
1756 2073
1756 2071
1766 2062
1767 2066
1767 2097
1772 2066
1772 2071
1772 2095
1783 2066
1783 2071
1783 2062
1792 2095
1792 2073
1794 2071
1795 2016
1803 2071
1808 2004
1808 2066
1811 2001
1814 2001
1816 2066
1820 2062
1820 2053
1822 2073
1835 2066
1837 2076
1837 2091
1837 2060
1837 2073
1838 2060
1838 2097
1838 2066
1838 2066
1838 2079
1838 2073
1838 2071
1838 2095
1847 2066
1847 2066
1848 2062
1868 2085
1868 2071
1868 2091
1869 2062
1885 2016
1896 2066
1899 2066
1918 2066
1918 2062
1919 2091
1919 2055
1919 2060
1919 2066
1919 2085
1919 2062
1919 2007
1919 2073
1919 2071
1922 2053
1925 2004
1928 2060
1948 2004
1962 2095
1965 2079
1966 2079
1972 2062
1972 2016
1977 2062
1977 2076
1977 2004
1980 2073
1982 2004
1982 2062
1985 2062
1990 2066
1991 2097
1997 2085
1997 2062
1997 2097
1997 2073
1997 2071
1997 2095
1997 2004
1997 2066
1997 2079
2001 2004
2001 2071
2009 2014
2010 2095
2012 2014
2014 2095
2054 2066
2054 2055
2059 2060
2062 2091
2062 2073
2062 2095
2062 2097
2062 2079
2062 2066
2062 2071
2062 2085
2063 2079
2064 2066
2064 2066
2065 2066
2065 2066
2069 2076
2070 2073
2071 2066
2071 2073
2072 2097
2072 2062
2072 2091
2072 2073
2084 2095
2084 2091
2084 2085
2084 2092
2085 2095
2085 2076
2085 2091
2086 2095
2087 2095
2088 2091
2088 2095
2088 2085
2089 2095
2090 2095
2091 2095
2092 2095
2092 2091
2092 2085
2093 2095
2099 2062
2099 2092
2099 2091
2099 2085
2109 2066
2114 2016
2117 2066
2118 2071
2120 2001
2120 2071
2133 2076
2133 2062
2135 2014
2145 2066
2156 2071
2159 2071
2160 2066
2174 2066
2184 2085
2193 2062
2196 2085
2197 2085
2198 2091
2198 2085
2199 2085
2225 2071
2227 2071
2236 2071
2237 2014
2237 2091
2237 2016
2238 2091
2240 2066
2240 2071
2249 2071
2250 2071
2251 2071
2256 2066
2256 2076
2258 2066
2297 2072
2297 2066
2323 2066
2326 2066
2326 2016
2328 2066
2328 2076
2328 2062
2328 2053
2369 2014
2371 2053
2375 2066
2376 2066
2378 2062
2379 2062
2380 2062
2411 2016
2472 2076
2474 2066
2485 2014
2485 2016
2504 2066
2506 2016
2535 2066
2542 2066
2542 2016
2557 2053
2560 2066
2560 2016
2564 2066
2565 2016
2565 2014
2565 2053
2565 2066
2576 2001
2576 2053
2585 2066
2594 2066
2594 2001
2605 2001
2618 2066
2647 2053
2651 2016
2651 2001
2651 2066
2653 2066
2653 2016
2654 2053
2658 2014
2659 2066
2660 2066
2663 2076
2672 2076
2674 2016
2680 2076
2686 2016
2688 2001
2688 2016
2688 2014
2697 2066
2700 2016
2703 2016
2707 2066
2713 2016
2713 2066
2746 2066
2760 2066
2768 2053
2778 2053
2811 2066
2819 2016
2831 2001
2842 2016
2866 2053
2871 2016
2871 2066
2900 2066
2903 2053
2904 2053
2912 2072
2940 2016
2958 2066
2964 2066
2967 2066
2967 2016
2967 2014
2972 2001
2985 2016
2988 2016
3005 2066
3015 2001
3024 2066
3026 2016
3031 2016
3032 2066
3033 2016
3059 2016
3060 2014
3073 2066
3081 2066
3087 2016
3088 2066
3101 2072
3108 2016
3144 2016
3147 2066
3150 2066
3189 2066
3192 2016
3256 2066
3349 2016
3352 2066
3379 2016
3381 2016
3386 2066
3390 2001
3392 2066
3394 2066
3396 2016
3439 2016
3449 2001
3449 2014
3453 2001
3454 2014
3455 2014
3456 2001
3456 2014
3462 2014
3478 2001
3479 2066
3498 2001
3521 2066
3522 2001
3535 2016
3536 2016
3541 2066
3562 2066
3568 2066
3601 2001
3614 2001
3615 2066
3630 2066
3642 2001
3645 2066
3659 2066
3714 2066
3720 2066
3728 2001
3728 2066
3729 2066
3767 2066
3786 2001
3787 2014
3798 2066
3804 2066
3815 2014
3872 2066
3917 2014
3956 2066
3976 2001
3977 2066
4013 2066
4036 2001
4042 2066
4065 2014
4068 2066
4070 2001
4074 2066
4076 2066
4077 2014
4123 2066
4127 2066
4128 2066
4138 2001
4144 2066
4190 2066
4191 2066
4192 2066
4276 2001
4310 2001
4338 2001
4353 2001
4355 2014
4355 2001
4547 2014
4687 2014
4688 2014
4718 2001
4756 2001
4756 2014
4760 2014
4824 2001
4893 2014
4898 2014
4899 2014
4899 2001
4900 2014
4901 2014
4948 2001
4967 2001
4981 2001
5079 2001
5118 2001
5176 2001
5179 2001
5180 2001
5189 2001
5190 2001
5196 2001
5419 2001
5427 2001
5487 2001
5495 2001
5531 2001
5691 2001
5733 2001
