11 3755
11 3787
11 3748
15 3755
24 3792
24 3748
29 3717
29 3720
47 3720
109 3752
109 3792
147 3787
182 3787
263 3726
302 3724
319 3748
319 3752
319 3796
371 3755
371 3796
398 3792
432 3796
456 3755
457 3796
457 3726
457 3755
457 3724
465 3717
634 3796
659 3755
688 3720
722 3796
737 3792
737 3726
763 3752
766 3720
766 3752
766 3748
766 3792
766 3796
766 3726
766 3787
766 3724
769 3755
769 3755
784 3720
789 3748
813 3748
813 3724
822 3748
825 3748
825 3796
935 3796
974 3769
996 3796
1024 3748
1032 3787
1074 3792
1098 3726
1125 3796
1129 3755
1133 3724
1133 3748
1133 3787
1133 3796
1137 3796
1137 3748
1151 3792
1151 3726
1151 3796
1151 3752
1166 3796
1211 3720
1235 3755
1241 3755
1261 3755
1297 3755
1319 3755
1319 3787
1319 3755
1319 3726
1331 3755
1336 3792
1350 3755
1374 3726
1374 3752
1377 3755
1381 3748
1381 3755
1390 3755
1457 3748
1483 3755
1521 3755
1538 3755
1538 3755
1549 3796
1549 3720
1549 3787
1549 3755
1564 3755
1566 3748
1608 3796
1622 3792
1639 3792
1667 3796
1754 3787
1772 3755
1783 3748
1789 3796
1799 3796
1807 3796
1816 3755
1838 3787
1875 3717
1982 3792
2009 3755
2016 3748
2118 3752
2129 3724
2133 3755
2135 3724
2135 3748
2135 3787
2135 3792
2144 3720
2145 3787
2215 3792
2217 3787
2223 3720
2225 3755
2237 3748
2240 3796
2249 3726
2256 3720
2256 3787
2257 3796
2290 3769
2290 3720
2298 3724
2326 3717
2326 3720
2326 3787
2357 3755
2369 3796
2371 3748
2371 3796
2376 3755
2379 3787
2379 3772
2381 3720
2384 3796
2387 3796
2387 3724
2398 3720
2485 3752
2485 3748
2485 3796
2497 3772
2497 3745
2516 3792
2549 3752
2560 3770
2564 3720
2565 3787
2565 3726
2565 3792
2565 3796
2565 3748
2565 3769
2565 3752
2576 3769
2618 3755
2619 3752
2647 3755
2651 3787
2653 3748
2658 3752
2658 3724
2660 3752
2688 3792
2688 3724
2688 3796
2688 3748
2693 3792
2696 3796
2696 3748
2702 3796
2713 3787
2729 3755
2760 3787
2834 3726
2851 3796
2859 3748
2859 3724
2871 3796
2871 3748
2872 3717
2909 3726
2923 3724
2932 3724
2940 3792
2967 3724
2967 3717
2967 3748
2967 3796
2967 3787
2972 3796
2972 3748
2974 3720
2985 3748
2988 3796
2991 3787
3009 3724
3010 3717
3024 3748
3026 3748
3026 3724
3032 3724
3032 3787
3034 3724
3059 3748
3073 3726
3084 3752
3084 3720
3087 3748
3092 3726
3092 3796
3127 3701
3159 3748
3168 3787
3168 3720
3176 3796
3192 3748
3197 3717
3256 3717
3291 3787
3313 3720
3350 3748
3378 3720
3381 3726
3381 3792
3390 3748
3390 3796
3393 3752
3402 3720
3402 3748
3402 3724
3404 3792
3409 3752
3443 3724
3443 3720
3447 3796
3447 3752
3449 3726
3449 3792
3449 3748
3449 3796
3452 3748
3452 3796
3453 3748
3453 3796
3455 3748
3456 3748
3456 3792
3456 3796
3457 3726
3461 3755
3461 3796
3463 3748
3479 3748
3498 3796
3518 3720
3519 3796
3540 3717
3567 3717
3568 3796
3568 3787
3568 3720
3593 3726
3601 3748
3614 3796
3615 3796
3631 3787
3635 3787
3641 3724
3641 3792
3641 3796
3641 3748
3642 3796
3642 3792
3643 3748
3643 3796
3645 3720
3658 3796
3660 3720
3691 3792
3711 3713
3712 3713
3724 3787
3728 3720
3728 3724
3748 3796
3774 3776
3775 3720
3775 3776
3787 3724
3787 3796
3787 3748
3794 3796
3794 3797
3794 3748
3796 3724
3796 3748
3803 3748
3813 3724
3815 3717
3819 3787
3854 3796
3854 3748
3877 3792
3912 3787
3916 3796
3917 3787
3920 3787
3965 3752
3976 3792
3976 3796
3977 3720
3995 3796
4023 3720
4034 3717
4035 3717
4036 3796
4036 3720
4040 3796
4040 3748
4041 3796
4042 3787
4044 3724
4045 3748
4045 3726
4045 3796
4046 3748
4065 3792
4065 3724
4070 3796
4073 3796
4073 3724
4076 3748
4076 3787
4080 3720
4099 3796
4124 3724
4127 3787
4127 3724
4136 3787
4150 3748
4151 3796
4152 3724
4199 3787
4211 3796
4219 3748
4221 3796
4275 3748
4276 3796
4295 3796
4310 3796
4310 3752
4315 3748
4329 3724
4351 3724
4355 3796
4363 3796
4415 3748
4432 3796
4441 3752
4459 3748
4483 3796
4511 3724
4534 3796
4547 3796
4564 3796
4574 3748
4587 3748
4625 3796
4626 3796
4632 3752
4632 3796
4632 3770
4633 3748
4653 3796
4661 3796
4662 3796
4663 3748
4665 3748
4669 3796
4681 3748
4688 3748
4709 3796
4712 3726
4717 3796
4718 3796
4749 3748
4750 3748
4751 3748
4752 3748
4753 3748
4764 3796
4792 3796
4795 3796
4795 3752
4828 3752
4828 3796
4828 3792
4829 3792
4894 3796
4899 3796
4943 3726
4948 3752
4948 3796
4964 3796
4967 3792
4967 3796
4974 3796
4981 3752
4982 3796
5002 3796
5006 3796
5011 3796
5029 3796
5037 3796
5059 3726
5079 3796
5079 3792
5095 3792
5143 3726
5171 3796
5172 3796
5173 3796
5174 3796
5175 3796
5176 3796
5177 3796
5178 3796
5179 3792
5179 3796
5180 3796
5181 3796
5182 3796
5183 3796
5184 3796
5185 3796
5185 3792
5186 3796
5187 3796
5188 3796
5188 3792
5189 3796
5190 3796
5191 3796
5192 3796
5396 3755
5439 3792
5472 3752
5524 3752
5524 3726
5524 3792
5531 3792
5543 3792
5553 3792
5671 3770
5697 3792
5702 3726
5714 3792
5739 3792
5775 3752
5796 3792
5800 3792
5802 3726
5802 3752
5811 3726
5816 3792
5816 3726
5818 3792
5824 3792
5915 3752
6032 3726
6217 3792
6243 3752
6280 3726
6327 3726
6327 3792
6346 3792
6359 3726
6359 3792
6486 3726
6494 3752
6494 3792
6500 3792
6596 3752
6615 3726
6615 3792
6619 3726
6620 3792
6620 3726
6624 3726
6624 3752
6635 3752
6649 3792
6714 3726
6784 3792
6801 3752
6861 3792
6862 3792
6863 3792
6864 3792
6866 3792
6902 3752
6906 3726
6907 3726
6907 3752
6916 3770
6941 3726
6993 3752
6994 3726
7052 3752
7052 3726
7055 3752
7086 3726
7092 3726
7104 3726
7106 3726
7113 3752
7188 3726
7231 3752
7280 3752
7449 3752
7511 3752
7598 3752
7605 3752
7614 3752
7691 3752
7744 3770
7768 3752
7769 3752
7808 3752
7808 3770
7818 3752
7882 3752
