3 28
3 30
3 54
3 39
4 38
4 28
4 30
5 6
5 54
5 8
5 89
5 50
5 30
5 38
5 61
5 23
5 55
6 89
6 38
6 34
6 28
6 80
6 54
6 3
6 28
6 23
6 61
6 50
6 29
6 8
6 56
6 35
6 86
6 39
6 19
6 30
6 56
6 55
7 35
7 55
7 28
7 75
7 6
7 38
7 54
7 61
7 30
8 23
8 30
8 56
8 34
8 50
8 49
8 28
8 80
8 86
8 75
8 55
8 54
8 6
8 39
8 36
8 89
8 61
8 28
8 19
9 61
9 86
9 28
9 75
9 54
9 23
9 80
9 55
9 30
9 34
10 34
10 3
10 50
10 89
10 54
10 8
10 38
10 6
10 30
10 23
10 28
10 19
11 35
11 6
11 19
11 30
11 8
11 49
11 8
11 36
11 50
11 28
11 34
11 72
11 28
11 56
11 61
11 28
11 75
11 55
11 54
11 38
11 29
11 23
11 15
11 89
11 86
12 28
12 80
12 28
12 30
13 30
14 23
14 75
14 54
14 49
14 49
14 3
14 55
14 32
14 28
14 28
14 28
14 56
14 30
14 61
15 49
15 54
15 49
15 23
15 55
15 38
15 61
15 32
15 28
15 28
15 30
15 28
15 8
15 56
16 30
16 28
17 30
17 35
17 3
17 8
17 55
17 28
17 50
17 54
18 30
18 55
18 36
19 89
19 28
19 30
19 38
19 54
19 3
19 23
19 61
19 55
19 50
19 6
20 75
20 6
20 30
20 55
20 56
20 19
20 89
20 61
20 80
20 34
20 36
20 54
20 50
20 3
21 28
21 30
21 86
21 54
21 75
21 61
21 89
21 35
22 30
23 55
23 29
23 80
23 38
23 50
23 30
24 19
24 3
24 15
24 36
24 35
24 54
24 34
24 8
24 30
24 28
24 50
25 50
25 75
25 23
25 28
25 55
25 29
25 80
25 86
25 28
25 35
25 54
25 28
26 19
26 80
26 28
26 23
26 55
26 89
26 56
26 39
26 6
26 50
26 54
26 34
26 3
26 38
26 28
27 28
27 34
27 15
27 19
27 55
27 6
28 6
28 3
28 75
28 34
28 19
28 29
28 50
28 8
28 55
28 35
28 38
28 86
28 80
28 54
28 61
28 49
29 28
29 55
29 23
29 86
29 50
29 54
29 28
29 3
29 56
29 39
31 49
31 75
32 75
33 8
33 38
33 54
33 56
33 50
34 39
34 54
34 6
34 3
35 50
35 54
35 39
35 3
36 86
36 80
36 15
36 89
36 28
36 54
36 35
36 38
36 50
36 28
36 55
37 54
37 50
38 54
38 55
38 75
39 6
39 54
39 35
39 29
39 28
39 8
39 50
39 23
39 80
40 54
40 55
41 56
41 3
41 54
41 56
41 28
41 28
41 75
41 28
42 28
42 50
42 23
42 75
42 56
42 80
42 54
42 55
42 34
42 19
43 54
44 15
44 54
45 55
45 54
46 54
46 3
46 56
46 36
47 28
47 55
47 56
47 61
47 54
47 19
47 3
47 28
47 80
47 50
48 54
48 86
49 28
49 54
50 61
50 54
50 23
50 28
51 54
51 55
51 80
52 54
53 15
53 54
53 28
54 3
54 28
55 75
55 80
55 36
55 29
55 28
55 61
55 86
55 38
55 6
55 28
55 8
56 61
56 49
56 6
57 61
57 55
58 15
58 55
58 89
58 61
58 80
58 75
58 28
58 50
58 23
59 15
59 61
59 86
59 3
59 49
59 28
59 49
59 56
60 61
62 6
63 6
64 6
65 89
65 6
66 6
66 55
66 28
66 56
67 75
67 56
68 72
68 15
68 75
68 56
71 50
71 80
71 86
71 19
71 55
71 35
72 56
72 8
72 28
72 89
72 8
72 39
73 75
73 8
73 3
74 75
74 56
74 55
74 28
74 29
74 35
74 28
74 49
74 86
75 8
75 8
75 28
75 28
75 56
75 28
75 8
75 56
76 8
77 28
77 49
77 49
78 56
78 56
78 28
79 75
79 55
80 50
80 55
80 86
80 29
80 75
81 55
86 35
86 55
86 56
86 50
87 86
87 15
87 28
87 75
87 36
87 29
87 28
87 55
87 56
87 35
89 86
89 15
89 35
89 56
90 29
90 28
90 35
90 86
90 75
90 23
90 55
90 15
90 72
90 39
91 55
94 56
94 86
94 56
98 56
98 86
100 34
101 28
101 75
101 56
103 75
103 80
103 28
104 55
104 28
104 75
106 55
110 29
111 86
111 3
111 80
111 39
113 8
113 29
113 94
113 15
113 56
113 75
120 15
122 15
125 55
125 29
125 28
125 36
125 35
126 75
126 29
126 86
126 55
127 28
127 35
127 15
127 3
128 28
128 86
128 29
129 55
130 86
132 19
132 35
132 56
132 56
136 19
136 80
136 15
138 86
138 28
138 89
138 19
138 55
138 36
138 3
139 28
139 3
139 8
139 28
139 86
139 49
139 75
140 39
140 80
143 3
143 28
143 35
143 19
143 36
143 80
143 29
147 28
147 28
151 28
151 86
151 29
151 80
152 35
152 28
152 28
152 50
152 75
152 28
152 55
152 56
153 50
154 80
154 15
154 23
154 28
154 50
154 29
155 75
155 89
155 50
156 50
157 56
157 29
157 23
157 50
161 75
161 55
162 89
164 35
165 39
166 35
166 86
166 75
169 80
169 28
171 35
171 23
172 23
173 86
173 35
173 15
175 55
176 29
176 19
176 35
178 3
180 3
180 80
182 86
187 36
187 29
187 86
192 56
192 28
192 39
193 86
201 36
201 80
201 75
201 55
205 86
208 28
215 35
215 28
216 86
218 55
221 28
222 28
223 28
223 80
223 3
224 28
225 28
226 55
226 28
226 28
227 35
227 28
228 28
230 28
231 35
231 28
231 86
232 28
233 28
234 28
235 28
236 80
236 28
237 28
237 75
237 28
237 56
238 28
239 28
244 56
249 15
251 80
254 75
254 55
255 35
255 29
255 36
256 80
257 19
263 80
265 29
265 75
265 49
265 35
269 3
269 86
273 34
275 80
275 75
275 28
275 15
280 15
280 56
280 56
282 19
290 35
292 3
295 56
302 94
302 75
303 80
304 86
304 29
306 8
306 36
306 86
306 29
307 75
307 55
308 15
308 86
308 36
308 29
308 35
310 36
310 56
310 35
310 56
310 86
311 56
311 29
311 86
311 72
311 35
311 56
312 86
312 8
312 36
312 29
313 56
313 29
313 35
315 72
315 36
315 8
317 35
317 36
317 29
319 15
319 39
319 8
321 35
321 86
323 80
324 80
326 80
327 80
328 75
328 80
331 94
333 55
334 86
334 29
334 56
334 36
335 15
336 75
336 15
336 28
336 86
339 35
339 36
339 86
340 86
342 55
344 75
345 39
348 86
351 86
352 75
356 55
364 75
365 75
366 28
366 49
367 75
371 56
371 56
371 72
371 72
371 86
371 29
376 36
376 35
376 86
388 15
395 35
403 75
405 56
407 72
407 72
415 35
426 75
426 49
426 39
430 49
430 49
432 36
439 86
440 28
440 49
443 28
444 28
444 55
446 28
454 75
454 28
454 49
455 28
457 35
457 15
460 75
460 28
461 75
461 28
462 28
462 75
479 86
488 86
494 75
498 75
499 86
502 86
504 49
530 86
536 75
539 75
540 75
541 49
541 55
541 75
542 15
542 75
543 55
544 55
545 55
545 35
546 55
547 55
548 55
549 55
550 55
552 49
556 86
556 35
556 15
561 56
570 56
582 56
583 56
583 86
586 86
587 35
588 35
590 36
593 39
594 39
597 86
600 35
600 86
600 36
600 29
600 15
620 86
626 35
626 86
633 86
634 15
634 35
635 29
635 35
639 86
643 72
644 35
644 86
645 29
647 35
650 36
659 35
659 86
663 35
663 86
663 36
665 56
673 86
674 86
689 86
691 36
695 86
695 56
695 15
695 56
695 36
697 15
701 15
705 35
706 36
706 35
707 35
707 86
708 29
710 15
710 35
715 35
722 86
722 36
730 86
730 35
733 86
738 8
738 86
742 72
742 86
749 86
759 86
759 35
759 36
761 29
762 15
766 86
766 72
769 56
782 8
784 56
784 56
784 35
787 86
788 15
788 86
789 35
791 35
794 86
803 35
805 35
810 35
812 36
813 86
813 72
816 72
823 29
825 15
826 56
842 56
852 15
852 86
854 15
859 86
865 35
865 86
870 86
871 35
879 35
895 86
896 86
898 86
904 35
905 86
909 86
910 86
911 86
912 86
913 86
915 86
916 86
917 86
918 86
919 86
920 86
921 86
922 35
941 35
941 56
943 35
946 35
946 72
946 56
949 56
956 56
971 35
974 15
978 56
978 35
985 35
986 35
993 56
993 35
994 15
994 35
996 56
996 15
1006 35
1022 35
1029 35
1034 15
1050 35
1051 15
1055 56
1055 56
1055 15
1062 35
1063 35
1075 15
1075 35
1097 15
1097 56
1098 56
1106 15
1111 15
1127 35
1128 35
1132 56
1133 15
1137 56
1137 72
1143 56
1151 15
1151 56
1151 56
1160 35
1167 35
1179 15
1184 72
1184 56
1185 56
1190 15
1193 15
1193 35
1200 56
1201 35
1202 56
1210 72
1210 35
1210 56
1215 15
1215 72
1234 35
1235 35
1237 35
1241 35
1242 72
1247 15
1259 35
1278 35
1279 35
1285 15
1286 35
1291 35
1292 35
1297 35
1305 35
1305 56
1326 56
1331 35
1332 35
1359 15
1374 56
1395 15
1462 56
1462 56
1470 15
1470 72
1492 72
1496 15
1522 15
1530 72
1537 56
1538 15
1542 15
1549 56
1549 15
1549 56
1553 56
1571 56
1608 15
1622 15
1644 15
1644 56
1661 15
1697 15
1701 56
1701 15
1717 56
1717 72
1717 72
1733 15
1751 15
1767 15
1772 56
1783 15
1800 15
1808 72
1820 56
1835 15
1847 15
1915 15
1919 56
1919 56
1962 56
1979 15
1991 56
1992 56
1997 56
2062 72
2072 56
2133 56
2135 15
2144 15
2160 15
2178 15
2225 15
2231 15
2233 56
2237 15
2240 15
2256 56
2256 15
2272 56
2297 15
2299 56
2323 15
2340 56
2368 15
2369 15
2384 15
2387 72
2410 15
2435 56
2440 15
2472 56
2474 56
2504 15
2544 15
2557 56
2564 15
2564 72
2565 56
2567 15
2569 56
2576 56
2585 15
2587 72
2593 56
2594 15
2595 15
2619 15
2623 15
2647 56
2651 15
2655 15
2667 15
2688 72
2693 15
2744 72
2757 56
2760 15
2760 72
2774 15
2775 15
2790 15
2851 15
2940 15
2972 15
2981 15
3004 15
3027 15
3032 72
3041 15
3088 15
3150 15
3176 72
3255 15
3274 72
3381 15
3443 15
3445 15
3449 15
3453 15
3453 72
3456 15
3458 15
3459 15
3461 72
3522 15
3568 15
3571 15
3601 15
3641 72
3642 15
3643 15
3688 15
3728 15
3751 15
3787 15
3787 72
3792 72
3794 72
3794 15
3812 15
3813 15
3830 15
3930 15
3956 15
3976 15
3976 72
3977 15
3982 15
4008 15
4013 15
4015 15
4036 15
4040 15
4041 15
4045 15
4071 15
4072 72
4073 15
4076 15
4099 15
4144 15
4190 15
4297 15
4315 15
4353 15
4441 15
4447 72
4483 15
4488 15
4489 72
4524 15
4530 15
4576 15
4587 15
4598 15
4600 15
4611 72
4712 15
4739 15
4756 72
4781 15
4824 72
4828 15
4899 15
4933 15
4948 15
4967 15
4988 15
5002 72
5006 72
5017 72
5037 15
5079 15
5089 15
5110 15
5118 72
5121 15
5123 15
5150 15
5166 15
5177 15
5179 15
5189 15
5196 15
5215 15
5262 15
5263 15
5321 15
5360 72
5427 15
5487 15
5532 72
5534 15
5536 72
5584 15
5589 15
5605 15
5610 15
5612 15
5624 15
5630 15
5644 15
5666 72
5666 15
5675 72
5691 15
5691 72
5695 72
5696 72
5697 72
5714 15
5768 15
5783 15
5787 15
5796 15
5805 15
5807 15
5855 15
5857 15
5862 15
5890 15
5913 15
5916 15
6001 15
6020 15
6068 15
6075 15
6156 15
6157 15
6178 15
6179 15
6180 15
6181 15
6182 15
6183 15
6184 15
6185 15
6186 15
6187 15
6188 15
6190 15
6191 15
6192 15
6193 15
