36 8174
72 8128
87 8141
87 8174
127 8178
166 8134
166 8141
166 8163
237 8121
319 8163
319 8121
395 8163
457 8141
457 8198
457 8174
457 8121
457 8134
600 8174
737 8163
737 8168
737 8192
769 8178
854 8174
854 8192
968 8174
988 8192
988 8124
988 8174
988 8198
988 8122
988 8141
988 8130
988 8168
988 8121
988 8128
988 8163
1051 8174
1051 8192
1098 8168
1133 8134
1179 8192
1374 8198
1374 8163
1374 8168
1374 8128
1374 8174
1374 8122
1374 8121
1374 8192
1506 8134
1530 8178
1621 8121
1667 8198
1688 8174
1814 8192
2001 8121
2003 8192
2226 8168
2240 8168
2258 8198
2299 8192
2299 8174
2452 8174
2485 8192
2485 8163
2485 8174
2502 8178
2504 8174
2516 8128
2565 8141
2565 8174
2565 8121
2565 8122
2565 8192
2565 8124
2565 8128
2565 8168
2565 8198
2565 8163
2565 8178
2658 8163
2658 8134
2658 8168
2925 8178
2941 8141
2983 8192
2983 8168
3057 8174
3088 8192
3088 8174
3142 8178
3142 8192
3142 8124
3142 8134
3238 8174
3297 8122
3381 8122
3381 8134
3453 8128
3456 8192
3456 8174
3498 8178
3586 8128
3586 8121
3634 8141
3752 8192
3786 8134
3787 8122
3787 8134
3787 8141
3787 8124
3965 8168
3965 8134
3965 8174
4036 8128
4040 8174
4040 8192
4116 8168
4140 8174
4140 8192
4140 8168
4347 8174
4347 8128
4347 8168
4347 8121
4441 8192
4441 8174
4483 8128
4483 8174
4483 8163
4532 8174
4632 8163
4632 8192
4632 8122
4632 8174
4767 8163
4771 8174
4899 8128
4926 8174
4943 8192
4943 8121
4943 8134
4943 8128
4948 8122
4948 8192
4948 8128
4948 8168
4948 8124
4948 8163
5028 8124
5053 8174
5060 8174
5068 8124
5102 8141
5102 8163
5103 8122
5103 8128
5103 8192
5103 8174
5103 8168
5103 8163
5103 8178
5106 8169
5173 8198
5173 8134
5173 8128
5173 8178
5173 8174
5179 8141
5179 8124
5179 8134
5185 8128
5188 8192
5316 8168
5342 8174
5446 8174
5479 8134
5511 8198
5524 8178
5524 8122
5524 8121
5524 8163
5524 8169
5524 8124
5524 8134
5524 8168
5524 8192
5524 8174
5524 8128
5524 8141
5529 8168
5553 8121
5553 8134
5553 8124
5655 8121
5667 8128
5667 8124
5697 8121
5697 8124
5738 8163
5738 8168
5738 8192
5771 8178
5775 8122
5796 8121
5800 8168
5800 8192
5800 8163
5800 8121
5800 8122
5800 8124
5800 8134
5802 8163
5802 8174
5802 8128
5802 8168
5802 8192
5802 8124
5806 8128
5814 8134
5814 8192
5819 8121
5857 8163
5859 8141
5872 8192
5872 8163
5872 8174
5913 8128
5920 8134
5927 8128
5940 8192
5940 8174
5982 8178
5998 8168
6000 8134
6000 8124
6016 8134
6016 8174
6032 8121
6032 8192
6043 8174
6072 8141
6072 8163
6072 8128
6072 8122
6072 8168
6151 8134
6218 8121
6305 8128
6305 8141
6320 8168
6331 8134
6347 8192
6347 8174
6367 8141
6443 8134
6458 8163
6484 8174
6484 8192
6494 8174
6502 8134
6502 8174
6510 8134
6524 8178
6538 8141
6552 8121
6560 8192
6596 8168
6596 8163
6596 8121
6596 8124
6596 8174
6596 8122
6596 8128
6596 8192
6618 8121
6624 8121
6624 8124
6624 8128
6624 8122
6627 8178
6634 8163
6657 8128
6758 8121
6801 8174
6855 8128
6859 8163
6875 8168
6875 8174
6885 8168
6900 8134
6900 8121
6902 8121
6907 8128
6907 8122
6907 8121
6907 8178
6907 8141
6907 8134
6907 8168
6907 8192
6907 8174
6907 8163
6914 8134
6916 8128
6916 8168
6924 8174
6946 8121
6946 8128
7021 8121
7021 8149
7047 8122
7047 8128
7047 8141
7047 8198
7047 8174
7047 8178
7047 8168
7047 8124
7047 8121
7047 8192
7047 8163
7047 8134
7052 8192
7052 8163
7052 8168
7053 8134
7055 8192
7055 8174
7057 8134
7057 8168
7057 8121
7080 8163
7080 8168
7080 8174
7086 8174
7086 8141
7086 8168
7086 8128
7086 8192
7086 8134
7086 8198
7086 8121
7086 8163
7086 8124
7092 8121
7092 8168
7132 8121
7153 8134
7189 8174
7225 8192
7233 8192
7233 8134
7233 8121
7233 8174
7237 8192
7237 8198
7277 8121
7279 8163
7279 8192
7280 8174
7280 8124
7280 8121
7280 8141
7294 8121
7343 8134
7357 8174
7378 8198
7378 8124
7391 8174
7391 8122
7391 8198
7391 8192
7405 8163
7421 8163
7421 8192
7441 8168
7443 8192
7449 8174
7472 8178
7490 8128
7564 8121
7564 8128
7564 8124
7564 8168
7578 8122
7578 8163
7578 8174
7588 8141
7666 8121
7675 8192
7676 8178
7682 8128
7685 8124
7685 8174
7685 8198
7697 8168
7727 8174
7727 8122
7733 8174
7733 8198
7733 8121
7743 8168
7744 8174
7744 8121
7744 8178
7772 8178
7772 8192
7772 8134
7772 8174
7774 8168
7774 8134
7774 8121
7774 8192
7774 8174
7774 8128
7774 8122
7808 8174
7808 8124
7810 8174
7818 8134
7845 8121
7853 8178
7856 8168
7856 8192
7856 8121
7862 8174
7862 8192
7865 8163
7893 8174
7900 8192
7900 8128
7900 8163
7900 8169
7900 8122
7900 8134
7900 8121
7900 8168
7901 8174
7901 8192
7902 8163
7902 8192
7902 8128
7903 8174
7907 8168
7907 8163
7907 8178
7932 8168
7945 8192
7964 8122
8036 8124
8036 8128
8036 8174
8036 8121
8036 8163
8036 8168
8036 8192
8053 8178
8060 8168
8060 8121
8060 8192
8063 8121
8063 8192
8085 8198
8085 8174
8085 8192
8085 8163
8092 8192
8097 8134
8107 8141
8107 8192
8118 8121
8119 8121
8120 8121
8135 8134
8136 8134
8137 8134
8140 8141
8156 8192
8161 8163
8162 8168
8162 8192
8162 8178
8162 8198
8162 8163
8162 8174
8170 8174
8171 8174
8171 8192
8172 8174
8173 8192
8173 8174
8173 8198
8177 8178
8179 8178
8180 8178
8181 8178
8182 8178
8183 8178
8190 8192
8193 8192
8194 8192
8195 8192
8196 8198
8197 8198
