11 3073
11 3059
11 3002
11 3028
11 3007
11 3005
11 3010
11 3084
11 3026
11 3024
11 3092
11 3034
15 3005
20 3027
24 3028
24 3089
36 3034
36 3089
42 3026
44 3028
59 3015
68 3034
68 3028
68 3089
68 3018
68 3034
68 3084
68 3024
68 3026
68 3021
68 3089
71 3027
86 3092
87 3027
90 3034
90 3027
98 3002
106 3033
113 3034
122 3007
122 3034
122 3084
122 3024
122 3059
122 3029
122 3010
122 3028
127 3028
127 3009
136 3005
147 3059
147 3026
166 3005
168 3027
172 3018
172 3020
172 3099
172 3030
172 3089
172 3009
173 3002
180 3010
180 3089
193 3034
193 3005
203 3018
263 3092
280 3089
290 3005
291 3034
291 3014
306 3089
306 3015
306 3021
306 3005
308 3005
310 3028
310 3034
310 3089
310 3089
311 3007
311 3034
311 3009
311 3089
311 3033
313 3005
319 3033
319 3029
346 3034
383 3089
383 3026
407 3020
417 3005
425 3089
425 3020
432 3033
432 3002
432 3027
432 3024
432 3059
432 3026
449 3007
449 3010
457 3084
457 3059
457 3020
457 3034
457 3089
457 3089
457 3010
539 3010
546 3005
556 3018
582 3073
586 3005
600 3033
600 3009
600 3034
600 3002
600 3034
646 3089
650 3034
663 3014
663 3084
667 3009
668 3089
689 3089
704 3028
704 3005
722 3007
722 3033
722 3034
722 3029
737 3092
766 3089
766 3073
766 3034
766 3034
766 3027
766 3092
766 3002
766 3089
766 3021
766 3033
766 3015
766 3005
766 3000
766 3029
766 3014
766 3010
766 3009
769 3002
784 3020
784 3089
784 3030
784 3089
784 3014
784 3007
789 3089
789 3073
789 3092
789 3089
789 3027
805 3009
813 3034
813 3026
813 3029
813 3005
813 3034
813 3059
813 3033
813 3024
822 3026
825 3084
825 3024
825 3026
825 3028
826 3099
826 3034
826 3021
826 3089
826 3029
826 3033
827 3024
836 3026
838 3009
841 3029
841 3092
842 3018
856 3030
865 3089
879 3026
879 3014
879 3059
879 3028
904 3084
922 3005
946 3026
947 3005
974 3005
988 3005
988 3089
988 3030
988 3007
988 3084
988 3026
988 3059
988 3009
988 3029
988 3024
988 3020
988 3033
988 3034
988 3010
988 3021
988 3028
993 3014
996 3027
996 3029
996 3089
1000 3089
1000 3015
1006 3034
1006 3034
1024 3009
1024 3033
1024 3029
1024 3034
1032 3089
1032 3024
1034 3005
1037 3014
1055 3005
1055 3089
1062 3030
1062 3026
1062 3005
1062 3021
1062 3029
1062 3033
1062 3059
1062 3024
1063 3089
1064 3034
1075 3034
1097 3014
1097 3033
1097 3020
1097 3089
1097 3027
1097 3030
1097 3089
1098 3034
1098 3005
1098 3033
1098 3084
1098 3018
1098 3030
1098 3029
1127 3084
1132 3027
1133 3034
1133 3014
1133 3089
1133 3073
1133 3002
1134 3005
1135 3034
1137 3026
1137 3059
1137 3033
1151 3089
1151 3002
1151 3089
1151 3027
1151 3009
1151 3024
1151 3005
1151 3028
1151 3034
1151 3092
1151 3026
1151 3033
1151 3034
1166 3007
1166 3002
1166 3089
1166 3026
1166 3021
1166 3034
1166 3089
1166 3092
1166 3033
1167 3033
1167 3028
1184 3034
1200 3033
1200 3021
1200 3089
1200 3099
1200 3034
1202 3034
1202 3033
1202 3018
1204 3030
1204 3002
1207 3050
1207 3056
1210 3020
1210 3027
1210 3089
1215 3089
1221 3099
1221 3021
1221 3007
1221 3024
1236 3030
1236 3005
1241 3084
1241 3005
1247 3002
1253 3033
1259 3005
1267 3033
1279 3005
1279 3009
1285 3009
1285 3005
1291 3014
1291 3021
1296 3026
1297 3084
1297 3005
1297 3024
1305 3010
1305 3084
1305 3021
1305 3033
1305 3005
1305 3029
1305 3073
1305 3030
1305 3028
1305 3009
1305 3024
1305 3018
1305 3007
1305 3099
1305 3059
1306 3059
1319 3021
1319 3033
1319 3024
1319 3005
1319 3014
1320 3005
1356 3020
1357 3033
1360 3020
1374 3084
1374 3084
1374 3005
1374 3089
1374 3089
1381 3026
1381 3059
1382 3005
1390 3099
1390 3020
1390 3009
1395 3029
1395 3026
1395 3033
1395 3059
1419 3029
1428 3021
1428 3005
1428 3033
1466 3089
1468 3089
1470 3005
1470 3002
1487 3030
1487 3020
1487 3021
1492 3033
1492 3020
1492 3005
1496 3007
1496 3033
1496 3005
1497 3020
1501 3089
1506 3020
1521 3014
1521 3024
1521 3005
1522 3059
1522 3084
1537 3033
1537 3024
1537 3005
1537 3027
1538 3005
1542 3026
1542 3092
1542 3015
1542 3027
1542 3007
1542 3014
1542 3089
1549 3010
1549 3034
1549 3084
1549 3033
1549 3026
1549 3005
1549 3059
1549 3009
1549 3034
1549 3028
1549 3027
1549 3089
1549 3089
1549 3024
1549 3007
1549 3030
1549 3029
1550 3007
1564 3030
1566 3033
1566 3059
1566 3026
1583 3034
1585 3005
1592 3034
1608 3034
1608 3021
1608 3034
1608 3029
1608 3089
1608 3089
1608 3089
1608 3099
1608 3030
1614 3034
1622 3005
1647 3005
1691 3033
1691 3000
1701 3089
1701 3029
1701 3089
1701 3026
1701 3002
1705 3029
1705 3033
1717 3007
1717 3029
1729 3084
1733 3015
1733 3089
1733 3073
1744 3024
1748 3009
1748 3026
1749 3033
1749 3030
1749 3020
1767 3033
1767 3029
1769 3027
1772 3024
1783 3030
1783 3005
1794 3034
1795 3020
1803 3002
1807 3059
1808 3028
1813 3024
1813 3034
1813 3014
1813 3026
1813 3028
1814 3034
1814 3033
1814 3029
1820 3089
1835 3002
1837 3034
1837 3033
1848 3089
1875 3029
1896 3092
1896 3099
1896 3021
1912 3026
1912 3059
1918 3005
1918 3014
1919 3033
1919 3034
1919 3099
1922 3029
1922 3024
1922 3084
1922 3028
1922 3002
1922 3059
1922 3026
1922 3007
1922 3021
1922 3030
1925 3018
1951 3010
1972 3029
1972 3059
1972 3027
1972 3030
1972 3005
1972 3024
1972 3026
1972 3084
1972 3089
1972 3009
1972 3007
1972 3028
1980 3005
1980 3029
1990 3007
1993 3059
2001 3089
2003 3092
2003 3084
2003 3026
2009 3033
2016 3026
2016 3059
2062 3014
2062 3007
2065 3002
2065 3018
2072 3029
2072 3033
2093 3029
2109 3007
2111 3030
2114 3026
2114 3028
2114 3059
2114 3029
2114 3007
2114 3084
2114 3034
2116 3005
2120 3089
2129 3024
2129 3034
2129 3026
2133 3029
2135 3010
2135 3033
2135 3089
2135 3020
2135 3034
2135 3034
2135 3089
2135 3089
2145 3005
2145 3024
2145 3084
2145 3002
2171 3021
2172 3034
2174 3030
2186 3029
2186 3021
2186 3089
2209 3020
2210 3084
2215 3018
2215 3027
2223 3084
2225 3034
2225 3007
2225 3020
2225 3089
2225 3034
2225 3089
2225 3089
2230 3059
2230 3084
2230 3033
2230 3005
2231 3030
2233 3033
2236 3020
2236 3034
2236 3030
2236 3089
2236 3099
2236 3033
2237 3034
2237 3034
2237 3028
2237 3010
2237 3089
2237 3033
2237 3014
2237 3089
2237 3024
2237 3021
2237 3089
2237 3026
2237 3029
2237 3005
2237 3059
2237 3084
2240 3024
2240 3014
2240 3030
2240 3005
2240 3020
2251 3020
2252 3005
2252 3026
2256 3028
2256 3005
2256 3030
2258 3089
2272 3034
2272 3089
2272 3089
2277 3089
2277 3089
2290 3005
2290 3059
2290 3024
2290 3010
2290 3009
2290 3007
2297 3005
2297 3033
2297 3034
2297 3089
2297 3014
2297 3020
2297 3024
2297 3059
2297 3009
2297 3026
2298 3028
2299 3026
2299 3030
2307 3024
2323 3028
2323 3020
2323 3005
2326 3026
2326 3021
2326 3020
2326 3009
2326 3010
2326 3059
2326 3005
2326 3007
2326 3028
2326 3084
2326 3030
2326 3024
2328 3010
2328 3026
2328 3014
2328 3028
2328 3005
2328 3024
2328 3034
2332 3020
2356 3026
2356 3024
2356 3033
2356 3084
2356 3005
2356 3007
2356 3028
2360 3005
2365 3009
2365 3030
2365 3005
2365 3020
2365 3028
2368 3021
2368 3018
2369 3002
2371 3026
2371 3059
2371 3029
2371 3033
2371 3034
2371 3007
2376 3024
2376 3005
2379 3099
2379 3005
2381 3089
2381 3089
2381 3007
2381 3089
2384 3007
2384 3028
2387 3089
2387 3089
2387 3014
2398 3024
2398 3026
2398 3084
2410 3027
2411 3014
2411 3024
2411 3084
2411 3029
2411 3028
2411 3005
2411 3034
2411 3030
2416 3029
2435 3034
2435 3089
2435 3030
2440 3084
2440 3026
2440 3007
2440 3034
2472 3089
2472 3099
2473 3033
2473 3029
2474 3024
2474 3029
2474 3034
2474 3033
2475 3026
2476 3099
2476 3056
2476 3068
2476 3033
2476 3034
2476 3029
2485 3073
2485 3029
2485 3024
2485 3034
2485 3009
2485 3059
2485 3028
2485 3020
2485 3027
2485 3007
2485 3026
2485 3005
2485 3010
2488 3018
2497 3050
2497 3089
2497 3010
2502 3018
2502 3002
2504 3084
2504 3020
2504 3092
2504 3034
2504 3009
2504 3002
2507 3033
2507 3005
2507 3034
2507 3021
2507 3015
2510 3034
2510 3005
2510 3030
2516 3026
2518 3024
2541 3068
2541 3029
2542 3028
2542 3021
2545 3026
2546 3034
2547 3089
2547 3034
2547 3034
2548 3005
2549 3024
2549 3007
2549 3002
2549 3005
2549 3033
2549 3029
2557 3014
2558 3020
2559 3029
2559 3034
2560 3009
2560 3034
2560 3073
2560 3084
2560 3024
2564 3027
2565 3029
2565 3059
2565 3089
2565 3021
2565 3007
2565 3073
2565 3068
2565 3034
2565 3056
2565 3084
2565 3030
2565 3050
2565 3005
2565 3092
2565 3026
2565 3024
2565 3009
2565 3020
2565 3089
2565 3034
2565 3000
2565 3099
2565 3033
2565 3028
2565 3002
2565 3018
2565 3027
2565 3010
2576 3005
2576 3021
2576 3084
2576 3033
2576 3092
2576 3089
2576 3099
2585 3089
2585 3028
2585 3005
2585 3030
2585 3024
2593 3026
2594 3089
2594 3005
2594 3030
2595 3089
2595 3034
2596 3073
2599 3009
2605 3033
2605 3029
2609 3002
2613 3059
2617 3029
2618 3030
2619 3084
2619 3028
2623 3024
2646 3029
2646 3099
2651 3084
2651 3020
2651 3005
2651 3024
2651 3021
2651 3026
2651 3029
2651 3028
2651 3009
2651 3030
2651 3059
2651 3007
2651 3010
2653 3028
2653 3005
2653 3009
2653 3026
2653 3084
2653 3007
2653 3059
2653 3024
2654 3005
2654 3010
2654 3026
2654 3007
2657 3005
2657 3084
2658 3010
2658 3000
2658 3002
2658 3092
2658 3005
2659 3005
2660 3014
2660 3089
2660 3030
2660 3005
2660 3089
2660 3027
2660 3010
2660 3089
2660 3020
2667 3089
2667 3092
2667 3015
2674 3034
2674 3026
2674 3029
2674 3024
2674 3007
2686 3028
2686 3020
2686 3007
2686 3021
2686 3089
2686 3089
2686 3009
2688 3026
2688 3005
2688 3084
2688 3014
2688 3033
2688 3015
2688 3034
2688 3009
2688 3020
2688 3092
2688 3059
2688 3027
2688 3028
2688 3024
2688 3089
2688 3034
2688 3089
2688 3010
2688 3021
2688 3007
2688 3030
2688 3089
2688 3002
2689 3024
2689 3089
2689 3010
2691 3014
2691 3092
2692 3030
2693 3002
2693 3009
2693 3014
2693 3021
2693 3030
2693 3010
2693 3092
2693 3018
2693 3005
2693 3007
2696 3026
2696 3021
2696 3059
2696 3020
2697 3024
2697 3030
2697 3084
2697 3005
2697 3026
2698 3030
2698 3020
2699 3024
2699 3018
2699 3059
2699 3084
2699 3026
2699 3009
2700 3059
2700 3005
2700 3007
2700 3026
2700 3021
2700 3030
2700 3084
2700 3024
2700 3028
2700 3010
2702 3089
2702 3089
2702 3099
2703 3020
2703 3021
2704 3033
2704 3034
2706 3007
2707 3024
2707 3020
2707 3033
2707 3002
2707 3015
2707 3034
2707 3073
2708 3002
2708 3030
2713 3026
2713 3028
2713 3024
2713 3009
2713 3059
2713 3030
2713 3007
2713 3021
2713 3084
2713 3005
2727 3028
2727 3007
2727 3014
2737 3089
2747 3026
2747 3005
2747 3010
2747 3024
2747 3007
2774 3089
2774 3084
2775 3089
2775 3034
2790 3028
2790 3009
2790 3030
2790 3021
2790 3059
2790 3005
2790 3024
2790 3036
2790 3084
2790 3089
2792 3007
2815 3029
2822 3059
2822 3033
2822 3029
2832 3029
2842 3010
2842 3005
2842 3028
2842 3009
2842 3020
2842 3024
2851 3015
2856 3089
2859 3034
2859 3073
2859 3024
2859 3028
2860 3018
2867 3027
2871 3024
2871 3029
2871 3033
2871 3005
2871 3084
2871 3026
2871 3034
2871 3073
2871 3028
2871 3010
2871 3092
2872 3084
2872 3028
2872 3005
2872 3024
2883 3021
2889 3027
2900 3089
2906 3084
2906 3059
2908 3018
2909 3033
2912 3020
2912 3034
2912 3099
2912 3021
2912 3033
2913 3005
2923 3026
2923 3020
2923 3028
2932 3059
2932 3028
2935 3002
2940 3026
2940 3028
2940 3005
2940 3009
2947 3029
2948 3089
2948 3033
2958 3089
2958 3084
2958 3005
2958 3089
2964 3021
2964 3033
2964 3034
2967 3014
2967 3026
2967 3007
2967 3073
2967 3029
2967 3059
2967 3002
2967 3010
2967 3034
2967 3009
2967 3005
2968 3026
2969 3028
2972 3089
2972 3027
2972 3002
2972 3028
2972 3089
2972 3092
2974 3099
2983 3014
2988 3059
2988 3026
2989 3026
2989 3059
2995 3029
3000 3021
3005 3024
3005 3030
3006 3021
3006 3030
3006 3020
3006 3029
3010 3033
3010 3089
3010 3007
3010 3059
3010 3024
3010 3009
3010 3026
3010 3005
3010 3084
3010 3028
3010 3030
3015 3020
3018 3099
3018 3034
3018 3084
3020 3089
3020 3030
3020 3099
3020 3021
3024 3005
3024 3029
3026 3073
3026 3084
3026 3028
3026 3024
3026 3029
3026 3059
3026 3014
3026 3033
3026 3027
3026 3092
3026 3007
3027 3029
3027 3089
3028 3026
3028 3009
3028 3084
3028 3029
3028 3007
3029 3027
3031 3005
3032 3026
3032 3089
3032 3005
3032 3089
3032 3020
3032 3027
3033 3026
3033 3059
3033 3024
3033 3089
3034 3089
3034 3089
3034 3089
3034 3005
3034 3014
3034 3092
3037 3089
3037 3089
3037 3089
3037 3021
3039 3005
3040 3021
3041 3030
3046 3050
3046 3018
3047 3034
3047 3033
3047 3099
3051 3056
3052 3056
3053 3056
3054 3056
3055 3026
3055 3059
3055 3009
3055 3028
3055 3005
3055 3034
3055 3024
3055 3010
3056 3002
3056 3034
3056 3099
3056 3033
3056 3009
3057 3007
3057 3024
3059 3026
3059 3033
3060 3033
3061 3033
3062 3089
3062 3033
3063 3082
3073 3034
3073 3002
3073 3021
3077 3034
3077 3099
3083 3034
3084 3026
3084 3089
3084 3059
3084 3005
3085 3034
3086 3034
3087 3034
3087 3089
3088 3089
3088 3005
3088 3034
3089 3034
3090 3034
3091 3034
3092 3027
3092 3034
3093 3099
3094 3089
3094 3099
3095 3099
3096 3099
3110 3028
3123 3020
3125 3005
3127 3028
3142 3005
3144 3021
3144 3028
3144 3059
3144 3026
3145 3089
3145 3034
3168 3007
3168 3020
3172 3028
3172 3007
3175 3059
3175 3024
3175 3026
3188 3028
3191 3027
3191 3002
3192 3024
3192 3092
3192 3026
3192 3059
3196 3059
3199 3028
3209 3005
3225 3020
3227 3089
3238 3084
3252 3059
3252 3024
3252 3028
3252 3009
3256 3020
3256 3021
3258 3034
3258 3015
3258 3005
3260 3030
3262 3034
3272 3030
3274 3015
3274 3084
3276 3028
3276 3026
3276 3007
3276 3034
3276 3014
3276 3024
3276 3021
3284 3089
3284 3024
3288 3020
3291 3014
3291 3059
3291 3089
3297 3007
3297 3021
3300 3021
3301 3059
3301 3026
3304 3018
3304 3010
3304 3005
3317 3024
3321 3084
3331 3030
3332 3030
3333 3030
3334 3030
3343 3028
3343 3005
3345 3021
3346 3021
3350 3028
3350 3002
3350 3034
3350 3027
3352 3092
3352 3005
3352 3084
3352 3024
3352 3007
3352 3026
3352 3059
3352 3027
3352 3009
3352 3028
3366 3027
3366 3014
3375 3026
3375 3005
3379 3009
3380 3005
3381 3000
3386 3005
3386 3089
3386 3028
3390 3073
3392 3084
3392 3024
3394 3005
3394 3014
3394 3084
3394 3027
3394 3010
3395 3018
3396 3018
3397 3018
3398 3018
3399 3018
3400 3018
3401 3018
3402 3092
3402 3002
3402 3018
3402 3014
3402 3027
3402 3034
3404 3010
3404 3089
3404 3027
3404 3059
3439 3009
3439 3026
3439 3084
3443 3026
3447 3014
3447 3089
3447 3034
3447 3092
3447 3027
3447 3015
3449 3014
3449 3034
3449 3027
3449 3015
3449 3073
3449 3092
3449 3002
3449 3089
3450 3034
3450 3014
3451 3073
3452 3073
3452 3092
3453 3092
3453 3089
3453 3027
3453 3073
3453 3034
3453 3002
3454 3084
3454 3028
3455 3073
3455 3002
3455 3034
3456 3014
3456 3034
3456 3092
3456 3027
3456 3089
3457 3084
3457 3073
3457 3002
3457 3092
3457 3027
3457 3028
3458 3026
3458 3005
3458 3002
3459 3015
3459 3027
3459 3089
3461 3034
3461 3073
3461 3089
3463 3014
3463 3073
3463 3034
3463 3027
3469 3084
3469 3073
3469 3028
3477 3024
3477 3010
3477 3005
3478 3089
3479 3027
3479 3005
3479 3002
3479 3009
3479 3084
3479 3089
3479 3073
3480 3007
3481 3059
3482 3028
3483 3026
3488 3084
3498 3015
3508 3026
3513 3009
3519 3007
3519 3028
3519 3092
3519 3024
3519 3026
3519 3084
3521 3005
3523 3005
3523 3010
3525 3005
3525 3059
3527 3026
3527 3007
3527 3059
3527 3010
3527 3028
3527 3024
3527 3084
3528 3024
3541 3084
3541 3005
3541 3007
3541 3026
3541 3059
3541 3028
3554 3009
3555 3024
3555 3009
3555 3026
3557 3028
3557 3084
3562 3024
3562 3005
3568 3010
3568 3015
3571 3059
3576 3026
3586 3084
3591 3014
3597 3026
3597 3059
3597 3010
3601 3027
3601 3089
3603 3002
3611 3005
3611 3059
3614 3027
3614 3002
3614 3034
3614 3089
3614 3089
3615 3026
3615 3059
3615 3024
3615 3007
3622 3059
3622 3084
3622 3028
3622 3024
3622 3026
3624 3026
3624 3007
3624 3024
3629 3010
3630 3005
3630 3024
3631 3084
3631 3026
3631 3007
3633 3028
3635 3007
3639 3026
3641 3014
3641 3084
3641 3027
3641 3002
3641 3089
3641 3026
3641 3059
3641 3024
3642 3089
3642 3084
3643 3024
3643 3089
3647 3007
3647 3024
3647 3028
3655 3002
3658 3089
3658 3005
3659 3028
3659 3059
3659 3084
3659 3026
3660 3002
3661 3024
3661 3026
3661 3007
3665 3028
3666 3089
3666 3024
3666 3026
3666 3089
3678 3059
3682 3024
3709 3026
3714 3010
3715 3010
3717 3010
3718 3005
3719 3005
3724 3026
3724 3059
3726 3092
3728 3089
3728 3034
3744 3024
3748 3026
3748 3059
3750 3007
3751 3028
3754 3026
3754 3059
3766 3028
3766 3034
3775 3024
3785 3026
3786 3089
3787 3073
3787 3014
3787 3089
3787 3089
3787 3007
3787 3084
3787 3034
3792 3034
3794 3092
3796 3002
3796 3092
3796 3034
3796 3014
3798 3007
3798 3028
3799 3028
3799 3007
3800 3028
3802 3024
3802 3084
3806 3024
3812 3024
3815 3024
3821 3007
3830 3014
3839 3014
3842 3024
3842 3007
3854 3034
3854 3089
3854 3024
3854 3059
3854 3026
3858 3059
3862 3059
3863 3026
3863 3059
3864 3059
3865 3059
3873 3084
3876 3026
3881 3026
3902 3034
3919 3024
3952 3024
3953 3024
3954 3024
3955 3024
3956 3024
3956 3089
3965 3073
3965 3027
3976 3034
3976 3014
3995 3015
3995 3089
4008 3089
4008 3089
4036 3027
4036 3000
4040 3089
4041 3089
4041 3015
4041 3089
4044 3073
4044 3014
4045 3089
4045 3015
4045 3034
4045 3002
4045 3092
4045 3073
4046 3002
4065 3015
4065 3002
4070 3092
4073 3014
4077 3034
4077 3092
4077 3027
4099 3092
4116 3002
4127 3014
4142 3034
4149 3089
4150 3073
4151 3034
4151 3027
4151 3073
4152 3014
4219 3092
4219 3014
4219 3002
4221 3014
4273 3014
4276 3027
4276 3089
4276 3092
4310 3027
4310 3000
4310 3089
4310 3084
4326 3089
4329 3092
4335 3084
4353 3015
4353 3027
4355 3092
4355 3089
4377 3034
4415 3073
4430 3014
4441 3092
4441 3002
4442 3014
4447 3084
4448 3014
4483 3089
4487 3089
4488 3084
4547 3014
4550 3027
4550 3089
4550 3092
4563 3092
4574 3084
4582 3014
4588 3014
4615 3014
4616 3014
4616 3089
4617 3014
4618 3034
4618 3014
4632 3000
4632 3084
4644 3034
4653 3089
4662 3073
4666 3089
4688 3073
4688 3002
4712 3015
4712 3089
4717 3089
4718 3089
4725 3002
4726 3027
4741 3002
4746 3002
4764 3000
4764 3084
4764 3089
4781 3089
4792 3084
4818 3002
4824 3089
4828 3089
4829 3089
4829 3027
4859 3092
4866 3073
4894 3015
4899 3092
4899 3002
4899 3089
4899 3027
4899 3084
4924 3015
4937 3002
4948 3027
4948 3092
4948 3089
4948 3015
4948 3002
4964 3015
4964 3089
4967 3089
4967 3015
4967 3092
4967 3027
4967 3089
4967 3002
4973 3002
4974 3027
4974 3089
4974 3002
4976 3089
4981 3084
4982 3092
4992 3002
4994 3015
5008 3089
5009 3027
5013 3027
5020 3027
5020 3089
5022 3015
5029 3027
5037 3089
5038 3002
5039 3002
5040 3002
5051 3084
5079 3084
5079 3015
5079 3089
5110 3092
5117 3092
5118 3092
5118 3027
5119 3092
5121 3089
5123 3015
5126 3092
5166 3084
5171 3089
5176 3089
5176 3089
5176 3027
5177 3089
5177 3084
5179 3000
5179 3084
5180 3089
5184 3089
5184 3027
5185 3015
5189 3089
5189 3089
5189 3015
5189 3027
5190 3027
5203 3027
5207 3089
5233 3027
5243 3027
5246 3089
5246 3089
5254 3089
5262 3089
5263 3089
5263 3027
5282 3089
5296 3089
5313 3027
5316 3089
5320 3027
5344 3027
5360 3027
5382 3027
5386 3027
5391 3027
5396 3089
5399 3089
5427 3089
5436 3027
5437 3027
5438 3027
5439 3027
5440 3027
5445 3015
5445 3000
5446 3015
5455 3089
5457 3089
5484 3089
5524 3000
5524 3089
5524 3084
5524 3015
5531 3015
5531 3089
5531 3000
5543 3015
5543 3089
5582 3015
5612 3084
5630 3015
5655 3084
5655 3089
5680 3089
5684 3089
5691 3089
5691 3015
5697 3089
5697 3084
5704 3089
5739 3015
5783 3089
5787 3089
5796 3089
5796 3015
5796 3084
5800 3084
5800 3000
5804 3000
5810 3084
5814 3089
5814 3084
5818 3015
5819 3089
5836 3089
5857 3089
5862 3089
5871 3089
5871 3084
5930 3089
5932 3089
5933 3089
5934 3089
5935 3089
5936 3089
5937 3089
5938 3089
5939 3089
5940 3089
5941 3089
5999 3084
6000 3084
6020 3015
6043 3084
6043 3015
6075 3015
6156 3015
6305 3084
6421 3084
6494 3084
6510 3084
6523 3084
6560 3084
6624 3000
6774 3084
6855 3084
6907 3000
6907 3084
6941 3000
6993 3084
7053 3084
7054 3000
7055 3000
7057 3084
7057 3000
7080 3084
7231 3000
7231 3084
7236 3084
7239 3000
7279 3000
7294 3084
7378 3084
7426 3000
7471 3084
7614 3084
7808 3084
