11 2193
11 2114
11 2145
11 2119
11 2137
11 2168
11 2178
11 2151
11 2117
11 2145
11 2144
11 2134
11 2109
11 2181
11 2128
11 2157
14 2134
14 2117
14 2193
15 2144
20 2165
20 2134
21 2117
21 2181
24 2137
24 2119
24 2144
24 2193
24 2117
33 2119
33 2165
36 2120
36 2117
36 2135
36 2145
36 2109
42 2181
42 2157
42 2128
44 2157
47 2193
53 2114
56 2151
59 2174
62 2193
66 2117
66 2193
68 2102
68 2134
68 2174
68 2160
71 2114
71 2106
74 2181
74 2119
86 2157
86 2128
89 2144
89 2145
90 2193
110 2193
113 2157
122 2145
122 2102
122 2135
122 2120
127 2145
128 2137
136 2151
143 2135
161 2151
172 2135
173 2145
173 2128
173 2181
173 2151
173 2137
173 2165
173 2106
173 2193
173 2119
173 2168
173 2157
173 2109
178 2145
180 2114
193 2157
204 2151
237 2102
259 2181
265 2151
290 2135
304 2151
306 2114
306 2145
306 2144
308 2165
308 2193
308 2157
310 2106
310 2120
310 2174
310 2117
310 2128
310 2144
310 2151
311 2109
311 2145
311 2106
311 2128
311 2102
311 2120
311 2151
311 2145
313 2157
313 2193
313 2106
315 2120
315 2102
315 2135
319 2181
319 2117
319 2145
325 2134
326 2160
371 2165
371 2145
403 2144
405 2134
407 2120
407 2168
407 2137
407 2151
407 2128
412 2120
425 2160
432 2117
432 2193
439 2157
457 2151
457 2165
457 2120
457 2145
457 2160
457 2128
457 2145
457 2117
457 2144
457 2157
457 2137
545 2135
546 2128
546 2144
546 2145
546 2160
553 2117
582 2144
595 2193
600 2117
600 2106
650 2128
650 2117
663 2135
663 2174
663 2102
667 2135
689 2128
691 2117
695 2145
697 2116
704 2181
704 2117
704 2106
704 2119
704 2102
706 2157
706 2165
708 2120
708 2193
710 2174
710 2117
710 2120
722 2117
722 2145
722 2120
761 2151
764 2117
764 2120
764 2174
766 2135
766 2120
766 2145
766 2102
766 2114
766 2174
766 2144
766 2193
766 2117
766 2134
766 2116
769 2193
769 2128
781 2151
784 2106
784 2174
784 2144
784 2135
784 2145
789 2193
795 2157
795 2117
805 2106
813 2134
813 2193
813 2174
813 2144
813 2128
825 2145
825 2102
826 2128
826 2157
826 2116
826 2120
826 2106
826 2174
854 2117
854 2135
854 2145
879 2144
899 2120
920 2151
922 2157
922 2106
928 2151
937 2114
941 2120
941 2106
941 2102
943 2134
946 2128
946 2137
946 2114
948 2137
948 2181
949 2165
956 2106
961 2128
961 2181
974 2144
974 2144
978 2174
978 2120
978 2117
978 2151
986 2117
988 2120
988 2116
988 2145
988 2114
988 2117
988 2135
988 2134
993 2102
993 2168
993 2157
993 2106
993 2119
993 2137
993 2120
993 2117
993 2134
993 2128
994 2114
996 2128
996 2174
996 2145
996 2102
996 2120
996 2116
996 2135
1000 2120
1006 2178
1006 2128
1006 2181
1011 2193
1032 2128
1037 2137
1037 2165
1039 2157
1042 2109
1044 2114
1051 2109
1051 2135
1055 2144
1055 2106
1055 2151
1055 2157
1062 2134
1062 2128
1062 2120
1062 2144
1062 2174
1062 2178
1062 2117
1063 2145
1074 2160
1075 2137
1097 2174
1097 2102
1098 2106
1098 2178
1098 2117
1098 2174
1098 2181
1098 2128
1098 2193
1098 2109
1098 2102
1098 2120
1102 2144
1111 2106
1124 2151
1124 2128
1124 2117
1124 2168
1125 2151
1127 2145
1127 2135
1129 2157
1129 2160
1132 2101
1133 2134
1133 2151
1133 2145
1133 2144
1135 2135
1135 2102
1135 2128
1137 2128
1142 2117
1151 2114
1151 2117
1151 2165
1151 2106
1151 2174
1151 2160
1151 2128
1151 2193
1151 2120
1151 2157
1151 2135
1151 2119
1151 2145
1151 2151
1151 2116
1151 2137
1151 2181
1166 2165
1166 2193
1166 2109
1166 2145
1166 2174
1166 2128
1166 2134
1166 2119
1166 2102
1166 2145
1166 2120
1166 2135
1166 2178
1166 2117
1167 2106
1167 2114
1167 2128
1168 2178
1169 2117
1184 2120
1184 2157
1184 2145
1193 2160
1200 2135
1200 2120
1200 2116
1200 2102
1200 2174
1202 2181
1203 2168
1210 2117
1210 2181
1210 2109
1210 2165
1210 2120
1210 2168
1210 2193
1210 2157
1210 2128
1210 2135
1211 2174
1211 2151
1211 2106
1211 2157
1211 2193
1211 2128
1215 2117
1221 2174
1221 2168
1230 2117
1236 2151
1236 2120
1243 2128
1247 2145
1248 2151
1267 2135
1286 2193
1286 2145
1291 2106
1291 2102
1293 2193
1297 2145
1305 2114
1305 2135
1305 2102
1305 2116
1305 2120
1305 2174
1319 2145
1319 2160
1319 2117
1319 2128
1319 2106
1319 2119
1319 2151
1331 2160
1335 2168
1335 2178
1350 2157
1350 2117
1350 2178
1350 2151
1352 2151
1352 2157
1352 2165
1352 2119
1352 2137
1352 2106
1352 2181
1353 2181
1357 2102
1374 2120
1374 2193
1374 2145
1374 2109
1374 2117
1374 2135
1374 2116
1374 2137
1374 2168
1374 2102
1374 2121
1374 2174
1374 2181
1380 2193
1380 2119
1380 2151
1380 2117
1381 2165
1381 2137
1390 2151
1390 2174
1395 2178
1395 2181
1395 2117
1395 2120
1395 2145
1395 2151
1395 2174
1395 2168
1395 2137
1395 2193
1395 2109
1395 2106
1395 2114
1416 2109
1419 2157
1420 2165
1420 2151
1428 2165
1428 2137
1428 2168
1428 2106
1428 2114
1428 2151
1428 2119
1441 2101
1462 2165
1470 2135
1473 2174
1473 2102
1480 2128
1492 2106
1492 2178
1492 2128
1496 2145
1496 2116
1496 2120
1496 2114
1496 2117
1497 2157
1497 2145
1500 2174
1500 2134
1506 2135
1506 2160
1521 2120
1521 2174
1521 2128
1521 2117
1521 2178
1522 2145
1537 2145
1537 2174
1538 2120
1542 2193
1542 2129
1547 2117
1549 2144
1549 2168
1549 2151
1549 2102
1549 2128
1549 2120
1549 2116
1549 2117
1549 2165
1549 2135
1549 2114
1549 2181
1549 2145
1549 2178
1549 2134
1549 2193
1549 2157
1549 2174
1552 2134
1552 2114
1552 2116
1555 2117
1564 2151
1566 2117
1583 2117
1583 2174
1585 2114
1585 2117
1585 2145
1585 2193
1592 2109
1592 2157
1592 2165
1592 2174
1594 2193
1594 2174
1594 2135
1596 2120
1596 2117
1608 2145
1608 2137
1608 2168
1608 2128
1608 2109
1608 2117
1608 2193
1608 2116
1608 2135
1608 2160
1608 2178
1608 2120
1608 2119
1608 2145
1608 2174
1608 2101
1608 2181
1608 2165
1615 2178
1615 2109
1615 2168
1615 2137
1615 2181
1615 2119
1621 2174
1621 2128
1621 2120
1628 2128
1628 2193
1644 2165
1647 2144
1661 2102
1661 2151
1670 2145
1670 2120
1670 2165
1670 2117
1684 2102
1687 2151
1691 2117
1700 2117
1700 2178
1700 2151
1700 2120
1700 2128
1701 2120
1705 2120
1705 2102
1706 2114
1707 2181
1707 2116
1714 2137
1717 2157
1717 2128
1730 2109
1734 2128
1741 2174
1749 2145
1754 2117
1756 2145
1756 2193
1757 2151
1757 2106
1767 2114
1769 2117
1769 2120
1769 2102
1772 2174
1772 2106
1772 2117
1772 2178
1772 2168
1772 2151
1772 2157
1772 2128
1772 2120
1781 2114
1783 2120
1789 2144
1794 2135
1796 2160
1803 2168
1803 2109
1808 2145
1808 2174
1808 2120
1808 2117
1808 2106
1808 2157
1811 2114
1813 2145
1813 2144
1814 2134
1820 2120
1820 2102
1820 2128
1820 2117
1823 2128
1833 2112
1836 2193
1837 2119
1837 2168
1838 2109
1838 2178
1838 2157
1838 2106
1838 2151
1838 2128
1838 2168
1847 2178
1848 2102
1868 2128
1875 2174
1875 2102
1879 2120
1885 2135
1885 2114
1885 2102
1888 2102
1888 2128
1888 2145
1888 2157
1891 2102
1896 2109
1896 2144
1918 2117
1919 2157
1919 2119
1919 2137
1919 2120
1919 2145
1922 2145
1922 2135
1922 2116
1922 2117
1922 2174
1925 2165
1948 2157
1951 2128
1951 2117
1962 2151
1962 2157
1962 2165
1962 2106
1965 2137
1967 2178
1972 2114
1977 2145
1980 2145
1980 2174
1980 2128
1985 2117
1985 2128
1985 2157
1986 2193
1986 2145
1991 2120
1991 2174
1991 2102
1992 2117
1992 2128
1992 2120
1997 2109
1997 2157
1997 2106
1997 2165
1997 2178
1997 2168
1997 2151
1997 2128
1997 2119
1997 2117
1997 2181
2009 2193
2009 2135
2009 2174
2012 2135
2014 2135
2029 2135
2052 2193
2052 2117
2062 2128
2062 2151
2062 2178
2062 2145
2062 2137
2062 2114
2062 2119
2062 2109
2062 2165
2062 2168
2062 2181
2062 2193
2062 2157
2063 2117
2071 2145
2072 2157
2072 2117
2072 2193
2072 2128
2072 2106
2072 2151
2072 2102
2072 2137
2072 2178
2084 2185
2085 2128
2085 2117
2091 2193
2092 2185
2093 2137
2093 2119
2093 2157
2093 2174
2093 2117
2095 2182
2095 2193
2095 2185
2099 2185
2099 2182
2099 2193
2099 2101
2102 2106
2103 2106
2108 2109
2116 2117
2116 2114
2116 2114
2117 2119
2118 2128
2118 2114
2118 2119
2120 2145
2120 2128
2120 2117
2125 2145
2129 2144
2133 2102
2133 2174
2133 2120
2133 2117
2133 2193
2134 2144
2135 2174
2135 2145
2135 2117
2135 2120
2136 2137
2141 2151
2142 2151
2143 2151
2144 2151
2145 2144
2145 2120
2145 2151
2146 2151
2147 2151
2148 2151
2149 2151
2150 2151
2155 2157
2159 2128
2167 2168
2168 2174
2169 2174
2169 2120
2169 2117
2174 2102
2174 2160
2174 2120
2179 2181
2180 2181
2182 2185
2183 2185
2184 2185
2186 2174
2194 2145
2209 2120
2224 2102
2224 2128
2225 2135
2225 2128
2225 2145
2225 2117
2226 2128
2227 2128
2229 2116
2229 2135
2229 2117
2230 2120
2230 2135
2230 2117
2231 2117
2233 2117
2233 2193
2234 2116
2236 2145
2236 2135
2236 2116
2237 2134
2237 2114
2237 2145
2237 2144
2240 2160
2240 2174
2240 2102
2240 2120
2240 2117
2241 2117
2249 2145
2255 2193
2256 2145
2256 2102
2256 2117
2256 2174
2256 2134
2256 2120
2257 2135
2257 2145
2257 2144
2257 2120
2258 2145
2272 2117
2272 2120
2272 2193
2274 2135
2274 2145
2274 2117
2281 2193
2285 2135
2290 2144
2290 2114
2297 2174
2297 2144
2297 2193
2297 2134
2297 2145
2297 2117
2299 2120
2323 2114
2323 2174
2323 2193
2326 2144
2326 2129
2326 2134
2326 2114
2326 2145
2328 2160
2328 2117
2328 2120
2328 2193
2328 2174
2328 2134
2332 2116
2356 2114
2363 2193
2365 2174
2369 2160
2371 2117
2371 2174
2372 2182
2373 2135
2375 2120
2379 2134
2379 2114
2381 2117
2387 2193
2388 2193
2389 2193
2390 2193
2398 2144
2411 2114
2411 2144
2411 2129
2411 2120
2416 2120
2435 2117
2435 2174
2462 2182
2472 2102
2472 2120
2472 2116
2472 2174
2473 2120
2473 2102
2473 2135
2473 2174
2473 2117
2473 2116
2474 2116
2474 2174
2474 2145
2474 2117
2474 2120
2474 2135
2478 2120
2485 2116
2485 2120
2485 2114
2485 2174
2485 2135
2485 2145
2488 2120
2488 2145
2488 2102
2488 2144
2491 2182
2492 2182
2493 2182
2497 2174
2497 2117
2497 2120
2502 2174
2504 2144
2506 2145
2507 2117
2507 2116
2507 2102
2507 2135
2507 2120
2510 2134
2510 2102
2510 2174
2510 2117
2510 2120
2517 2117
2517 2120
2535 2145
2541 2144
2542 2102
2542 2120
2542 2145
2542 2174
2546 2102
2546 2145
2546 2174
2548 2117
2548 2144
2550 2174
2550 2116
2555 2120
2555 2102
2557 2174
2557 2120
2557 2102
2559 2120
2560 2114
2564 2134
2565 2120
2565 2116
2565 2160
2565 2144
2565 2174
2565 2134
2565 2114
2565 2145
2565 2135
2565 2144
2565 2133
2565 2102
2566 2102
2576 2144
2576 2174
2576 2160
2576 2102
2578 2117
2585 2120
2592 2117
2593 2117
2593 2102
2594 2120
2594 2117
2594 2174
2595 2134
2595 2174
2595 2117
2596 2117
2597 2117
2598 2117
2599 2117
2605 2120
2605 2174
2605 2144
2608 2174
2613 2114
2617 2102
2618 2120
2618 2174
2620 2120
2621 2160
2646 2120
2647 2174
2651 2174
2651 2145
2653 2144
2654 2116
2658 2114
2658 2129
2658 2144
2660 2144
2660 2135
2660 2114
2660 2116
2660 2145
2674 2114
2674 2116
2686 2116
2686 2135
2688 2135
2688 2114
2688 2134
2688 2145
2688 2144
2688 2116
2690 2116
2691 2134
2692 2135
2693 2134
2696 2144
2696 2135
2697 2144
2697 2134
2699 2116
2700 2134
2700 2114
2701 2174
2702 2135
2703 2135
2703 2116
2704 2135
2713 2144
2713 2134
2719 2134
2737 2135
2740 2120
2740 2102
2746 2102
2747 2145
2757 2102
2760 2145
2765 2144
2768 2120
2768 2174
2774 2114
2775 2174
2775 2120
2788 2102
2790 2120
2790 2144
2790 2116
2790 2114
2790 2174
2790 2135
2790 2160
2792 2174
2792 2120
2815 2102
2822 2114
2822 2174
2830 2120
2840 2174
2842 2135
2842 2144
2859 2144
2859 2145
2871 2134
2871 2145
2871 2135
2871 2116
2872 2114
2872 2135
2898 2174
2899 2174
2900 2134
2900 2174
2909 2135
2912 2135
2932 2145
2940 2135
2940 2114
2951 2145
2958 2134
2964 2134
2967 2129
2967 2145
2967 2144
2967 2114
2967 2134
2968 2135
2972 2145
2972 2134
2972 2144
2981 2145
3000 2144
3000 2114
3009 2145
3010 2135
3010 2160
3020 2135
3020 2116
3024 2135
3026 2135
3026 2134
3026 2145
3028 2145
3032 2134
3032 2135
3033 2135
3034 2145
3055 2114
3056 2144
3056 2114
3062 2116
3062 2135
3072 2135
3081 2135
3084 2160
3084 2114
3092 2135
3095 2135
3095 2116
3098 2116
3098 2135
3145 2145
3168 2129
3199 2135
3200 2114
3252 2134
3257 2116
3258 2145
3276 2134
3297 2114
3301 2114
3317 2134
3338 2114
3345 2145
3350 2144
3350 2145
3352 2145
3352 2114
3352 2144
3352 2134
3378 2160
3394 2144
3394 2129
3404 2114
3417 2134
3439 2144
3449 2145
3449 2144
3450 2144
3451 2144
3453 2144
3453 2145
3454 2144
3454 2134
3455 2144
3455 2145
3456 2144
3456 2145
3457 2144
3457 2129
3457 2144
3457 2114
3458 2114
3461 2144
3462 2144
3479 2134
3519 2145
3519 2134
3522 2134
3525 2114
3527 2114
3541 2114
3541 2145
3556 2114
3568 2134
3569 2114
3586 2160
3607 2145
3614 2145
3615 2144
3615 2145
3631 2145
3633 2114
3641 2160
3641 2134
3641 2144
3641 2145
3642 2160
3643 2144
3661 2134
3666 2144
3666 2134
3678 2114
3682 2114
3724 2134
3787 2134
3787 2129
3787 2145
3794 2129
3796 2145
3796 2144
3806 2134
3812 2145
3813 2134
3815 2114
3819 2134
3834 2114
3835 2114
3836 2114
3837 2114
3854 2134
3902 2145
3912 2134
3948 2134
3956 2145
3956 2160
3965 2144
3965 2134
3973 2134
3976 2144
3977 2144
4001 2145
4007 2134
4036 2134
4040 2144
4040 2145
4044 2145
4045 2145
4045 2144
4063 2144
4065 2129
4065 2144
4065 2134
4073 2144
4073 2134
4074 2129
4076 2134
4076 2160
4076 2144
4077 2145
4099 2160
4116 2160
4123 2134
4124 2129
4124 2134
4127 2134
4127 2144
4136 2134
4144 2160
4144 2145
4151 2144
4151 2145
4152 2145
4162 2134
4191 2144
4191 2134
4199 2144
4201 2134
4212 2145
4219 2144
4219 2145
4222 2145
4229 2134
4250 2144
4255 2134
4377 2145
4431 2144
4440 2144
4448 2144
4448 2145
4459 2144
4486 2145
4488 2145
4547 2145
4547 2144
4564 2145
4587 2145
4594 2144
4595 2144
4596 2144
4597 2144
4598 2160
4647 2145
4664 2145
4665 2145
4967 2160
5022 2160
5121 2160
5123 2160
5179 2160
5185 2160
5188 2160
5189 2160
5254 2160
5524 2160
5582 2160
5655 2160
5697 2160
5796 2160
5814 2160
5816 2160
5822 2160
6097 2160
6243 2160
6272 2160
6305 2160
6443 2160
6483 2160
6488 2160
6522 2160
6526 2160
6577 2160
6608 2160
6615 2160
6717 2160
6744 2160
6753 2160
6781 2160
6793 2160
6794 2160
6795 2160
