68 8051
72 8042
109 8042
166 8083
280 8083
311 8083
319 8037
457 8044
457 8037
457 8051
580 8037
600 8042
697 8044
737 8051
766 8073
766 8042
766 8037
967 8042
967 8044
967 8037
988 8073
988 8083
988 8037
988 8042
988 8051
1133 8051
1133 8002
1374 8083
1374 8037
1374 8002
1385 8002
1612 8044
1717 8083
2001 8042
2240 8083
2258 8083
2299 8083
2365 8002
2369 8083
2369 8002
2452 8044
2565 8073
2565 8083
2565 8044
2565 8051
2565 8037
2565 8042
2658 8044
2658 8037
2658 8042
2983 8051
3032 8083
3142 8051
3142 8042
3297 8044
3297 8073
3297 8037
3297 8083
3310 8051
3348 8044
3355 8044
3380 8051
3380 8042
3381 8083
3453 8042
3498 8044
3498 8083
3586 8051
3586 8042
3665 8044
3751 8037
3752 8073
3787 8083
3809 8042
3812 8042
4036 8073
4036 8042
4036 8037
4040 8051
4347 8042
4401 8073
4441 8051
4483 8042
4632 8073
4666 8044
4666 8002
4666 8042
4666 8083
4666 8073
4824 8042
4899 8044
4899 8042
4948 8037
4948 8042
4948 8044
4948 8051
5028 8083
5028 8073
5079 8002
5103 8051
5103 8083
5103 8002
5173 8051
5179 8044
5179 8083
5241 8051
5378 8042
5378 8044
5524 8044
5524 8042
5524 8037
5550 8037
5708 8042
5800 8042
5800 8083
5802 8042
5802 8051
5802 8044
5802 8037
5806 8073
5806 8002
5815 8002
5819 8037
5859 8042
5920 8042
5927 8051
6032 8042
6043 8037
6072 8037
6072 8083
6072 8044
6072 8042
6072 8073
6241 8051
6241 8042
6272 8051
6272 8073
6305 8044
6305 8037
6314 8002
6398 8073
6460 8042
6460 8019
6596 8073
6596 8083
6596 8051
6624 8042
6624 8037
6624 8044
6634 8042
6766 8051
6855 8042
6859 8037
6902 8073
6907 8042
6907 8044
6907 8083
6951 8002
6951 8042
6951 8037
7026 8083
7047 8044
7047 8073
7047 8002
7047 8037
7047 8042
7047 8051
7055 8051
7057 8051
7086 8037
7086 8073
7086 8051
7086 8044
7086 8083
7086 8042
7233 8083
7237 8051
7280 8042
7280 8002
7378 8051
7391 8051
7449 8042
7449 8073
7490 8083
7490 8025
7511 8044
7564 8042
7564 8044
7564 8051
7564 8073
7685 8037
7697 8079
7733 8051
7744 8051
7772 8073
7774 8073
7774 8051
7774 8042
7774 8037
7818 8042
7818 8025
7818 8083
7862 8042
7865 8051
7865 8042
7900 8044
7900 8042
7900 8083
7900 8037
7901 8042
7901 8051
7901 8037
7902 8051
7902 8042
7907 8002
7907 8083
7998 8002
7999 8002
8000 8002
8001 8002
8010 8042
8012 8042
8012 8044
8021 8051
8027 8028
8036 8037
8040 8042
8041 8042
8046 8051
8047 8051
8074 8076
8080 8083
8081 8083
8211 8051
8215 8051
8216 8051
