11 4179
11 4124
11 4103
11 4162
14 4179
20 4179
27 4191
27 4191
27 4189
29 4103
53 4162
68 4124
68 4162
68 4179
87 4124
87 4191
87 4110
90 4191
122 4117
122 4191
122 4162
127 4179
166 4191
173 4124
259 4110
291 4179
306 4162
306 4138
319 4103
334 4179
335 4191
335 4191
356 4110
364 4110
371 4110
383 4110
395 4175
395 4179
427 4175
427 4179
432 4124
457 4124
457 4191
457 4191
546 4191
546 4191
556 4124
600 4191
643 4117
643 4179
657 4110
727 4191
749 4124
766 4191
766 4191
766 4162
766 4103
766 4191
766 4175
766 4138
766 4179
766 4124
769 4110
784 4179
789 4124
789 4103
813 4124
813 4138
813 4179
813 4162
820 4110
825 4103
825 4110
825 4124
825 4191
842 4110
854 4175
854 4179
879 4162
879 4124
879 4191
946 4179
974 4191
996 4179
1024 4162
1051 4175
1051 4179
1055 4175
1075 4179
1097 4124
1111 4191
1127 4179
1132 4117
1133 4191
1133 4110
1133 4191
1133 4124
1133 4103
1133 4175
1137 4162
1151 4179
1151 4103
1151 4124
1151 4191
1166 4124
1196 4110
1204 4191
1211 4138
1305 4162
1319 4162
1374 4124
1374 4179
1383 4179
1384 4179
1385 4179
1468 4103
1470 4191
1470 4124
1492 4162
1500 4191
1522 4179
1542 4127
1542 4124
1542 4191
1549 4162
1549 4179
1549 4191
1549 4117
1549 4103
1585 4179
1592 4179
1594 4179
1608 4162
1613 4103
1647 4191
1688 4179
1688 4162
1730 4110
1748 4179
1767 4110
1767 4191
1800 4175
1808 4124
1835 4110
1847 4191
1847 4191
1922 4124
1972 4162
1972 4110
1972 4179
1984 4191
2120 4179
2129 4138
2134 4191
2135 4191
2135 4179
2135 4124
2145 4191
2196 4179
2237 4103
2237 4191
2237 4191
2237 4191
2237 4124
2256 4179
2256 4181
2257 4191
2264 4124
2289 4124
2290 4191
2290 4110
2297 4124
2297 4179
2297 4191
2297 4162
2323 4191
2323 4179
2326 4124
2326 4189
2326 4138
2326 4181
2326 4162
2326 4179
2326 4191
2326 4110
2326 4117
2328 4134
2328 4162
2356 4179
2369 4191
2369 4124
2371 4124
2379 4110
2379 4179
2379 4162
2398 4191
2411 4124
2440 4191
2474 4191
2485 4162
2485 4124
2485 4179
2485 4175
2502 4110
2504 4191
2506 4124
2510 4124
2523 4175
2542 4175
2547 4124
2559 4110
2560 4191
2564 4191
2565 4191
2565 4103
2565 4124
2565 4138
2565 4117
2565 4179
2565 4134
2565 4110
2565 4162
2565 4191
2592 4191
2594 4124
2595 4162
2595 4179
2605 4191
2618 4191
2623 4124
2645 4191
2651 4179
2651 4191
2651 4162
2653 4124
2653 4179
2653 4162
2658 4127
2658 4124
2660 4110
2660 4110
2667 4191
2667 4175
2686 4175
2688 4124
2688 4191
2688 4179
2688 4103
2688 4191
2688 4191
2688 4162
2688 4175
2689 4138
2693 4134
2693 4179
2694 4191
2696 4124
2697 4124
2700 4179
2700 4138
2700 4191
2700 4162
2707 4179
2707 4117
2707 4110
2707 4124
2713 4181
2713 4138
2713 4179
2713 4162
2715 4179
2719 4162
2727 4162
2744 4175
2747 4191
2770 4110
2775 4191
2775 4191
2778 4173
2787 4162
2790 4191
2790 4124
2822 4124
2832 4191
2842 4179
2842 4138
2859 4162
2859 4191
2859 4179
2871 4162
2871 4179
2871 4189
2872 4162
2872 4117
2872 4110
2909 4124
2935 4124
2940 4162
2940 4179
2964 4162
2964 4110
2964 4179
2967 4179
2967 4191
2967 4110
2967 4138
2967 4124
2967 4162
2967 4103
2967 4181
2967 4191
2968 4124
2968 4179
2972 4175
2972 4162
2972 4103
2972 4124
2974 4173
2974 4110
2981 4162
2981 4124
2991 4179
2999 4191
3026 4162
3026 4191
3026 4124
3026 4189
3028 4191
3028 4124
3032 4179
3032 4191
3032 4191
3032 4138
3034 4124
3057 4124
3059 4124
3086 4191
3092 4124
3168 4110
3168 4103
3168 4179
3173 4191
3185 4124
3191 4191
3192 4124
3192 4179
3209 4124
3225 4103
3227 4191
3258 4191
3276 4191
3276 4191
3276 4162
3291 4162
3315 4191
3321 4191
3321 4124
3326 4162
3334 4191
3345 4175
3352 4179
3352 4191
3352 4110
3352 4124
3352 4162
3366 4175
3366 4124
3373 4162
3373 4191
3373 4179
3378 4162
3378 4179
3388 4179
3390 4124
3394 4191
3394 4191
3394 4124
3394 4189
3399 4181
3417 4181
3439 4124
3447 4127
3447 4191
3447 4191
3447 4124
3449 4127
3449 4175
3449 4124
3449 4189
3449 4103
3451 4162
3451 4191
3451 4103
3451 4179
3452 4179
3452 4124
3453 4124
3453 4103
3453 4191
3454 4162
3454 4103
3454 4191
3454 4124
3454 4188
3454 4179
3455 4124
3456 4138
3456 4191
3456 4124
3457 4124
3458 4162
3458 4179
3462 4189
3462 4124
3478 4138
3478 4179
3519 4191
3522 4124
3541 4179
3541 4162
3541 4191
3541 4110
3562 4191
3562 4124
3568 4103
3568 4110
3568 4191
3568 4124
3568 4191
3568 4138
3568 4191
3568 4162
3568 4179
3601 4191
3601 4138
3614 4124
3614 4191
3614 4162
3614 4191
3614 4110
3615 4124
3615 4179
3624 4191
3624 4162
3631 4199
3631 4103
3631 4181
3631 4179
3631 4103
3633 4162
3634 4191
3635 4138
3641 4179
3641 4191
3641 4162
3641 4110
3641 4124
3642 4175
3643 4191
3643 4191
3645 4162
3645 4179
3655 4110
3658 4191
3660 4138
3660 4124
3660 4110
3666 4124
3666 4179
3682 4162
3691 4124
3714 4162
3714 4179
3719 4191
3724 4138
3724 4179
3724 4162
3728 4110
3728 4175
3729 4191
3729 4191
3748 4124
3752 4179
3780 4110
3785 4189
3785 4179
3785 4199
3786 4191
3787 4191
3787 4103
3787 4124
3787 4191
3794 4189
3794 4191
3796 4191
3796 4124
3806 4191
3806 4138
3813 4179
3813 4162
3814 4162
3819 4181
3827 4110
3830 4191
3851 4138
3854 4191
3854 4199
3854 4124
3865 4138
3872 4162
3872 4179
3890 4110
3948 4110
3949 4162
3949 4179
3956 4124
3961 4103
3961 4110
3969 4191
3973 4191
3973 4162
3973 4138
3973 4179
3976 4124
3976 4127
3977 4191
4001 4127
4001 4191
4027 4162
4027 4179
4036 4162
4036 4175
4039 4162
4039 4110
4041 4124
4042 4162
4042 4179
4044 4191
4045 4124
4045 4103
4045 4175
4046 4103
4056 4110
4056 4162
4063 4191
4065 4162
4065 4179
4072 4191
4073 4124
4073 4199
4073 4189
4073 4191
4073 4191
4073 4191
4074 4191
4074 4199
4074 4138
4076 4179
4076 4103
4077 4191
4104 4110
4105 4110
4106 4110
4107 4110
4111 4111
4123 4179
4127 4191
4136 4138
4138 4191
4138 4191
4144 4191
4144 4179
4150 4191
4151 4124
4163 4162
4164 4162
4167 4168
4174 4179
4175 4179
4176 4179
4177 4179
4178 4179
4180 4181
4186 4191
4186 4191
4191 4138
4211 4191
4212 4191
4212 4103
4212 4124
4212 4191
4212 4191
4214 4138
4219 4103
4219 4124
4219 4189
4221 4134
4222 4199
4223 4138
4228 4138
4252 4124
4255 4138
4295 4189
4297 4191
4298 4189
4298 4191
4315 4189
4316 4191
4333 4191
4333 4191
4334 4191
4335 4191
4336 4191
4337 4191
4409 4175
4428 4124
4441 4124
4448 4127
4483 4110
4483 4191
4500 4199
4511 4103
4534 4191
4536 4191
4536 4191
4547 4189
4550 4191
4564 4191
4574 4103
4574 4191
4632 4103
4632 4124
4633 4103
4688 4103
4688 4189
4712 4175
4718 4175
4725 4103
4746 4124
4774 4103
4798 4103
4814 4189
4818 4124
4829 4124
4829 4127
4833 4124
4846 4191
4859 4124
4859 4191
4894 4191
4899 4124
4937 4124
4943 4124
4947 4124
4948 4191
4948 4124
4957 4189
4964 4124
4967 4124
4967 4175
4967 4134
4973 4124
4976 4191
4981 4191
4993 4124
4994 4191
5006 4124
5008 4191
5011 4191
5022 4134
5036 4124
5046 4191
5046 4124
5047 4124
5048 4124
5051 4175
5053 4175
5069 4127
5079 4134
5103 4134
5123 4175
5171 4191
5175 4191
5176 4191
5184 4191
5189 4175
5189 4191
5207 4191
5254 4191
5285 4191
5295 4191
5321 4191
5339 4191
5427 4191
5454 4191
5468 4191
5474 4191
5495 4191
5515 4191
5516 4191
5517 4191
5518 4191
5519 4191
5520 4191
5521 4191
5522 4191
5523 4191
5524 4191
5524 4134
5525 4191
5526 4191
5527 4191
5528 4191
5531 4175
5531 4134
5543 4134
5684 4175
5697 4134
5697 4175
5714 4175
5817 4134
5819 4175
5827 4175
5862 4175
5936 4175
5940 4175
6013 4175
6014 4175
6015 4175
6016 4175
6017 4175
6018 4175
6019 4175
6270 4134
6577 4134
6620 4134
6896 4134
