3 8283
6 8282
7 8287
8 8284
11 8287
11 8290
11 8290
11 8291
11 8291
11 8293
11 8286
12 8287
14 8285
14 8287
15 8287
25 8282
26 8282
28 8284
28 8285
28 8282
29 8294
31 8287
36 8282
42 8287
44 8295
46 8287
47 8282
47 8212
47 8294
56 8287
56 8290
58 8237
68 8287
74 8290
79 8287
83 8287
86 8291
87 8287
87 8212
90 8287
99 8237
101 8287
107 8287
108 8283
109 8237
113 8292
121 8283
122 8293
122 8294
122 8293
124 8283
125 8287
125 8283
127 8293
152 8287
154 8282
166 8294
172 8293
172 8291
172 8293
173 8290
173 8291
192 8283
215 8290
215 8291
215 8291
311 8295
311 8290
336 8287
352 8287
364 8287
366 8287
367 8287
425 8293
425 8295
426 8287
440 8284
454 8287
457 8295
457 8291
457 8219
457 8212
457 8226
457 8249
457 8224
457 8290
457 8209
457 8293
457 8292
465 8284
472 8284
494 8287
527 8287
528 8287
529 8287
546 8291
546 8291
546 8290
600 8212
600 8219
620 8289
695 8292
710 8289
737 8212
766 8293
766 8294
784 8209
784 8290
813 8293
813 8294
825 8293
826 8290
826 8290
922 8290
922 8290
941 8291
974 8294
983 8288
986 8290
986 8290
988 8293
988 8219
988 8237
988 8293
988 8209
988 8212
993 8290
996 8292
996 8291
996 8290
1055 8294
1062 8291
1098 8290
1098 8291
1098 8290
1151 8291
1151 8290
1151 8290
1151 8292
1151 8291
1166 8295
1166 8290
1166 8290
1184 8290
1202 8290
1202 8291
1207 8295
1210 8292
1211 8290
1211 8294
1259 8293
1259 8293
1305 8293
1305 8292
1319 8291
1319 8290
1319 8290
1319 8290
1319 8291
1319 8291
1350 8290
1350 8290
1350 8291
1352 8290
1374 8294
1395 8293
1419 8293
1428 8290
1428 8290
1480 8290
1487 8293
1487 8290
1492 8290
1496 8290
1496 8291
1496 8290
1521 8291
1521 8291
1521 8291
1538 8290
1538 8290
1538 8290
1542 8290
1542 8290
1547 8290
1549 8293
1549 8293
1555 8290
1555 8290
1564 8290
1581 8292
1587 8294
1594 8290
1608 8293
1608 8294
1608 8291
1608 8293
1612 8212
1613 8290
1621 8290
1621 8290
1623 8290
1628 8290
1644 8290
1661 8293
1670 8290
1670 8290
1700 8290
1717 8292
1717 8295
1729 8290
1746 8291
1749 8293
1749 8290
1749 8293
1757 8290
1762 8297
1766 8290
1772 8290
1772 8290
1772 8290
1772 8291
1772 8293
1783 8290
1796 8297
1800 8291
1803 8290
1803 8290
1808 8291
1808 8290
1808 8290
1808 8291
1814 8219
1814 8224
1814 8237
1816 8290
1816 8290
1820 8292
1832 8293
1838 8294
1838 8290
1838 8293
1857 8290
1896 8293
1896 8290
1896 8293
1896 8237
1919 8291
1919 8291
1922 8293
1922 8293
1931 8212
1967 8290
1972 8293
1972 8294
1977 8291
1985 8290
1990 8294
1997 8290
2001 8290
2003 8209
2062 8290
2062 8291
2065 8290
2072 8291
2072 8291
2072 8290
2072 8290
2099 8290
2118 8290
2120 8290
2129 8294
2129 8293
2133 8290
2133 8291
2133 8290
2144 8294
2145 8297
2145 8290
2153 8291
2156 8290
2156 8290
2169 8291
2169 8291
2169 8292
2169 8290
2174 8291
2223 8294
2234 8293
2234 8293
2234 8293
2236 8291
2237 8293
2237 8293
2240 8294
2240 8290
2240 8293
2240 8291
2240 8293
2240 8293
2256 8291
2256 8293
2256 8294
2277 8291
2282 8290
2290 8293
2297 8293
2297 8209
2299 8294
2309 8293
2326 8293
2326 8293
2326 8294
2326 8293
2328 8294
2328 8293
2328 8291
2357 8290
2369 8224
2369 8212
2384 8293
2384 8293
2384 8293
2398 8293
2398 8293
2411 8293
2411 8294
2472 8293
2472 8291
2473 8291
2485 8212
2516 8295
2535 8293
2541 8293
2550 8291
2557 8292
2557 8290
2559 8294
2565 8292
2565 8293
2565 8293
2565 8237
2565 8293
2565 8212
2565 8219
2565 8209
2566 8292
2567 8292
2576 8293
2576 8295
2585 8293
2585 8294
2593 8292
2612 8293
2618 8294
2618 8293
2623 8293
2646 8293
2651 8293
2651 8294
2651 8293
2653 8294
2658 8209
2658 8237
2658 8212
2658 8219
2686 8293
2686 8293
2686 8293
2686 8295
2688 8293
2688 8294
2688 8293
2688 8293
2691 8293
2693 8295
2695 8294
2700 8294
2703 8293
2713 8293
2713 8293
2713 8294
2719 8293
2790 8293
2790 8293
2791 8293
2835 8292
2842 8294
2842 8293
2842 8293
2851 8212
2859 8294
2871 8294
2872 8294
2872 8293
2909 8294
2948 8293
2964 8293
2964 8293
2967 8294
2967 8293
2967 8293
2972 8295
2974 8293
2981 8295
2983 8224
2983 8237
2983 8212
3010 8294
3010 8293
3020 8293
3028 8294
3046 8293
3055 8293
3072 8293
3084 8294
3084 8293
3088 8237
3142 8209
3142 8219
3142 8212
3142 8237
3142 8249
3159 8293
3168 8293
3209 8293
3216 8293
3233 8293
3233 8293
3235 8293
3235 8293
3276 8293
3291 8295
3291 8293
3297 8293
3304 8293
3310 8212
3348 8297
3380 8209
3380 8219
3394 8294
3416 8293
3417 8293
3417 8293
3417 8293
3418 8293
3439 8295
3447 8295
3449 8295
3454 8293
3454 8294
3456 8295
3456 8295
3470 8293
3477 8294
3490 8293
3518 8294
3562 8294
3568 8294
3586 8295
3591 8294
3615 8294
3631 8295
3641 8294
3642 8295
3646 8294
3659 8293
3660 8294
3714 8294
3720 8294
3728 8294
3751 8295
3775 8294
3787 8219
3787 8237
3787 8295
3787 8224
3812 8293
3813 8294
3814 8293
3912 8293
3918 8294
3949 8294
3965 8237
3965 8209
3965 8294
3977 8294
3991 8293
4000 8293
4007 8294
4025 8293
4026 8293
4040 8219
4040 8212
4040 8294
4045 8295
4056 8294
4082 8294
4221 8295
4310 8297
4335 8297
4347 8212
4355 8295
4432 8212
4441 8237
4441 8219
4441 8209
4441 8212
4483 8295
4483 8209
4550 8295
4632 8295
4632 8237
4632 8209
4674 8212
4712 8297
4795 8295
4828 8295
4948 8212
4948 8209
4948 8237
4948 8219
4967 8295
4980 8295
5022 8295
5022 8297
5079 8277
5079 8295
5079 8295
5079 8224
5096 8209
5102 8212
5103 8212
5103 8224
5103 8219
5106 8212
5173 8224
5173 8209
5173 8204
5176 8295
5177 8295
5179 8295
5185 8219
5185 8237
5185 8297
5188 8295
5189 8209
5189 8224
5190 8295
5194 8295
5243 8295
5301 8295
5324 8295
5342 8209
5378 8219
5378 8209
5378 8237
5427 8295
5452 8295
5457 8295
5482 8212
5524 8297
5524 8209
5524 8295
5524 8224
5524 8219
5531 8295
5531 8297
5534 8295
5582 8297
5624 8295
5644 8295
5655 8249
5691 8295
5696 8295
5741 8224
5768 8295
5776 8295
5800 8249
5800 8219
5802 8209
5802 8297
5802 8212
5802 8219
5806 8224
5811 8295
5812 8295
5814 8295
5816 8297
5822 8295
5829 8295
5836 8295
5857 8212
5862 8295
5871 8295
5872 8212
5932 8295
5966 8219
6000 8276
6006 8224
6006 8209
6072 8224
6072 8212
6220 8297
6227 8212
6229 8212
6241 8212
6241 8219
6270 8295
6271 8295
6272 8295
6273 8295
6299 8297
6305 8219
6327 8297
6443 8224
6577 8297
6596 8219
6596 8237
6596 8209
6596 8212
6766 8224
6875 8212
6885 8249
6907 8237
6907 8209
6907 8219
6916 8219
6916 8235
6924 8237
6951 8249
7043 8219
7047 8277
7047 8237
7047 8209
7047 8263
7047 8212
7053 8224
7056 8209
7057 8237
7057 8209
7057 8224
7086 8209
7086 8237
7086 8219
7086 8212
7086 8224
7198 8219
7238 8212
7280 8209
7335 8276
7350 8224
7357 8219
7391 8212
7391 8209
7391 8249
7393 8237
7449 8219
7564 8219
7675 8212
7679 8219
7682 8209
7685 8219
7695 8224
7744 8249
7744 8209
7744 8263
7744 8219
7772 8212
7772 8237
7774 8209
7774 8212
7810 8224
7865 8212
7901 8224
7901 8219
7901 8212
7901 8209
7902 8209
7906 8212
7906 8219
8046 8246
8046 8249
8046 8212
8047 8219
8047 8237
8051 8219
8051 8237
8053 8263
8053 8209
8053 8237
8053 8219
8053 8249
8092 8219
8152 8212
8152 8209
8204 8212
8211 8237
8211 8212
8221 8219
8222 8224
8236 8237
8248 8249
