11 4335
11 4384
20 4373
24 4310
24 4338
27 4335
37 4310
68 4338
68 4373
68 4310
86 4338
87 4338
109 4361
122 4384
122 4335
122 4365
122 4335
147 4365
147 4384
147 4310
150 4373
154 4310
173 4310
187 4384
203 4338
231 4338
306 4365
308 4373
319 4310
319 4335
335 4365
371 4335
395 4341
425 4373
434 4361
457 4335
457 4361
457 4315
556 4338
600 4310
600 4338
637 4335
645 4315
737 4335
742 4384
759 4338
766 4335
766 4341
766 4315
766 4338
766 4310
784 4373
784 4384
789 4335
789 4315
789 4338
795 4384
798 4384
798 4365
805 4384
825 4310
879 4335
896 4310
956 4338
988 4384
993 4365
994 4384
996 4384
996 4335
996 4315
1018 4335
1097 4335
1097 4310
1133 4310
1133 4335
1133 4365
1133 4384
1137 4335
1151 4384
1151 4338
1151 4310
1151 4335
1166 4315
1204 4335
1236 4365
1247 4384
1280 4341
1319 4323
1353 4338
1356 4373
1374 4338
1374 4361
1374 4335
1374 4341
1374 4310
1473 4338
1496 4310
1506 4349
1537 4335
1542 4310
1542 4338
1549 4349
1549 4338
1549 4310
1550 4365
1550 4384
1554 4310
1608 4361
1608 4338
1608 4384
1608 4365
1647 4315
1667 4341
1667 4310
1680 4315
1680 4373
1697 4349
1701 4338
1701 4373
1701 4310
1730 4384
1733 4335
1734 4310
1734 4335
1808 4338
1816 4335
1823 4315
1835 4338
1915 4310
1980 4335
1990 4384
2001 4361
2001 4355
2033 4338
2050 4335
2065 4338
2109 4338
2129 4335
2134 4323
2134 4365
2135 4335
2135 4335
2144 4349
2145 4335
2145 4384
2186 4338
2215 4384
2217 4384
2237 4365
2237 4335
2237 4335
2237 4384
2249 4361
2256 4335
2258 4349
2277 4335
2290 4384
2297 4338
2298 4349
2298 4365
2326 4349
2326 4323
2326 4384
2326 4373
2328 4323
2369 4315
2369 4310
2371 4323
2371 4361
2375 4384
2375 4365
2387 4315
2410 4310
2452 4361
2452 4341
2480 4315
2485 4384
2485 4338
2542 4338
2542 4361
2559 4384
2560 4365
2560 4384
2560 4341
2564 4338
2565 4349
2565 4335
2565 4361
2565 4335
2565 4384
2565 4365
2565 4355
2565 4315
2565 4341
2587 4349
2595 4338
2605 4335
2623 4315
2623 4338
2651 4365
2658 4335
2658 4315
2658 4373
2660 4373
2660 4365
2667 4310
2674 4335
2686 4310
2688 4310
2688 4335
2688 4384
2688 4338
2688 4335
2688 4315
2696 4335
2699 4365
2702 4310
2707 4338
2707 4365
2713 4365
2713 4349
2713 4323
2713 4384
2719 4323
2727 4323
2747 4365
2747 4384
2775 4384
2793 4335
2811 4315
2831 4310
2832 4384
2842 4384
2842 4349
2859 4335
2859 4351
2859 4365
2859 4373
2859 4331
2871 4338
2871 4315
2883 4310
2909 4335
2909 4310
2932 4323
2932 4373
2932 4365
2967 4335
2968 4349
2972 4361
2972 4315
2972 4338
2972 4335
2983 4335
2988 4335
2988 4310
3009 4365
3009 4338
3009 4384
3015 4338
3026 4349
3026 4384
3026 4335
3027 4335
3027 4310
3028 4384
3028 4310
3032 4373
3032 4384
3032 4323
3086 4338
3090 4341
3092 4315
3107 4365
3168 4384
3168 4365
3189 4384
3191 4315
3202 4373
3209 4338
3209 4315
3258 4338
3276 4323
3291 4365
3297 4384
3352 4315
3352 4335
3352 4384
3366 4335
3366 4310
3366 4365
3373 4323
3390 4338
3393 4335
3394 4315
3402 4349
3404 4310
3417 4310
3439 4365
3445 4335
3447 4310
3447 4335
3447 4335
3447 4355
3449 4310
3449 4315
3449 4338
3449 4335
3449 4335
3452 4310
3453 4338
3453 4335
3453 4355
3453 4335
3453 4310
3453 4315
3454 4331
3454 4335
3454 4311
3456 4351
3456 4384
3456 4338
3456 4361
3456 4310
3457 4315
3458 4338
3459 4310
3459 4355
3462 4338
3478 4338
3479 4365
3479 4335
3488 4365
3498 4335
3498 4335
3521 4384
3554 4373
3563 4341
3567 4335
3568 4373
3568 4335
3568 4335
3568 4323
3571 4310
3571 4335
3586 4310
3601 4310
3614 4315
3614 4338
3614 4310
3614 4335
3615 4349
3615 4365
3615 4384
3630 4373
3631 4335
3631 4349
3634 4335
3635 4384
3635 4373
3641 4310
3641 4335
3641 4335
3642 4338
3642 4361
3642 4310
3643 4310
3645 4365
3660 4373
3660 4384
3660 4365
3661 4365
3666 4384
3673 4315
3691 4335
3691 4310
3692 4338
3724 4384
3724 4349
3724 4373
3728 4335
3728 4335
3728 4349
3751 4310
3762 4323
3767 4384
3777 4373
3786 4335
3786 4310
3787 4384
3787 4365
3787 4335
3787 4349
3787 4361
3787 4315
3794 4335
3794 4335
3794 4338
3796 4335
3796 4335
3813 4335
3813 4384
3843 4335
3845 4315
3854 4335
3855 4335
3897 4335
3912 4323
3916 4335
3918 4335
3919 4315
3956 4310
3956 4335
3956 4384
3956 4365
3976 4338
3995 4335
3995 4310
4001 4365
4036 4338
4036 4341
4044 4335
4045 4338
4045 4315
4045 4310
4063 4310
4063 4335
4065 4365
4068 4323
4070 4338
4072 4335
4073 4315
4073 4323
4073 4310
4074 4384
4074 4323
4099 4361
4099 4335
4123 4323
4124 4365
4136 4323
4137 4323
4138 4335
4142 4359
4148 4349
4152 4335
4164 4341
4189 4315
4211 4335
4213 4365
4219 4335
4221 4323
4222 4335
4269 4335
4273 4373
4273 4384
4273 4349
4276 4338
4282 4335
4297 4315
4307 4349
4310 4315
4310 4338
4310 4341
4315 4373
4316 4335
4324 4384
4340 4349
4341 4349
4342 4365
4343 4349
4344 4349
4344 4373
4353 4338
4353 4310
4353 4335
4360 4365
4362 4365
4363 4365
4368 4373
4369 4373
4370 4373
4375 4384
4377 4384
4378 4384
4379 4384
4380 4384
4381 4384
4382 4384
4415 4335
4416 4338
4429 4335
4441 4315
4441 4310
4441 4341
4448 4355
4483 4310
4485 4335
4488 4310
4524 4335
4536 4338
4536 4335
4550 4355
4550 4335
4557 4338
4557 4310
4564 4335
4564 4315
4564 4335
4586 4335
4586 4335
4632 4310
4632 4361
4632 4315
4632 4338
4653 4335
4653 4335
4653 4355
4653 4315
4661 4335
4662 4361
4663 4335
4686 4338
4687 4335
4688 4335
4709 4338
4712 4310
4712 4335
4712 4361
4715 4341
4717 4310
4718 4315
4726 4315
4733 4335
4739 4335
4756 4335
4781 4335
4824 4338
4824 4335
4824 4310
4829 4315
4832 4361
4846 4335
4879 4341
4894 4310
4899 4335
4899 4335
4899 4310
4899 4361
4899 4315
4934 4335
4935 4335
4936 4335
4948 4315
4948 4338
4964 4310
4967 4315
4967 4310
4967 4355
4967 4335
4967 4338
4974 4310
4974 4315
4976 4310
4980 4335
4981 4335
4982 4335
4988 4310
5002 4315
5002 4310
5012 4335
5028 4361
5053 4335
5079 4338
5079 4361
5079 4310
5096 4310
5103 4361
5106 4335
5123 4335
5123 4310
5123 4338
5155 4315
5166 4310
5171 4335
5171 4310
5172 4335
5172 4310
5176 4338
5176 4310
5177 4310
5178 4310
5179 4338
5179 4335
5179 4361
5179 4310
5184 4315
5188 4338
5189 4361
5189 4335
5189 4341
5189 4310
5189 4338
5190 4355
5190 4335
5193 4335
5196 4315
5201 4335
5215 4310
5226 4310
5243 4315
5246 4361
5254 4361
5262 4310
5263 4335
5263 4338
5267 4335
5275 4315
5276 4315
5277 4315
5278 4315
5285 4335
5301 4310
5312 4335
5321 4335
5342 4310
5399 4310
5404 4310
5423 4361
5427 4310
5445 4361
5446 4361
5452 4335
5454 4361
5454 4335
5457 4310
5484 4310
5485 4310
5487 4335
5511 4335
5524 4361
5524 4310
5524 4341
5531 4341
5531 4335
5531 4310
5543 4310
5550 4310
5552 4338
5553 4338
5582 4310
5591 4335
5606 4335
5616 4338
5655 4310
5658 4335
5666 4335
5667 4335
5684 4338
5692 4338
5697 4338
5746 4338
5747 4338
5748 4338
5749 4338
5760 4310
5773 4361
5783 4310
5787 4310
5796 4310
5800 4310
5802 4341
5806 4361
5811 4361
5814 4310
5819 4310
5821 4361
5822 4361
5822 4341
5836 4310
5857 4310
5871 4310
5872 4341
5932 4310
5935 4310
5961 4310
5984 4310
6020 4310
6032 4361
6043 4310
6043 4341
6044 4310
6045 4310
6046 4310
6047 4310
6048 4310
6049 4310
6050 4310
6051 4310
6052 4310
6053 4310
6221 4341
6241 4341
6270 4361
6272 4361
6280 4361
6299 4361
6305 4361
6443 4361
6461 4361
6555 4361
6563 4361
6615 4361
6619 4361
6624 4361
6624 4341
6714 4361
6766 4361
6789 4361
6906 4361
6907 4341
6907 4361
6934 4361
6941 4341
6946 4341
6991 4361
7052 4361
7052 4341
7055 4341
7057 4341
7092 4341
7121 4361
7188 4361
7229 4341
7231 4341
7327 4361
7342 4361
7343 4361
7344 4361
7441 4341
7563 4341
7564 4341
