3 182
3 152
3 178
3 108
5 175
5 163
5 127
5 153
5 167
5 168
6 182
6 154
6 132
6 127
6 178
6 151
6 135
6 140
6 163
6 168
6 183
8 151
8 163
8 183
8 182
8 152
8 127
8 150
8 178
8 140
8 175
8 154
8 132
8 135
8 168
9 168
9 151
9 135
10 135
10 105
10 154
10 163
10 183
10 175
10 168
10 132
11 163
11 154
11 183
11 178
11 171
11 171
11 151
11 127
11 105
11 168
11 132
13 178
14 182
14 183
14 178
14 150
14 152
14 127
15 152
15 105
17 135
17 127
17 108
17 183
19 168
19 182
19 183
19 132
19 151
19 151
19 154
19 163
19 127
20 105
20 132
20 140
20 135
20 182
20 183
20 151
20 168
21 135
21 150
21 105
21 140
21 168
21 183
23 127
23 183
23 168
23 135
23 175
23 163
24 132
24 150
25 182
25 152
26 183
26 168
26 152
26 151
26 154
26 132
26 135
26 163
26 140
26 182
26 127
27 183
27 140
27 182
27 135
27 132
27 152
28 132
28 150
28 178
28 163
28 154
28 152
28 151
28 127
28 182
28 135
29 183
29 150
29 154
29 127
29 140
29 151
29 105
29 152
29 151
33 183
33 127
33 178
33 140
35 151
35 132
35 135
35 183
35 152
36 152
37 168
38 152
38 182
39 182
39 163
39 135
39 168
39 127
39 152
41 140
41 151
41 183
42 105
42 178
43 182
44 154
46 182
46 150
46 132
46 152
47 163
47 140
47 151
47 152
47 127
47 168
47 182
47 178
47 135
47 154
48 168
50 154
51 175
55 152
55 135
56 192
56 152
56 175
56 105
58 127
58 163
58 154
58 132
58 183
59 168
59 167
59 152
66 183
66 152
67 178
67 132
68 127
71 168
71 151
72 182
72 178
74 154
74 178
75 152
75 154
77 175
80 151
80 150
80 168
86 150
87 183
87 151
87 154
87 150
89 168
89 151
90 171
92 105
92 168
93 153
94 183
95 108
101 152
103 182
104 150
104 178
104 152
113 140
113 132
113 152
122 152
127 152
127 178
128 127
130 182
130 152
132 152
133 135
136 132
136 150
136 178
138 168
138 163
138 132
138 151
140 135
142 182
143 132
143 182
143 135
143 183
143 171
150 178
151 182
152 182
154 178
154 168
154 151
156 168
157 140
157 182
158 152
161 154
162 168
164 151
165 152
166 152
166 171
173 175
176 154
177 183
177 135
178 183
178 182
179 183
179 135
180 183
180 135
180 182
180 132
181 183
182 183
187 135
197 152
202 135
205 150
205 140
205 152
215 178
221 135
224 152
230 171
231 178
231 132
231 175
232 178
236 178
236 150
236 151
236 182
237 178
241 132
257 132
263 182
265 150
268 178
273 151
275 182
275 152
276 132
280 178
280 152
280 132
282 132
282 140
283 132
292 178
310 171
319 182
324 135
326 140
326 152
329 135
335 151
336 151
336 135
337 135
338 135
339 140
339 135
339 150
340 151
340 135
340 178
341 135
341 151
342 135
343 135
344 135
365 152
383 182
383 140
406 178
410 140
412 178
412 151
418 140
426 178
426 182
426 151
426 152
430 151
432 178
438 178
439 178
440 178
441 178
453 192
457 155
458 105
473 105
488 105
489 105
490 105
497 152
556 150
564 150
575 152
576 152
577 152
578 152
580 182
586 151
597 151
598 151
599 151
615 150
663 171
686 171
766 155
769 171
795 171
805 171
810 171
810 171
842 171
870 171
904 171
941 171
971 171
978 171
986 171
993 171
1114 171
1114 171
1129 171
1133 171
1135 171
1160 171
1167 171
1204 171
1211 171
1234 171
1248 171
1252 171
1279 171
1374 171
1395 171
1487 171
1492 171
1549 171
1587 171
1594 171
1615 171
2481 155
2565 155
2658 155
2778 155
3274 155
3586 155
3642 155
3787 155
4036 155
4632 155
4926 155
5173 155
5179 155
5445 155
5446 155
5524 155
5531 155
5821 155
6461 155
6619 155
6713 155
6714 155
6759 155
6766 155
6772 155
6907 155
6914 155
6934 155
7052 155
7055 155
7057 155
7090 155
7225 155
7227 155
7231 155
7262 155
7294 155
7344 155
7350 155
7378 155
7569 155
7570 155
