20 5780
20 5714
20 5775
24 5714
27 5743
36 5714
36 5799
37 5780
42 5775
68 5732
68 5780
71 5714
87 5798
87 5732
87 5737
87 5775
87 5790
109 5739
109 5798
109 5760
109 5714
109 5799
122 5790
136 5739
173 5799
173 5714
231 5743
259 5714
308 5714
310 5721
310 5753
311 5743
335 5743
371 5775
398 5739
425 5798
457 5743
457 5739
457 5753
457 5775
457 5780
457 5776
457 5721
457 5737
457 5714
457 5760
457 5799
457 5798
457 5732
469 5714
600 5714
689 5790
695 5760
697 5790
737 5760
766 5780
766 5732
766 5743
766 5753
766 5775
766 5790
766 5776
766 5739
766 5773
766 5714
766 5721
766 5799
766 5737
789 5743
789 5753
813 5753
825 5743
825 5737
879 5739
896 5798
996 5790
996 5784
1000 5798
1008 5714
1041 5790
1041 5743
1042 5799
1055 5790
1055 5714
1074 5739
1074 5799
1074 5714
1097 5743
1098 5773
1098 5772
1098 5776
1098 5760
1133 5780
1133 5753
1133 5775
1151 5775
1151 5721
1151 5776
1151 5714
1151 5743
1166 5780
1166 5743
1166 5714
1210 5799
1305 5739
1374 5737
1374 5790
1374 5743
1374 5780
1374 5732
1374 5721
1374 5714
1374 5773
1374 5760
1419 5732
1470 5714
1470 5798
1473 5714
1496 5732
1542 5798
1542 5780
1542 5760
1542 5739
1542 5743
1542 5799
1542 5714
1549 5721
1549 5714
1549 5775
1549 5732
1549 5776
1601 5714
1608 5714
1621 5739
1667 5737
1674 5732
1688 5798
1691 5714
1697 5714
1697 5732
1701 5775
1701 5714
1717 5780
1733 5714
1737 5760
1762 5714
1767 5714
1795 5773
1796 5739
1799 5798
1808 5714
1814 5798
1814 5737
1835 5714
1835 5799
2096 5799
2102 5780
2109 5790
2115 5721
2135 5743
2226 5773
2246 5714
2257 5732
2258 5760
2258 5790
2258 5773
2258 5784
2258 5732
2258 5798
2258 5753
2264 5714
2264 5775
2297 5714
2299 5714
2328 5714
2331 5714
2365 5773
2365 5775
2369 5775
2369 5739
2369 5714
2369 5799
2381 5721
2384 5790
2384 5753
2384 5775
2387 5780
2410 5743
2440 5760
2456 5760
2456 5760
2485 5790
2516 5743
2542 5714
2549 5790
2549 5784
2549 5743
2564 5714
2565 5776
2565 5714
2565 5760
2565 5739
2565 5773
2576 5721
2576 5732
2576 5739
2595 5760
2605 5721
2651 5775
2651 5780
2660 5732
2660 5790
2667 5753
2667 5798
2674 5743
2677 5739
2677 5773
2688 5753
2688 5775
2688 5743
2688 5732
2688 5790
2688 5780
2688 5739
2688 5784
2688 5737
2693 5714
2693 5739
2693 5780
2696 5743
2707 5737
2707 5775
2707 5721
2713 5732
2713 5721
2744 5784
2760 5784
2871 5737
2871 5775
2908 5753
2972 5775
2972 5776
2972 5737
2972 5732
2972 5721
2972 5743
2974 5743
2988 5775
3010 5780
3015 5732
3015 5775
3015 5780
3032 5799
3032 5776
3034 5790
3057 5775
3092 5714
3092 5775
3110 5743
3142 5738
3145 5790
3168 5790
3191 5775
3191 5743
3191 5737
3309 5721
3345 5775
3345 5784
3375 5743
3381 5760
3381 5798
3381 5714
3381 5739
3381 5776
3390 5737
3390 5743
3390 5732
3390 5775
3404 5732
3447 5760
3447 5743
3447 5737
3447 5775
3449 5775
3449 5732
3449 5737
3449 5743
3449 5753
3449 5798
3449 5780
3449 5790
3452 5753
3453 5721
3453 5743
3453 5775
3453 5739
3453 5714
3453 5737
3453 5780
3456 5775
3456 5760
3456 5743
3456 5739
3456 5714
3457 5753
3459 5739
3459 5780
3478 5775
3478 5799
3478 5732
3479 5743
3479 5737
3479 5732
3498 5743
3498 5721
3498 5780
3498 5790
3498 5753
3522 5790
3571 5799
3586 5753
3586 5760
3586 5799
3586 5714
3586 5739
3593 5776
3601 5737
3601 5743
3601 5732
3614 5798
3614 5739
3614 5732
3614 5753
3614 5737
3614 5775
3614 5714
3614 5743
3641 5739
3641 5743
3641 5753
3641 5714
3642 5773
3642 5775
3642 5790
3642 5714
3642 5732
3642 5739
3642 5780
3642 5753
3642 5737
3642 5743
3642 5760
3642 5721
3642 5799
3643 5743
3658 5799
3666 5790
3666 5743
3691 5739
3691 5760
3728 5780
3728 5775
3747 5790
3786 5780
3786 5721
3786 5790
3786 5737
3786 5760
3787 5760
3787 5790
3787 5784
3787 5798
3792 5714
3794 5753
3796 5780
3796 5775
3796 5743
3796 5737
3813 5743
3813 5721
3813 5739
3813 5780
3815 5732
3854 5737
3910 5799
3910 5780
3916 5714
3916 5775
3956 5775
3995 5743
3995 5780
4036 5780
4036 5743
4036 5737
4036 5790
4036 5732
4040 5732
4040 5743
4041 5737
4045 5780
4045 5773
4045 5739
4045 5799
4045 5776
4045 5775
4045 5753
4045 5790
4065 5760
4070 5732
4070 5775
4071 5775
4082 5784
4082 5790
4099 5714
4099 5760
4099 5743
4138 5732
4138 5737
4144 5732
4151 5799
4151 5743
4151 5714
4212 5737
4221 5714
4222 5790
4266 5780
4276 5743
4276 5775
4276 5737
4295 5743
4310 5732
4310 5760
4310 5739
4310 5798
4310 5743
4310 5775
4326 5714
4338 5714
4353 5775
4353 5732
4353 5743
4355 5737
4355 5775
4355 5780
4416 5714
4437 5775
4437 5776
4441 5780
4441 5798
4441 5799
4443 5799
4483 5739
4483 5799
4483 5753
4483 5760
4483 5743
4483 5790
4488 5743
4524 5773
4530 5743
4536 5743
4536 5775
4557 5743
4557 5780
4598 5790
4598 5776
4616 5799
4632 5798
4632 5780
4632 5753
4632 5743
4632 5760
4653 5743
4653 5737
4662 5760
4673 5798
4673 5799
4686 5743
4709 5775
4712 5776
4712 5743
4712 5753
4714 5775
4715 5790
4717 5760
4717 5743
4718 5743
4756 5737
4756 5760
4764 5721
4792 5739
4792 5732
4795 5773
4813 5799
4824 5732
4824 5721
4824 5743
4824 5753
4824 5780
4824 5775
4824 5737
4825 5775
4828 5739
4828 5714
4829 5739
4843 5714
4879 5760
4883 5714
4894 5799
4899 5799
4899 5753
4899 5780
4899 5743
4899 5775
4948 5732
4948 5737
4948 5721
4948 5743
4948 5773
4960 5799
4964 5760
4967 5743
4967 5799
4967 5780
4967 5732
4967 5714
4967 5721
4967 5753
4967 5790
4967 5798
4967 5739
4967 5776
4967 5737
4967 5775
4974 5775
4974 5743
4981 5714
4988 5790
4994 5760
5002 5737
5002 5773
5002 5721
5006 5743
5015 5760
5020 5760
5022 5760
5022 5798
5022 5753
5022 5799
5022 5738
5022 5739
5037 5743
5051 5775
5053 5775
5053 5760
5079 5760
5079 5799
5079 5775
5079 5737
5079 5780
5079 5743
5079 5714
5079 5739
5079 5732
5079 5798
5102 5773
5103 5714
5103 5799
5110 5798
5118 5743
5123 5760
5123 5775
5123 5799
5123 5737
5125 5753
5150 5775
5150 5743
5153 5753
5166 5714
5171 5775
5172 5780
5173 5773
5173 5738
5173 5784
5173 5714
5173 5790
5173 5772
5175 5775
5175 5743
5176 5721
5176 5737
5176 5732
5176 5743
5176 5780
5176 5775
5176 5756
5177 5714
5177 5798
5178 5753
5179 5798
5179 5776
5179 5760
5179 5739
5179 5721
5179 5737
5179 5753
5179 5775
5179 5732
5179 5743
5180 5780
5180 5790
5180 5775
5180 5743
5182 5743
5184 5775
5184 5743
5185 5798
5185 5753
5185 5760
5185 5799
5185 5714
5187 5721
5187 5775
5187 5784
5188 5799
5188 5737
5188 5776
5188 5780
5188 5798
5188 5732
5188 5743
5188 5790
5188 5775
5188 5714
5188 5739
5189 5760
5189 5737
5189 5799
5189 5753
5189 5798
5189 5775
5189 5743
5217 5760
5217 5743
5254 5714
5263 5721
5263 5743
5263 5790
5263 5756
5263 5705
5263 5784
5295 5780
5296 5732
5301 5753
5313 5780
5313 5775
5316 5714
5317 5780
5320 5743
5398 5714
5419 5705
5419 5775
5419 5737
5423 5798
5423 5799
5439 5739
5439 5773
5439 5799
5452 5739
5454 5743
5457 5780
5462 5780
5484 5780
5489 5780
5495 5737
5524 5760
5524 5776
5524 5739
5524 5714
5524 5773
5531 5753
5531 5732
5531 5776
5531 5739
5531 5780
5531 5714
5531 5760
5531 5775
5531 5799
5532 5780
5534 5775
5543 5798
5543 5753
5543 5739
5549 5714
5552 5780
5582 5714
5582 5799
5582 5776
5591 5799
5606 5780
5606 5775
5612 5757
5616 5732
5616 5760
5630 5739
5655 5714
5660 5799
5684 5743
5684 5798
5691 5784
5691 5790
5691 5743
5691 5753
5691 5780
5692 5773
5697 5743
5697 5798
5697 5739
5697 5773
5697 5799
5697 5714
5697 5776
5701 5701
5709 5799
5714 5760
5714 5743
5714 5799
5714 5798
5720 5721
5721 5776
5722 5737
5729 5732
5730 5732
5731 5732
5741 5743
5747 5799
5755 5756
5761 5780
5761 5784
5763 5775
5766 5767
5770 5784
5771 5775
5772 5775
5773 5760
5773 5775
5773 5773
5774 5775
5775 5773
5787 5753
5788 5790
5789 5790
5796 5714
5796 5760
5796 5739
5800 5739
5800 5760
5802 5798
5802 5773
5802 5714
5802 5760
5802 5739
5802 5799
5802 5776
5805 5799
5807 5776
5809 5753
5811 5760
5811 5739
5812 5760
5814 5714
5814 5760
5814 5739
5815 5798
5818 5798
5819 5753
5822 5799
5823 5798
5824 5773
5824 5739
5834 5753
5857 5714
5857 5799
5871 5739
5932 5799
5934 5753
5981 5799
5998 5776
5998 5773
5998 5799
6006 5714
6006 5799
6006 5776
6023 5799
6032 5739
6045 5773
6068 5753
6075 5753
6082 5714
6082 5799
6094 5753
6108 5753
6123 5760
6156 5714
6156 5798
6218 5799
6218 5798
6229 5714
6241 5760
6243 5739
6270 5799
6270 5773
6270 5714
6270 5739
6271 5799
6272 5739
6280 5773
6280 5760
6299 5760
6299 5776
6299 5773
6305 5760
6305 5739
6305 5773
6305 5799
6305 5714
6323 5739
6327 5773
6327 5776
6327 5772
6327 5714
6347 5773
6356 5714
6359 5739
6359 5714
6360 5798
6377 5798
6378 5798
6423 5738
6424 5738
6456 5714
6458 5760
6479 5714
6486 5773
6486 5739
6488 5739
6494 5799
6494 5760
6494 5714
6500 5714
6500 5799
6501 5739
6501 5799
6502 5799
6503 5799
6523 5714
6555 5760
6560 5776
6563 5714
6563 5773
6563 5739
6611 5739
6615 5773
6615 5776
6615 5760
6615 5739
6618 5776
6618 5773
6619 5760
6619 5773
6620 5739
6620 5776
6620 5773
6624 5760
6645 5714
6649 5739
6649 5760
6671 5760
6714 5714
6714 5760
6736 5739
6747 5773
6772 5714
6772 5773
6772 5739
6774 5739
6797 5714
6798 5714
6800 5714
6801 5714
6801 5773
6855 5773
6859 5776
6865 5739
6883 5776
6902 5739
6906 5773
6906 5776
6906 5760
6907 5760
6907 5773
6907 5776
6913 5776
6913 5773
6914 5760
6914 5773
6923 5739
6924 5739
6976 5776
7038 5772
7045 5760
7052 5760
7052 5776
7080 5773
7086 5738
7092 5773
7099 5760
7120 5776
7121 5776
7126 5773
7130 5773
7142 5773
7174 5773
7175 5773
7176 5773
7177 5773
7189 5760
7233 5760
7281 5760
7317 5760
7335 5760
7374 5760
7744 5738
8162 5738
