24 6833
24 6869
47 6875
68 6832
72 6833
72 6832
103 6832
109 6832
109 6860
136 6855
163 6875
166 6855
173 6833
259 6833
319 6860
395 6869
425 6855
425 6833
425 6832
432 6875
432 6832
434 6832
457 6873
457 6840
457 6832
457 6875
457 6897
457 6803
457 6869
457 6860
600 6833
634 6869
637 6833
668 6897
697 6873
737 6875
737 6832
737 6897
742 6832
766 6860
766 6832
766 6873
766 6869
935 6875
948 6832
1032 6833
1037 6833
1063 6832
1074 6873
1074 6897
1074 6860
1074 6892
1074 6869
1098 6855
1098 6860
1133 6833
1151 6897
1151 6869
1151 6832
1151 6873
1166 6832
1210 6860
1241 6869
1284 6875
1286 6875
1374 6803
1374 6875
1374 6855
1385 6833
1473 6833
1542 6832
1549 6897
1549 6832
1701 6869
1701 6833
1762 6850
1762 6809
1762 6833
1796 6832
1823 6860
1835 6833
1982 6869
2145 6855
2186 6832
2240 6832
2264 6833
2299 6832
2328 6832
2369 6875
2452 6832
2485 6875
2485 6897
2485 6832
2502 6833
2564 6833
2564 6897
2565 6875
2565 6873
2565 6832
2565 6869
2565 6855
2565 6897
2565 6833
2565 6860
2620 6850
2620 6833
2660 6873
2660 6869
2660 6833
2677 6832
2688 6873
2688 6897
2688 6803
2688 6869
2688 6855
2689 6833
2693 6855
2693 6869
2774 6832
2790 6869
2790 6833
2851 6832
2851 6875
2851 6850
2909 6832
2940 6897
2972 6855
2972 6860
2972 6869
2988 6832
3000 6832
3015 6869
3032 6897
3032 6833
3057 6833
3084 6869
3084 6833
3142 6875
3238 6833
3258 6897
3381 6869
3381 6897
3381 6855
3381 6860
3381 6832
3381 6873
3439 6860
3447 6832
3447 6873
3449 6869
3453 6875
3453 6832
3456 6832
3456 6869
3457 6833
3459 6832
3459 6869
3525 6855
3562 6832
3571 6875
3576 6855
3586 6832
3586 6875
3587 6869
3607 6833
3614 6875
3634 6875
3641 6869
3641 6897
3641 6855
3641 6860
3642 6803
3642 6897
3642 6832
3642 6855
3642 6860
3642 6869
3642 6873
3691 6897
3691 6833
3786 6833
3792 6832
3794 6832
3798 6875
3813 6833
3813 6832
3965 6832
3969 6860
3982 6869
4036 6869
4065 6832
4169 6832
4192 6873
4221 6869
4224 6875
4266 6833
4310 6869
4310 6860
4310 6832
4326 6869
4338 6833
4401 6897
4451 6833
4455 6832
4483 6873
4632 6875
4632 6860
4712 6855
4712 6860
4712 6833
4717 6832
4764 6832
4767 6832
4792 6832
4792 6869
4793 6869
4828 6850
4828 6869
4828 6832
4828 6855
4828 6860
4829 6873
4899 6832
4943 6832
4948 6875
4967 6897
4967 6873
4967 6869
4967 6860
4974 6832
4994 6869
4994 6832
5002 6832
5009 6855
5022 6855
5022 6897
5022 6833
5022 6803
5022 6850
5022 6860
5022 6890
5048 6869
5053 6897
5053 6832
5079 6897
5079 6833
5079 6855
5079 6832
5102 6875
5103 6875
5103 6833
5103 6897
5103 6832
5103 6869
5106 6875
5106 6832
5166 6832
5166 6897
5173 6832
5173 6806
5179 6855
5179 6860
5179 6832
5185 6832
5185 6897
5185 6869
5185 6860
5185 6855
5185 6873
5188 6855
5188 6832
5188 6860
5188 6897
5188 6873
5188 6803
5188 6833
5188 6869
5189 6855
5189 6832
5189 6897
5196 6832
5215 6832
5217 6832
5246 6832
5254 6860
5254 6840
5254 6832
5301 6860
5332 6833
5423 6832
5430 6833
5439 6855
5452 6860
5454 6832
5456 6833
5479 6832
5489 6869
5489 6833
5524 6850
5524 6855
5524 6897
5524 6892
5524 6832
5524 6875
5524 6873
5524 6833
5524 6869
5524 6860
5531 6850
5531 6869
5531 6803
5531 6833
5531 6860
5531 6897
5531 6832
5531 6855
5532 6833
5532 6869
5543 6873
5543 6869
5543 6897
5543 6855
5543 6860
5543 6832
5552 6833
5552 6869
5553 6860
5582 6855
5582 6833
5630 6860
5655 6833
5655 6832
5692 6855
5697 6897
5697 6860
5697 6873
5697 6803
5697 6869
5697 6855
5714 6833
5738 6875
5739 6833
5739 6869
5760 6832
5773 6855
5773 6873
5773 6850
5796 6860
5796 6897
5796 6875
5796 6869
5796 6832
5800 6860
5800 6892
5800 6890
5800 6832
5800 6873
5800 6869
5802 6832
5802 6875
5802 6860
5802 6873
5802 6869
5810 6869
5811 6855
5811 6860
5811 6850
5811 6869
5811 6832
5811 6833
5812 6855
5814 6855
5814 6869
5814 6832
5816 6832
5817 6855
5818 6869
5818 6873
5818 6875
5822 6869
5822 6832
5822 6855
5824 6855
5857 6875
5871 6832
5872 6875
5922 6875
5932 6832
5934 6869
5934 6855
6004 6832
6032 6832
6032 6875
6068 6875
6097 6832
6123 6832
6151 6832
6169 6855
6174 6832
6179 6897
6190 6833
6198 6832
6208 6805
6229 6833
6241 6832
6241 6860
6243 6832
6270 6869
6270 6873
6270 6832
6272 6832
6280 6832
6299 6832
6299 6833
6305 6803
6305 6855
6305 6875
6305 6860
6316 6832
6320 6873
6320 6869
6323 6869
6323 6832
6327 6832
6327 6873
6346 6869
6359 6860
6359 6855
6359 6869
6359 6873
6377 6855
6377 6833
6377 6850
6380 6897
6398 6869
6398 6850
6443 6855
6443 6832
6458 6869
6486 6832
6486 6873
6488 6869
6488 6873
6494 6897
6494 6832
6494 6833
6494 6873
6494 6860
6501 6897
6510 6850
6510 6809
6510 6833
6510 6832
6518 6832
6522 6869
6522 6833
6522 6803
6522 6855
6522 6873
6523 6832
6525 6803
6526 6840
6552 6832
6555 6832
6560 6832
6563 6873
6563 6860
6563 6832
6577 6897
6595 6832
6596 6875
6615 6869
6615 6855
6615 6873
6615 6832
6615 6833
6618 6832
6618 6860
6619 6897
6619 6855
6619 6832
6620 6860
6620 6897
6620 6832
6620 6873
6624 6832
6627 6833
6649 6860
6649 6855
6649 6873
6649 6869
6658 6833
6665 6833
6671 6832
6714 6833
6714 6803
6714 6832
6717 6869
6726 6869
6726 6833
6736 6833
6736 6873
6736 6860
6736 6869
6736 6832
6736 6832
6736 6850
6753 6890
6771 6833
6772 6832
6772 6803
6772 6809
6774 6832
6784 6860
6784 6855
6789 6832
6802 6803
6807 6809
6829 6833
6834 6833
6835 6833
6836 6833
6845 6850
6845 6832
6846 6855
6846 6850
6846 6860
6847 6850
6848 6869
6854 6855
6855 6832
6859 6860
6865 6869
6865 6832
6870 6873
6870 6869
6895 6832
6895 6897
6906 6832
6907 6832
6907 6875
6913 6832
6914 6832
6934 6832
7020 6832
7047 6875
7052 6875
7052 6832
7057 6875
7061 6832
7063 6832
7086 6875
7092 6832
7121 6832
7129 6832
7131 6832
7132 6832
7188 6832
7241 6875
7241 6832
7278 6832
7280 6875
7294 6832
7301 6832
7317 6832
7327 6832
7329 6832
7335 6832
7343 6832
7347 6832
7348 6832
7349 6832
7350 6832
7351 6832
7352 6832
7353 6832
7354 6832
7355 6832
7405 6875
7677 6875
7679 6875
7682 6875
7774 6875
7810 6875
7885 6875
7901 6875
7902 6875
7933 6875
8036 6875
8060 6875
8166 6875
8167 6875
