11 3291
11 3258
11 3260
11 3284
36 3274
36 3258
53 3276
68 3258
68 3238
72 3291
72 3276
72 3238
87 3238
87 3276
99 3293
109 3291
113 3238
122 3253
122 3258
122 3276
122 3260
122 3251
127 3265
136 3297
172 3253
172 3243
172 3251
173 3238
180 3265
182 3253
182 3251
306 3291
310 3253
310 3251
311 3253
311 3238
311 3265
336 3238
457 3291
457 3253
457 3276
457 3274
457 3291
457 3276
546 3260
580 3293
633 3253
663 3284
663 3253
697 3274
698 3260
704 3253
710 3284
722 3253
737 3238
737 3284
742 3238
749 3238
763 3284
766 3293
766 3253
766 3265
766 3284
766 3251
766 3291
766 3274
766 3238
766 3276
766 3276
769 3253
769 3251
784 3265
784 3291
789 3291
813 3258
813 3284
813 3276
825 3276
825 3258
826 3251
826 3253
841 3251
854 3253
854 3238
879 3276
879 3260
944 3251
946 3253
948 3243
948 3253
988 3265
988 3284
988 3260
988 3293
988 3253
988 3251
996 3253
996 3238
996 3274
1032 3253
1037 3253
1050 3251
1074 3291
1075 3243
1097 3274
1098 3265
1098 3297
1098 3238
1098 3253
1102 3276
1132 3238
1133 3284
1133 3238
1133 3276
1135 3253
1137 3265
1151 3251
1151 3274
1151 3238
1151 3253
1164 3238
1166 3291
1166 3291
1166 3251
1166 3265
1166 3253
1166 3238
1167 3253
1200 3243
1200 3253
1200 3238
1200 3265
1200 3251
1204 3276
1207 3291
1210 3253
1210 3251
1210 3284
1211 3265
1215 3265
1215 3291
1221 3253
1221 3251
1241 3260
1253 3274
1279 3253
1305 3265
1305 3253
1305 3251
1319 3265
1319 3253
1319 3276
1319 3237
1319 3276
1357 3265
1365 3238
1368 3265
1374 3265
1374 3274
1374 3258
1374 3243
1374 3251
1374 3297
1374 3238
1374 3293
1374 3260
1385 3238
1395 3265
1419 3253
1428 3258
1470 3276
1470 3253
1471 3238
1473 3253
1487 3265
1492 3258
1492 3253
1496 3276
1496 3251
1496 3253
1496 3258
1498 3238
1506 3253
1521 3265
1521 3253
1522 3260
1522 3297
1537 3260
1537 3276
1538 3260
1542 3291
1542 3238
1542 3293
1547 3253
1549 3274
1549 3251
1549 3260
1549 3258
1549 3253
1549 3265
1583 3251
1583 3265
1583 3253
1594 3253
1596 3284
1596 3276
1596 3265
1606 3291
1606 3291
1608 3260
1608 3265
1608 3251
1608 3253
1614 3253
1621 3238
1621 3265
1622 3265
1623 3291
1639 3291
1644 3238
1661 3253
1667 3276
1697 3251
1701 3260
1701 3238
1701 3253
1707 3251
1729 3265
1730 3253
1733 3238
1734 3265
1734 3258
1749 3260
1762 3297
1769 3253
1783 3260
1795 3265
1795 3284
1795 3258
1811 3238
1814 3291
1814 3253
1820 3253
1820 3276
1838 3258
1896 3253
1922 3251
1922 3253
1922 3265
1922 3260
1922 3284
1967 3260
1972 3260
1985 3253
1991 3251
1991 3253
1992 3253
2003 3265
2003 3253
2009 3251
2062 3265
2065 3253
2065 3260
2065 3291
2093 3253
2118 3253
2119 3251
2135 3238
2135 3253
2145 3291
2145 3265
2145 3260
2160 3253
2174 3253
2186 3238
2225 3238
2225 3253
2225 3265
2226 3253
2229 3251
2233 3238
2236 3253
2236 3258
2236 3265
2236 3251
2236 3243
2237 3284
2237 3291
2237 3260
2240 3260
2240 3238
2249 3291
2251 3265
2256 3253
2256 3291
2257 3291
2257 3253
2258 3253
2264 3293
2290 3200
2290 3258
2290 3260
2297 3258
2297 3260
2297 3253
2297 3265
2298 3253
2299 3251
2299 3265
2323 3260
2326 3276
2326 3276
2326 3276
2326 3291
2326 3260
2326 3200
2326 3258
2328 3291
2328 3260
2328 3258
2332 3253
2332 3251
2356 3258
2359 3265
2365 3253
2365 3260
2365 3291
2369 3238
2379 3200
2379 3291
2384 3238
2387 3274
2398 3260
2411 3291
2411 3253
2416 3251
2416 3276
2440 3238
2456 3238
2472 3251
2473 3253
2473 3251
2474 3265
2474 3258
2474 3251
2474 3253
2481 3293
2485 3260
2485 3258
2485 3274
2485 3238
2493 3291
2497 3265
2497 3255
2497 3258
2507 3253
2507 3251
2507 3265
2510 3276
2510 3265
2510 3253
2511 3238
2516 3265
2542 3260
2547 3253
2549 3238
2557 3276
2559 3253
2560 3276
2560 3238
2560 3253
2565 3284
2565 3265
2565 3253
2565 3258
2565 3276
2565 3297
2565 3293
2565 3258
2565 3260
2565 3251
2565 3200
2565 3243
2565 3238
2565 3276
2565 3235
2576 3265
2576 3274
2585 3260
2595 3258
2596 3276
2596 3284
2605 3251
2618 3260
2623 3284
2623 3253
2651 3260
2651 3284
2651 3258
2651 3253
2651 3251
2653 3260
2653 3276
2654 3253
2657 3260
2657 3276
2658 3297
2660 3265
2660 3291
2660 3291
2660 3251
2667 3265
2674 3253
2674 3251
2674 3265
2686 3265
2686 3251
2686 3243
2688 3265
2688 3291
2688 3284
2688 3260
2688 3253
2688 3251
2688 3276
2688 3276
2689 3265
2689 3284
2690 3253
2691 3291
2692 3265
2696 3251
2696 3274
2697 3260
2697 3253
2699 3253
2699 3265
2699 3284
2699 3251
2699 3260
2700 3291
2700 3258
2700 3251
2700 3260
2701 3265
2702 3265
2703 3265
2703 3251
2703 3253
2704 3251
2704 3265
2707 3258
2707 3284
2713 3260
2713 3258
2713 3291
2713 3265
2724 3200
2727 3276
2727 3276
2727 3276
2727 3265
2737 3253
2740 3200
2746 3265
2747 3260
2747 3265
2747 3291
2747 3258
2774 3238
2790 3265
2790 3253
2790 3260
2799 3200
2819 3251
2842 3265
2842 3253
2842 3276
2842 3260
2842 3291
2842 3258
2859 3258
2871 3253
2871 3284
2871 3251
2871 3258
2872 3243
2872 3258
2883 3274
2886 3238
2900 3253
2904 3265
2909 3260
2912 3265
2923 3291
2923 3265
2925 3265
2932 3291
2933 3253
2940 3238
2940 3291
2947 3253
2958 3291
2958 3291
2958 3265
2964 3251
2964 3258
2964 3265
2967 3284
2967 3265
2967 3276
2967 3291
2967 3258
2968 3293
2968 3265
2972 3258
2972 3274
2972 3291
2981 3238
3005 3260
3005 3265
3010 3251
3010 3265
3015 3274
3020 3253
3020 3265
3020 3251
3024 3265
3024 3253
3024 3284
3026 3276
3026 3265
3026 3258
3026 3260
3026 3276
3028 3265
3028 3251
3028 3258
3031 3265
3032 3291
3032 3238
3032 3291
3032 3297
3039 3260
3044 3265
3055 3251
3055 3258
3055 3253
3056 3265
3059 3265
3062 3253
3062 3251
3092 3251
3095 3253
3095 3251
3098 3253
3098 3251
3098 3265
3125 3265
3125 3253
3142 3293
3144 3265
3144 3251
3168 3260
3168 3291
3172 3276
3175 3260
3191 3274
3192 3258
3199 3253
3229 3235
3230 3235
3231 3235
3232 3235
3233 3235
3240 3243
3241 3243
3242 3253
3244 3245
3250 3251
3252 3253
3252 3258
3256 3276
3256 3276
3258 3291
3258 3258
3258 3260
3258 3274
3259 3265
3260 3265
3261 3265
3262 3265
3274 3238
3276 3258
3276 3291
3292 3291
3297 3238
3297 3258
3315 3260
3317 3260
3321 3238
3350 3260
3352 3258
3375 3260
3375 3276
3381 3238
3390 3291
3390 3274
3392 3284
3394 3276
3394 3260
3394 3291
3394 3291
3404 3238
3439 3291
3439 3276
3439 3258
3439 3260
3447 3291
3447 3274
3447 3238
3449 3274
3449 3276
3449 3284
3452 3274
3453 3291
3453 3284
3453 3274
3453 3238
3454 3260
3455 3284
3456 3274
3456 3291
3456 3238
3460 3238
3465 3258
3477 3260
3496 3258
3498 3297
3498 3238
3519 3291
3519 3258
3521 3291
3521 3258
3522 3291
3527 3260
3541 3260
3541 3276
3556 3276
3562 3260
3568 3258
3586 3291
3586 3238
3586 3293
3589 3276
3614 3274
3614 3291
3614 3284
3614 3238
3615 3258
3615 3291
3615 3260
3624 3274
3631 3258
3633 3260
3636 3276
3641 3258
3641 3260
3641 3238
3642 3291
3642 3274
3642 3238
3645 3291
3645 3260
3647 3260
3660 3260
3660 3291
3661 3260
3666 3284
3666 3260
3666 3274
3667 3276
3691 3238
3714 3258
3719 3260
3720 3260
3724 3291
3724 3258
3731 3200
3785 3276
3786 3260
3787 3291
3787 3276
3787 3260
3792 3238
3794 3284
3796 3284
3796 3276
3796 3274
3798 3260
3806 3291
3812 3258
3814 3260
3814 3258
3815 3260
3817 3200
3842 3260
3854 3276
3854 3274
3854 3238
3912 3291
3916 3274
3949 3258
3949 3260
3954 3260
3956 3276
3962 3260
3963 3260
3965 3297
3969 3291
3973 3291
3976 3276
3985 3291
4007 3258
4008 3276
4036 3293
4036 3274
4042 3291
4045 3291
4045 3284
4046 3276
4070 3284
4070 3274
4073 3274
4073 3284
4074 3276
4076 3291
4099 3291
4099 3238
4099 3274
4123 3291
4127 3276
4127 3276
4127 3291
4128 3291
4136 3291
4136 3291
4138 3274
4151 3238
4219 3284
4221 3274
4221 3238
4221 3284
4222 3274
4233 3284
4248 3291
4261 3276
4295 3284
4310 3238
4310 3274
4310 3291
4354 3284
4363 3291
4422 3293
4437 3238
4441 3238
4483 3238
4483 3274
4483 3291
4488 3238
4489 3238
4536 3276
4536 3284
4547 3276
4564 3276
4616 3238
4653 3276
4653 3291
4662 3238
4662 3276
4666 3293
4673 3284
4673 3291
4688 3276
4712 3238
4717 3293
4725 3284
4748 3284
4764 3293
4781 3274
4824 3274
4828 3291
4828 3238
4859 3276
4894 3274
4894 3276
4899 3274
4899 3284
4899 3238
4947 3276
4947 3284
4948 3238
4948 3284
4948 3274
4948 3276
4960 3291
4964 3284
4967 3274
4967 3291
4967 3238
4974 3284
4980 3274
5015 3293
5022 3291
5028 3238
5039 3284
5043 3284
5053 3238
5077 3284
5078 3284
5079 3291
5079 3297
5079 3284
5080 3284
5081 3284
5102 3238
5102 3293
5103 3238
5140 3291
5166 3238
5172 3274
5172 3238
5176 3274
5179 3238
5179 3274
5180 3274
5185 3291
5185 3238
5188 3238
5188 3274
5188 3291
5189 3238
5189 3274
5190 3274
5196 3238
5217 3238
5263 3274
5445 3238
5479 3238
5485 3238
5524 3293
5524 3238
5524 3291
5531 3291
5531 3274
5532 3291
5552 3238
5553 3293
5562 3274
5582 3291
5591 3291
5612 3297
5612 3291
5614 3293
5624 3293
5696 3291
5702 3238
5718 3274
5773 3238
5775 3297
5796 3291
5796 3238
5800 3238
5800 3297
5802 3291
5802 3293
5810 3291
5812 3291
5814 3293
5814 3238
5816 3291
5817 3291
5822 3291
5927 3293
5934 3291
5998 3291
6016 3238
6072 3293
6072 3297
6169 3291
6174 3238
6217 3291
6221 3297
6229 3238
6241 3291
6241 3238
6270 3291
6299 3238
6305 3291
6320 3291
6323 3291
6442 3238
6443 3238
6460 3291
6483 3291
6484 3238
6494 3238
6502 3238
6510 3293
6510 3297
6596 3293
6596 3238
6618 3293
6618 3297
6624 3238
6624 3293
6657 3293
6866 3238
6900 3297
6907 3293
6907 3238
6914 3297
6918 3297
6934 3238
6941 3238
6946 3238
7045 3238
7046 3238
7047 3297
7047 3238
7047 3293
7052 3238
7053 3297
7054 3238
7055 3238
7057 3297
7063 3238
7080 3297
7086 3293
7086 3297
7120 3238
7131 3238
7132 3238
7231 3238
7280 3293
7280 3238
7321 3293
7343 3238
7390 3238
7394 3293
7490 3238
7517 3293
7564 3293
7564 3238
7586 3238
7594 3293
7598 3238
7614 3238
7649 3238
7663 3238
7664 3238
7665 3238
7682 3297
7774 3293
7862 3293
7865 3293
7902 3293
8060 3293
8061 3293
