68 7341
87 7381
103 7381
109 7373
136 7301
425 7351
434 7381
434 7351
457 7351
457 7341
457 7381
457 7389
737 7341
737 7351
737 7373
762 7378
766 7341
766 7381
988 7391
996 7373
1098 7381
1098 7378
1098 7351
1098 7391
1151 7341
1374 7378
1374 7386
1374 7351
1374 7373
1374 7391
1374 7301
1385 7351
1542 7381
1542 7301
1621 7386
1701 7381
2003 7301
2249 7301
2258 7373
2297 7341
2369 7389
2485 7351
2565 7389
2565 7341
2565 7351
2565 7378
2565 7301
2565 7381
2565 7373
2565 7386
2565 7391
2619 7381
2658 7391
2658 7341
2658 7381
2658 7373
2658 7378
2658 7351
2674 7381
2677 7301
2707 7301
2908 7301
2931 7316
2932 7301
2940 7301
2940 7389
2981 7381
2983 7391
3032 7378
3057 7301
3142 7391
3142 7389
3274 7351
3310 7391
3334 7381
3381 7301
3381 7381
3381 7378
3381 7373
3447 7381
3456 7393
3459 7301
3586 7301
3586 7351
3586 7381
3631 7391
3634 7301
3642 7373
3642 7378
3642 7351
3691 7378
3787 7391
3787 7378
4036 7381
4040 7351
4046 7381
4046 7373
4065 7351
4310 7381
4310 7378
4310 7351
4347 7341
4353 7301
4437 7373
4437 7301
4456 7351
4483 7381
4483 7373
4496 7351
4536 7378
4632 7341
4632 7391
4632 7373
4632 7381
4712 7373
4717 7381
4764 7373
4788 7389
4795 7351
4795 7391
4814 7301
4828 7373
4879 7378
4899 7373
4899 7381
4943 7301
4948 7391
4948 7389
4948 7341
4981 7341
4994 7381
5002 7373
5002 7301
5053 7381
5059 7301
5068 7381
5103 7391
5140 7378
5173 7301
5173 7351
5173 7389
5173 7373
5173 7378
5179 7373
5185 7301
5188 7301
5189 7373
5189 7378
5199 7378
5233 7301
5246 7301
5301 7381
5301 7351
5401 7301
5423 7381
5445 7301
5454 7381
5454 7373
5485 7386
5524 7351
5524 7393
5524 7386
5524 7373
5524 7341
5524 7391
5524 7381
5524 7378
5524 7304
5524 7362
5524 7301
5531 7351
5531 7373
5531 7378
5543 7373
5551 7391
5582 7306
5582 7301
5655 7362
5697 7393
5697 7362
5738 7391
5768 7391
5775 7378
5776 7391
5796 7351
5796 7381
5796 7301
5800 7373
5800 7341
5800 7389
5800 7351
5802 7381
5802 7351
5806 7341
5806 7373
5806 7381
5806 7341
5811 7381
5817 7373
5822 7301
5822 7381
5822 7351
5857 7351
5949 7301
5952 7378
5998 7389
6032 7351
6045 7378
6123 7381
6151 7301
6198 7351
6229 7301
6241 7381
6270 7351
6270 7381
6280 7381
6280 7378
6299 7351
6305 7301
6305 7373
6305 7378
6323 7381
6323 7378
6360 7323
6443 7301
6460 7386
6486 7391
6486 7301
6486 7381
6494 7301
6494 7373
6500 7301
6510 7351
6548 7381
6555 7351
6560 7386
6560 7381
6570 7301
6596 7389
6596 7386
6596 7391
6596 7341
6615 7373
6615 7351
6615 7301
6615 7381
6616 7301
6618 7389
6618 7381
6619 7373
6619 7381
6620 7301
6620 7306
6620 7304
6624 7378
6624 7381
6646 7301
6655 7301
6702 7381
6714 7301
6714 7381
6714 7373
6714 7378
6714 7351
6766 7378
6774 7386
6867 7373
6906 7351
6906 7381
6906 7306
6906 7301
6907 7391
6907 7373
6907 7378
6907 7381
6907 7386
6907 7389
6914 7378
6924 7389
6934 7381
6934 7378
6941 7301
6941 7378
6946 7391
6991 7323
6993 7301
6994 7301
7021 7386
7047 7341
7047 7391
7047 7389
7052 7391
7052 7301
7052 7381
7053 7389
7053 7378
7054 7378
7057 7378
7080 7301
7086 7389
7086 7391
7086 7341
7086 7378
7089 7301
7090 7378
7092 7301
7092 7389
7100 7301
7104 7301
7127 7301
7134 7373
7188 7351
7188 7386
7225 7378
7231 7386
7233 7389
7236 7378
7241 7373
7280 7386
7293 7301
7295 7301
7298 7301
7299 7301
7300 7301
7301 7301
7302 7301
7321 7389
7335 7381
7350 7381
7352 7378
7354 7351
7357 7391
7360 7351
7362 7381
7371 7373
7378 7386
7378 7381
7379 7381
7380 7381
7391 7341
7393 7393
7449 7341
7492 7378
7535 7378
7536 7378
7537 7378
7588 7391
7614 7386
7648 7391
7666 7397
7675 7386
7679 7391
7685 7391
7727 7341
7727 7391
7733 7389
7755 7386
7772 7389
7774 7391
7775 7341
7814 7386
7900 7391
7901 7391
7902 7391
7904 7391
8036 7391
8045 7389
8046 7389
8047 7389
8053 7391
8085 7391
8162 7391
8173 7391
8187 7391
8211 7389
8262 7389
8263 7389
