24 270 5596 -1
29 136 5545 5582 -1
66 41 5529 -1
68 187 5545 5527 5543 -1
72 113 5524 5511 5524 -1
87 164 5584 -1
109 166 5596 5524 5543 5563 -1
122 193 5506 5592 5509 -1
136 64 5596 -1
155 16 5529 -1
173 332 5511 -1
180 54 5563 -1
263 21 5584 -1
306 215 5543 -1
308 144 5584 -1
310 236 5524 -1
311 312 5543 -1
319 193 5563 5584 5545 -1
335 48 5563 5584 5545 -1
395 37 5596 5524 5563 -1
398 6 5543 -1
457 640 5506 5545 5543 5529 5563 5584 5524 5596 -1
546 107 5584 5524 -1
600 171 5543 5524 5543 -1
634 106 5509 -1
697 85 5509 -1
737 120 5563 5529 5543 -1
749 62 5584 -1
766 709 5506 5584 5509 5527 5524 5596 5563 5543 5545 -1
789 209 5509 5539 5511 -1
813 261 5543 -1
825 139 5592 5545 5545 5568 5527 5524 -1
896 25 5563 -1
996 279 5509 5506 5568 -1
1003 17 5543 -1
1004 8 5545 -1
1074 75 5524 5563 5596 5584 -1
1098 260 5582 -1
1133 282 5545 5527 -1
1137 104 5527 -1
1151 460 5584 5545 5529 5524 5509 -1
1166 318 5524 5509 -1
1210 221 5563 5524 -1
1247 69 5584 5545 -1
1374 385 5539 5500 5529 5568 5511 5509 -1
1470 115 5527 -1
1471 45 5596 -1
1542 237 5563 5524 5524 5543 5545 5511 5543 5527 -1
1549 522 5524 -1
1554 4 5543 -1
1608 344 5545 -1
1667 32 5543 -1
1674 7 5524 -1
1701 98 5543 5584 -1
1722 14 5563 -1
1733 40 5527 -1
1762 37 5596 -1
1796 38 5524 -1
1799 42 5545 5563 -1
1925 22 5511 -1
1972 184 5584 -1
2001 37 5568 -1
2037 6 5543 5524 -1
2118 114 5524 -1
2135 143 5568 -1
2145 134 5543 5563 -1
2186 57 5584 -1
2237 254 5509 5511 -1
2240 106 5524 -1
2249 38 5582 -1
2257 47 5506 -1
2297 150 5584 -1
2328 205 5524 -1
2369 134 5584 5563 5545 -1
2375 32 5568 -1
2384 65 5511 -1
2387 52 5511 5527 -1
2440 43 5584 -1
2485 286 5509 5584 5506 5543 5529 -1
2504 82 5527 -1
2542 73 5584 -1
2547 64 5543 -1
2565 827 5582 5529 5543 5524 5596 5563 5568 5500 5509 5506 -1
2587 12 5524 -1
2619 44 5563 -1
2623 47 5524 -1
2658 231 5500 5529 -1
2667 93 5527 5543 5509 5506 5524 -1
2677 37 5563 -1
2688 516 5509 5596 5524 5543 5506 5545 5527 5563 5543 -1
2693 132 5543 -1
2707 100 5582 -1
2744 36 5511 -1
2765 30 5584 -1
2774 45 5529 -1
2871 165 5509 -1
2972 271 5559 5563 5524 5545 5506 -1
2988 56 5511 -1
3007 8 5563 -1
3010 118 5596 -1
3015 30 5524 -1
3032 205 5524 -1
3092 52 5506 -1
3191 55 5592 -1
3274 60 5527 -1
3290 29 5563 -1
3291 56 5509 5543 -1
3297 39 5529 -1
3315 13 5529 -1
3345 36 5596 -1
3366 31 5527 -1
3381 177 5563 5524 5582 5543 5596 -1
3390 47 5511 -1
3402 88 5506 -1
3447 214 5524 5543 5563 5596 5506 5529 -1
3449 306 5509 5506 5511 5559 5584 5539 5524 5568 5545 5527 5543 -1
3453 241 5524 5506 5543 5543 -1
3456 250 5524 5596 5543 5524 5543 -1
3459 73 5506 5524 5524 5596 5559 -1
3460 17 5596 -1
3461 49 5563 5592 -1
3478 42 5543 -1
3498 96 5509 5524 5527 -1
3522 53 5511 5543 -1
3568 128 5509 -1
3586 135 5563 5527 5543 5524 5524 -1
3607 24 5543 -1
3614 187 5524 5563 5596 5543 5543 -1
3631 70 5568 5509 5539 -1
3634 57 5509 -1
3641 194 5543 5527 5596 5524 5563 5543 5506 -1
3642 291 5545 5543 5596 5543 5529 5545 5524 5584 5527 5563 -1
3658 38 5509 -1
3666 125 5509 5506 5592 5568 -1
3691 70 5513 5568 -1
3728 71 5506 -1
3786 72 5559 -1
3787 233 5529 5568 5582 -1
3792 19 5509 -1
3806 31 5511 -1
3813 72 5592 5527 -1
3873 3 5563 -1
3918 4 5559 -1
3965 79 5524 -1
3971 4 5524 -1
3976 43 5509 -1
4036 139 5509 5543 5529 5506 -1
4045 244 5527 5584 5524 5545 5543 5563 5543 -1
4046 40 5582 5500 -1
4063 26 5545 -1
4065 104 5584 5543 -1
4076 52 5592 -1
4099 101 5527 5524 5563 5545 -1
4138 59 5568 5506 5509 -1
4297 32 5543 -1
4310 225 5563 5524 5524 5509 5584 5506 5543 5543 -1
4353 69 5509 5506 -1
4355 40 5509 -1
4363 13 5524 -1
4364 14 5511 -1
4416 5 5543 -1
4482 6 5563 -1
4483 137 5524 5527 5529 5592 5596 5545 5524 5509 5563 -1
4485 11 5563 -1
4534 16 5545 -1
4536 58 5500 5563 -1
4550 81 5559 5539 5592 5506 5509 5568 5511 -1
4598 34 5584 -1
4631 1 5545 -1
4632 202 5529 5524 5524 -1
4652 4 5543 -1
4653 80 5563 5509 -1
4661 19 5563 5563 5596 -1
4666 23 5506 -1
4673 68 5584 -1
4687 19 5543 5543 -1
4709 24 5524 -1
4712 91 5524 5543 5527 5545 -1
4717 57 5524 5596 -1
4764 52 5543 -1
4767 10 5543 -1
4792 45 5524 -1
4824 88 5506 5527 5513 -1
4828 105 5506 5545 5563 5524 5596 -1
4829 57 5506 5543 -1
4846 24 5568 -1
4883 4 5596 -1
4894 34 5543 -1
4899 160 5545 5568 -1
4924 9 5545 -1
4938 13 5511 5506 -1
4948 194 5568 5506 5509 -1
4964 51 5524 5524 -1
4966 25 5592 -1
4967 317 5524 5509 5584 5568 5596 5527 5545 5543 5563 5543 5506 5524 -1
4974 41 5524 -1
4980 12 5543 -1
4981 49 5584 -1
4982 27 5539 -1
4994 17 5524 -1
5002 116 5584 -1
5009 14 5524 -1
5011 9 5506 5584 -1
5016 8 5509 -1
5022 173 5524 5545 5543 5563 5524 5543 -1
5037 18 5563 -1
5048 5 5524 -1
5061 4 5543 -1
5079 240 5527 5568 5524 5545 5543 5543 5563 5506 5584 5563 5596 5524 -1
5103 118 5584 5524 5529 -1
5110 84 5545 -1
5123 60 5568 5543 -1
5140 50 5584 -1
5160 9 5506 -1
5166 41 5563 5524 -1
5171 40 5543 -1
5173 121 5529 5500 -1
5176 100 5509 5506 5524 5543 5568 -1
5177 92 5527 5524 5524 5545 -1
5178 15 5543 -1
5179 212 5563 5527 5509 5524 5543 5543 5524 5529 -1
5182 14 5568 -1
5184 64 5506 5568 5509 -1
5185 120 5543 5596 5563 5524 -1
5188 211 5506 5563 5596 5524 5568 5592 5509 5543 5584 -1
5189 237 5529 5545 5563 5596 5509 5543 5524 5543 5559 5568 5506 -1
5190 56 5506 5568 -1
5193 15 5539 -1
5196 29 5543 -1
5246 29 5543 5524 -1
5250 5 5539 5559 -1
5262 35 5596 5527 -1
5263 74 5592 5568 -1
5273 12 5596 -1
5285 20 5506 -1
5295 23 5506 -1
5301 42 5596 -1
5312 9 5568 -1
5316 22 5563 -1
5317 10 5511 -1
5342 22 5524 -1
5360 9 5559 -1
5382 19 5568 5509 -1
5399 8 5524 -1
5404 13 5527 -1
5423 36 5584 -1
5427 34 5524 5527 5543 -1
5439 39 5596 5543 5563 -1
5452 18 5596 -1
5454 19 5563 -1
5468 7 5509 5514 -1
5478 9 5509 5568 -1
5479 12 5543 -1
5484 18 5563 -1
5487 23 5545 5500 -1
5504 2 5506 -1
5505 1 5506 -1
5507 1 5509 -1
5508 1 5509 -1
5510 1 5511 -1
5524 402 5582 5596 5500 5527 5563 5584 5543 5529 5543 -1
5531 224 5543 5596 5563 5584 5524 -1
5543 128 5524 5596 5524 5545 5563 -1
5544 3 5500 5559 -1
5550 12 5563 -1
5553 36 5524 5563 -1
5558 2 5545 5559 -1
5561 2 5563 5563 -1
5567 1 5568 -1
5582 105 5543 5545 -1
5591 21 5592 -1
5596 11 5563 -1
5612 38 5584 5524 -1
5630 31 5543 5563 -1
5644 13 5524 5543 -1
5655 48 5543 -1
5684 17 5524 -1
5691 49 5527 -1
5696 49 5527 -1
5697 219 5596 5524 5584 5543 5563 -1
5708 7 5524 -1
5714 42 5543 -1
5739 37 5563 5527 5543 5524 -1
5741 9 5543 -1
5775 39 5529 -1
5787 29 5543 5527 5524 -1
5796 173 5524 5543 5596 5563 5543 5584 -1
5800 182 5529 5582 5524 5596 -1
5802 248 5584 5500 5543 5524 5596 -1
5804 22 5524 5563 -1
5805 10 5527 -1
5807 16 5584 -1
5809 20 5543 -1
5811 65 5582 5563 -1
5812 42 5545 -1
5814 106 5543 5524 -1
5816 50 5584 -1
5817 30 5524 5524 -1
5818 40 5543 -1
5819 52 5545 -1
5822 81 5596 5524 5563 -1
5824 29 5563 5543 -1
5827 14 5563 -1
5829 11 5545 5527 -1
5839 36 5524 5524 -1
5855 8 5543 -1
5857 62 5584 5543 5524 5543 5563 -1
5862 24 5524 -1
5871 51 5543 5596 5527 5524 -1
5896 3 5529 -1
5932 35 5563 5524 5524 -1
5934 32 5527 5543 -1
5935 6 5545 5543 -1
5945 5 5527 -1
5949 3 5582 -1
5981 6 5584 -1
6004 5 5529 -1
6006 47 5596 -1
6020 23 5545 -1
6032 70 5563 5543 5529 -1
6043 38 5524 5543 5545 -1
6060 1 5543 -1
6061 1 5543 -1
6062 2 5543 -1
6063 1 5543 -1
6064 4 5543 -1
6066 1 5524 -1
6067 1 5524 -1
6068 30 5524 -1
6069 3 5524 -1
6072 45 5529 -1
6075 16 5545 5527 -1
6081 3 5596 5543 -1
6094 11 5527 5584 -1
6123 18 5563 5524 -1
6133 4 5545 -1
6146 8 5545 -1
6170 8 5584 -1
6176 2 5545 -1
6179 7 5584 -1
6198 12 5524 -1
6204 4 5563 5543 -1
6212 3 5545 -1
6213 3 5545 -1
6214 1 5545 -1
6215 1 5545 -1
6217 28 5584 -1
6221 26 5529 -1
6229 18 5543 -1
6241 64 5563 -1
6242 4 5524 -1
6270 57 5543 5563 5524 -1
6272 80 5596 5543 -1
6299 70 5582 5524 5596 -1
6305 147 5543 5584 5596 5563 5524 -1
6320 17 5563 -1
6323 49 5543 5524 5563 5596 -1
6324 6 5584 -1
6327 71 5582 -1
6346 13 5596 -1
6359 72 5596 5563 5524 -1
6377 18 5596 -1
6414 15 5582 -1
6421 15 5543 -1
6458 22 5543 -1
6486 57 5524 5596 -1
6488 19 5524 -1
6494 70 5529 5596 5524 5543 -1
6501 10 5543 -1
6522 21 5596 -1
6523 31 5543 5524 -1
6525 13 5543 -1
6538 7 5563 -1
6551 1 5524 -1
6577 10 5524 -1
6595 12 5596 -1
6596 137 5529 5596 -1
6598 7 5543 -1
6611 11 5563 5543 -1
6615 119 5596 5563 5543 -1
6616 6 5500 -1
6618 79 5524 5543 -1
6619 77 5524 -1
6620 91 5543 5582 5563 5524 -1
6627 12 5543 -1
6635 11 5543 -1
6649 23 5596 5543 5524 5563 -1
6658 5 5563 -1
6714 92 5582 5596 -1
6726 5 5596 -1
6736 31 5596 5543 -1
6770 5 5543 -1
6772 49 5563 5596 5524 -1
6783 4 5596 -1
6784 41 5596 -1
6813 1 5596 -1
6818 2 5529 -1
6841 2 5596 -1
6842 1 5596 -1
6843 1 5596 -1
6844 1 5596 -1
6846 6 5563 -1
6855 14 5524 -1
6859 10 5524 -1
6865 16 5563 5543 -1
6895 6 5563 -1
6896 3 5543 -1
6900 29 5524 -1
6902 20 5563 -1
6906 49 5582 -1
6907 183 5529 5582 5500 -1
6914 52 5529 -1
6916 30 5582 -1
6921 1 5543 -1
6922 1 5543 -1
6934 51 5582 5524 5529 -1
6935 2 5524 -1
6936 1 5524 -1
6976 37 5582 -1
7047 133 5529 -1
7049 27 5529 -1
7054 21 5500 -1
7092 75 5529 -1
7099 15 5582 -1
7100 15 5582 -1
7183 6 5529 -1
7231 87 5529 -1
7236 16 5500 -1
7262 9 5529 -1
7579 5 5529 -1
7614 37 5529 -1
7649 8 5529 -1
7679 21 5529 -1
7766 13 5529 -1
7806 2 5529 -1