11 733 5802 -1
20 153 5818 -1
24 270 5818 -1
27 89 5844 -1
36 231 5804 5897 5822 -1
53 25 5804 -1
68 187 5839 5863 5848 5886 5806 -1
87 164 5804 -1
99 15 5812 -1
103 55 5822 5800 5872 -1
109 166 5818 5839 5804 5871 5802 5819 5822 5827 5829 5824 5800 -1
113 68 5886 -1
136 64 5871 5844 5872 -1
143 95 5800 5822 -1
154 53 5886 -1
166 77 5800 -1
178 52 5804 -1
259 42 5828 -1
310 236 5844 -1
311 312 5897 -1
319 193 5806 5897 -1
335 48 5887 5886 -1
395 37 5818 5872 -1
406 33 5822 -1
407 101 5817 -1
425 49 5835 -1
434 6 5897 -1
457 640 5800 5814 5822 5804 5871 5872 5802 5844 5891 5897 5827 5800 5814 5886 5806 5801 5818 5812 5829 -1
546 107 5871 -1
634 106 5818 5827 -1
663 133 5806 -1
695 87 5897 -1
737 120 5822 5800 5827 5814 5802 -1
766 709 5829 5897 5844 5872 5848 5818 5800 5828 5802 5835 5814 5827 5839 5822 5806 5871 5837 -1
769 137 5828 5804 -1
789 209 5804 5897 -1
791 29 5804 -1
813 261 5848 -1
825 139 5828 -1
879 108 5800 5829 -1
967 12 5819 -1
974 30 5822 -1
988 257 5819 -1
996 279 5828 5863 -1
1035 10 5817 -1
1055 139 5863 -1
1063 29 5844 -1
1074 75 5824 5818 5827 5829 5871 -1
1098 260 5829 5811 5812 5806 5807 5814 5819 5800 5822 5897 -1
1133 282 5886 5812 5863 5848 -1
1151 460 5822 5897 5828 5872 5839 5848 5818 -1
1166 318 5806 5872 5800 5828 -1
1210 221 5818 5804 5822 -1
1253 21 5828 -1
1285 24 5818 -1
1286 55 5818 5844 -1
1335 39 5850 -1
1374 385 5844 5891 5814 5828 5886 5839 5837 5871 5897 -1
1375 3 5886 -1
1462 30 5828 -1
1463 22 5822 -1
1471 45 5897 -1
1492 159 5844 -1
1496 190 5863 -1
1530 10 5828 -1
1542 237 5850 5891 5886 5800 -1
1549 522 5872 5897 5822 5844 -1
1608 344 5897 5822 -1
1621 76 5839 -1
1645 2 5886 -1
1667 32 5872 5844 -1
1701 98 5828 -1
1722 14 5818 -1
1762 37 5871 5829 -1
1789 11 5824 -1
1795 41 5814 -1
1796 38 5814 5871 -1
1799 42 5804 5814 -1
1811 37 5891 -1
1814 79 5819 -1
1823 45 5804 5819 -1
1835 55 5828 -1
1847 46 5827 -1
1972 184 5827 -1
1982 26 5839 -1
1984 7 5817 -1
2001 37 5863 5828 5886 -1
2003 42 5819 -1
2115 12 5828 -1
2118 114 5886 -1
2129 42 5891 -1
2145 134 5837 5811 5828 5827 -1
2160 11 5829 -1
2186 57 5848 -1
2226 23 5800 -1
2237 254 5848 5886 5844 -1
2240 106 5814 5827 5871 -1
2257 47 5806 -1
2258 90 5828 5891 5863 5804 -1
2297 150 5828 -1
2299 65 5827 5829 5814 -1
2328 205 5806 5800 5829 5822 5814 -1
2369 134 5886 -1
2376 22 5822 -1
2387 52 5886 5848 -1
2440 43 5819 -1
2452 29 5811 5814 5839 5800 -1
2485 286 5804 5806 5818 5872 -1
2502 22 5828 -1
2504 82 5886 5828 -1
2516 36 5814 5844 5827 -1
2535 24 5817 -1
2542 73 5828 -1
2549 63 5828 -1
2564 49 5848 -1
2565 827 5811 5871 5800 5829 5897 5835 5822 5812 5839 5800 5872 5814 5807 5806 5802 5818 -1
2576 138 5802 5814 -1
2585 46 5891 -1
2620 26 5871 5800 5829 -1
2651 216 5848 5844 5819 -1
2658 231 5835 5812 5806 5872 5897 5800 -1
2660 148 5837 5863 5828 -1
2667 93 5886 5891 5804 -1
2674 83 5804 5828 -1
2677 37 5800 5822 5807 -1
2688 516 5829 5800 5827 5891 5844 5814 5837 5886 5871 5828 5824 5848 -1
2689 34 5891 -1
2693 132 5804 5818 -1
2702 39 5828 5863 -1
2704 40 5850 -1
2744 36 5860 5872 -1
2760 20 5828 5850 -1
2774 45 5828 -1
2775 36 5886 -1
2778 16 5812 -1
2831 39 5827 -1
2909 51 5886 -1
2932 50 5828 -1
2940 91 5872 5806 -1
2972 271 5822 5844 5848 5814 5818 -1
2981 36 5886 -1
3000 31 5806 5800 5802 -1
3010 118 5871 5829 -1
3015 30 5814 5844 -1
3027 31 5871 -1
3032 205 5828 5822 5863 -1
3073 33 5897 -1
3142 41 5812 -1
3150 9 5828 -1
3227 20 5822 -1
3238 22 5839 5814 -1
3348 16 5806 -1
3381 177 5818 5835 5819 5872 5806 5871 5822 5897 5804 5800 5814 5827 -1
3393 10 5897 -1
3394 121 5891 -1
3402 88 5817 5817 -1
3404 73 5891 5839 5844 5886 -1
3439 69 5827 -1
3447 214 5886 5800 5829 5818 5819 5844 5814 5827 5871 5804 -1
3449 306 5804 5863 5850 5837 5844 5886 5848 5891 5828 -1
3450 27 5817 -1
3452 91 5844 -1
3453 241 5891 5822 5827 5802 5844 5871 5886 5804 5829 -1
3455 59 5817 -1
3456 250 5839 5827 5822 5828 5897 5844 5829 5800 5848 -1
3457 97 5800 5827 -1
3458 61 5804 5897 -1
3459 73 5871 5886 5844 -1
3460 17 5819 -1
3469 21 5844 -1
3478 42 5814 5829 5850 -1
3479 83 5844 -1
3492 1 5814 -1
3498 96 5828 5837 5863 5844 -1
3521 23 5886 5844 -1
3522 53 5818 -1
3568 128 5863 5844 5848 -1
3571 39 5872 5814 5818 -1
3586 135 5872 5804 5811 5827 5819 5814 5806 5800 5886 5839 -1
3593 26 5848 -1
3614 187 5802 5844 5818 5837 5848 5828 5804 -1
3615 113 5804 -1
3634 57 5812 5806 5800 5886 -1
3641 194 5829 5800 5871 5802 5811 5818 5848 -1
3642 291 5837 5848 5891 5802 5828 5829 5824 5871 5804 5886 5827 5814 5818 5800 5800 5844 -1
3666 125 5828 5863 -1
3679 2 5886 -1
3691 70 5800 5835 -1
3728 71 5828 -1
3748 26 5848 -1
3786 72 5863 -1
3787 233 5828 5814 5800 5804 5863 -1
3794 44 5818 5848 -1
3796 107 5886 5844 5891 5828 5848 -1
3806 31 5814 -1
3813 72 5863 -1
3900 3 5818 -1
3956 55 5886 5804 5871 -1
3965 79 5802 5819 5822 -1
3976 43 5886 -1
3978 2 5818 -1
3995 53 5886 5827 5848 5891 -1
4036 139 5819 5835 5897 5814 5828 5827 -1
4040 71 5839 -1
4041 54 5886 5829 5844 -1
4045 244 5891 5814 5822 5818 5827 5844 5848 5886 -1
4046 40 5814 -1
4065 104 5871 -1
4070 56 5828 -1
4073 90 5891 -1
4076 52 5804 -1
4082 15 5863 5848 5837 -1
4099 101 5800 5871 5827 5818 5828 5897 5886 -1
4144 38 5863 -1
4151 79 5818 5844 -1
4191 14 5848 -1
4211 39 5800 -1
4219 101 5800 -1
4221 41 5871 5818 -1
4223 5 5850 -1
4297 32 5811 5871 5818 5819 5839 -1
4310 225 5800 5848 5844 5806 5839 5814 5886 5804 5871 5822 5818 5872 -1
4353 69 5844 5886 -1
4364 14 5817 -1
4383 3 5807 -1
4428 12 5848 -1
4432 8 5818 5814 -1
4437 33 5806 5897 -1
4441 186 5837 5812 5863 5848 5804 5844 -1
4447 12 5818 5872 5860 -1
4483 137 5811 5871 5863 5802 5829 5806 5839 5804 5800 -1
4488 35 5819 -1
4550 81 5891 -1
4574 37 5828 -1
4587 25 5844 -1
4598 34 5871 5829 5839 -1
4632 202 5891 5804 5872 5886 5819 5827 5807 5800 -1
4653 80 5844 -1
4661 19 5822 5804 -1
4662 44 5897 -1
4666 23 5850 -1
4669 9 5800 -1
4673 68 5804 5827 -1
4687 19 5824 -1
4712 91 5811 5800 -1
4715 8 5844 -1
4717 57 5829 -1
4718 31 5844 5886 -1
4739 11 5863 -1
4764 52 5844 5800 5818 -1
4781 28 5828 -1
4788 15 5829 -1
4792 45 5829 5871 -1
4795 66 5839 5814 5891 -1
4824 88 5844 5886 5848 5837 5891 5828 -1
4828 105 5872 5811 5871 5829 5806 5818 -1
4829 57 5839 5818 5800 5802 -1
4843 12 5828 5850 -1
4879 20 5835 5806 5872 -1
4882 5 5817 -1
4894 34 5844 -1
4899 160 5897 5827 5812 5886 5863 5844 5819 -1
4948 194 5800 5872 5819 5844 5839 5812 5806 -1
4964 51 5886 5819 5844 -1
4967 317 5807 5828 5814 5844 5871 5829 5818 5863 5804 5802 5827 5837 5822 5886 5848 5891 -1
4974 41 5844 5886 5872 -1
4976 20 5886 -1
4981 49 5807 -1
4994 17 5800 5897 -1
5002 116 5872 5814 5802 5827 5800 5822 5844 5806 -1
5009 14 5848 -1
5022 173 5829 5891 5809 5807 5886 5863 5824 5814 5818 -1
5028 40 5814 5839 -1
5053 53 5835 5897 -1
5079 240 5829 5872 5871 5837 5844 5827 5824 5817 5891 5886 5802 5812 5828 -1
5102 48 5814 5818 5812 -1
5103 118 5839 5814 5804 -1
5110 84 5886 5804 5802 5891 -1
5123 60 5814 5891 -1
5140 50 5886 5844 5827 -1
5143 8 5806 -1
5164 2 5872 -1
5166 41 5814 5806 -1
5171 40 5886 5844 -1
5172 18 5828 -1
5173 121 5806 5800 5812 5839 5800 -1
5176 100 5886 5891 -1
5177 92 5871 5800 5839 5804 5827 -1
5179 212 5800 5871 5804 5814 5807 5802 -1
5180 47 5863 5848 5886 5837 5844 5891 -1
5181 29 5863 5827 5837 5844 5848 -1
5182 14 5848 5863 5828 -1
5184 64 5891 -1
5185 120 5897 5802 5800 5818 5827 5829 5804 5800 5871 -1
5187 28 5891 5828 5863 5844 5848 5886 5860 -1
5188 211 5818 5891 5822 5844 5827 5886 5837 5897 5848 5828 5802 5871 5829 5814 5863 5804 -1
5189 237 5804 5819 5812 5863 5837 5806 5839 5824 5800 5872 5829 5891 5886 5844 -1
5190 56 5828 -1
5193 15 5863 5872 -1
5196 29 5871 5802 5804 -1
5199 19 5819 5829 -1
5200 14 5897 -1
5207 9 5814 -1
5226 13 5886 -1
5233 19 5818 -1
5246 29 5839 5827 -1
5254 34 5807 5822 5839 -1
5262 35 5863 5837 5848 -1
5263 74 5863 5828 5837 5850 5860 5872 5844 5886 5848 -1
5295 23 5839 -1
5301 42 5806 5827 5804 5897 -1
5316 22 5844 -1
5332 6 5891 -1
5342 22 5886 -1
5378 13 5812 -1
5423 36 5804 -1
5427 34 5844 5891 5848 -1
5437 24 5844 5863 5891 5828 5848 5886 -1
5439 39 5800 5818 5829 -1
5445 39 5839 5891 -1
5446 21 5806 -1
5452 18 5822 -1
5457 20 5891 5828 -1
5472 15 5863 -1
5478 9 5886 -1
5482 12 5828 5850 -1
5485 13 5886 -1
5524 402 5818 5800 5871 5802 5897 5814 5804 5835 5886 5819 5827 5829 5822 5812 5872 5839 -1
5529 31 5839 5819 -1
5531 224 5802 5806 5818 5871 5804 5886 5829 5800 5827 5814 5897 -1
5543 128 5897 5800 5804 5818 5872 5806 5822 5800 -1
5582 105 5822 5829 5824 5802 -1
5590 4 5817 -1
5596 11 5886 5822 5871 -1
5604 5 5871 -1
5606 23 5844 5848 5837 5828 -1
5612 38 5828 5848 -1
5617 7 5800 -1
5624 20 5848 -1
5630 31 5824 -1
5655 48 5844 5822 5806 -1
5658 10 5812 -1
5662 3 5886 -1
5691 49 5886 5860 5828 5830 5872 5891 5837 5848 5863 5844 -1
5696 49 5824 5804 -1
5697 219 5814 5886 5827 5872 5804 5807 5828 5871 5844 5822 5863 5802 5829 5800 5848 5891 5837 5819 5860 5818 -1
5702 10 5897 -1
5707 4 5891 -1
5709 4 5811 -1
5714 42 5828 5804 5818 -1
5738 12 5822 -1
5739 37 5800 5871 5872 5848 5802 5829 -1
5761 8 5800 -1
5772 10 5829 5800 -1
5773 63 5814 5800 5800 5811 -1
5775 39 5800 -1
5776 9 5872 -1
5783 15 5848 5844 -1
5788 4 5802 -1
5796 173 5827 5800 5802 5829 5800 5822 5871 5804 5814 5897 5818 -1
5798 7 5804 -1
5800 182 5802 5835 5819 5814 5897 5871 5818 5827 5839 5806 5812 5824 5822 -1
5801 2 5817 -1
5802 248 5872 5897 5806 5814 5827 5871 5819 5822 5839 5824 5807 5835 5800 5804 5811 5800 5829 -1
5804 22 5871 -1
5806 45 5800 5872 -1
5808 6 5804 -1
5809 20 5814 -1
5811 65 5800 5818 -1
5812 42 5818 5814 5800 -1
5814 106 5863 5806 5835 5818 5812 5800 5891 5871 5827 5802 5897 -1
5817 30 5886 -1
5818 40 5804 5871 -1
5819 52 5828 5886 -1
5820 19 5839 -1
5821 18 5872 -1
5822 81 5800 5819 5829 5872 5839 -1
5824 29 5848 5800 5814 5828 5818 -1
5827 14 5828 -1
5829 11 5891 -1
5833 1 5837 -1
5834 6 5837 -1
5836 8 5886 5844 -1
5838 1 5838 -1
5839 36 5827 5829 5871 -1
5846 2 5848 -1
5855 8 5891 -1
5857 62 5818 5806 5891 5886 5827 -1
5859 7 5891 -1
5861 2 5863 -1
5862 24 5863 5891 5886 -1
5871 51 5839 5811 5829 5800 5827 -1
5872 25 5812 5806 -1
5873 5 5886 5891 -1
5877 7 5886 5891 -1
5883 2 5886 -1
5884 2 5886 -1
5885 2 5886 -1
5887 1 5891 -1
5888 1 5891 -1
5889 1 5891 -1
5890 4 5891 -1
5915 39 5839 -1
5932 35 5872 5871 5824 -1
5934 32 5871 5800 5802 -1
5961 9 5804 -1
5980 4 5897 -1
5998 80 5822 5806 5800 5835 5814 -1
6001 5 5871 -1
6006 47 5804 5812 -1
6032 70 5800 5806 5800 -1
6038 6 5829 -1
6047 4 5800 -1
6072 45 5819 5806 5818 -1
6094 11 5814 -1
6097 24 5814 5872 5806 -1
6121 2 5814 -1
6123 18 5871 5822 -1
6126 11 5829 -1
6134 6 5814 -1
6146 8 5804 -1
6170 8 5871 -1
6174 10 5818 -1
6184 2 5822 -1
6198 12 5822 5829 -1
6204 4 5818 -1
6213 3 5824 -1
6218 47 5806 5897 5814 5807 -1
6221 26 5814 5835 -1
6232 3 5804 -1
6241 64 5822 5806 5814 5872 -1
6243 32 5839 5829 5872 5800 5871 -1
6270 57 5829 5800 5814 5811 -1
6272 80 5827 5819 5806 5871 5811 5822 5839 5800 -1
6280 31 5800 5806 5897 -1
6299 70 5802 5806 5829 5897 5814 5804 -1
6305 147 5829 5814 5824 5827 -1
6320 17 5804 -1
6323 49 5811 5811 5829 5800 5800 -1
6327 71 5829 5822 5818 5800 5827 5814 -1
6344 2 5827 -1
6359 72 5822 5871 5802 5829 5814 5827 -1
6360 35 5804 -1
6374 1 5804 -1
6375 1 5804 -1
6377 18 5829 5871 -1
6398 15 5871 5814 -1
6421 15 5829 5807 5839 -1
6422 7 5822 -1
6443 51 5800 -1
6458 22 5818 -1
6460 56 5839 5800 5819 -1
6483 18 5827 -1
6484 10 5822 -1
6486 57 5806 5800 5872 5814 5811 -1
6487 3 5802 -1
6488 19 5800 5871 -1
6491 4 5824 5802 -1
6492 2 5802 -1
6494 70 5806 5897 5800 5814 5811 -1
6501 10 5827 -1
6504 7 5827 -1
6510 54 5800 5800 -1
6518 30 5872 5814 -1
6522 21 5871 5829 -1
6523 31 5839 5800 -1
6524 6 5807 -1
6525 13 5829 -1
6526 6 5829 5871 -1
6552 27 5839 -1
6555 33 5814 5811 -1
6560 42 5839 5800 5818 5811 -1
6563 54 5897 5814 -1
6570 4 5872 -1
6596 137 5839 5871 5812 -1
6607 3 5827 -1
6608 16 5818 5824 5829 5871 5827 -1
6615 119 5897 5807 5814 5829 5818 5811 5822 5800 5800 5871 -1
6618 79 5806 5800 5807 5814 5822 5812 -1
6619 77 5811 5872 5897 5814 5806 5822 5800 -1
6620 91 5822 5818 5807 5814 5811 5800 -1
6624 122 5839 5806 5872 5800 5897 5835 -1
6627 12 5835 -1
6649 23 5818 -1
6657 9 5839 -1
6665 25 5824 -1
6702 10 5872 5839 -1
6705 1 5824 -1
6714 92 5822 5806 5872 5835 5800 5897 -1
6734 2 5802 -1
6736 31 5818 5839 5871 5800 -1
6758 9 5871 -1
6766 16 5835 -1
6770 5 5806 5871 -1
6771 2 5871 -1
6772 49 5819 5818 5806 5871 5872 5829 5800 -1
6773 1 5871 -1
6774 23 5814 5871 5839 -1
6780 6 5819 -1
6783 4 5829 -1
6784 41 5818 5839 5806 5800 5800 -1
6789 9 5800 -1
6790 10 5822 -1
6821 1 5829 -1
6822 2 5818 5829 -1
6855 14 5814 -1
6865 16 5811 5818 5800 -1
6867 4 5800 -1
6870 3 5800 -1
6875 15 5818 -1
6876 1 5818 -1
6877 1 5818 -1
6878 1 5818 -1
6899 2 5800 -1
6900 29 5800 5800 -1
6902 20 5872 -1
6906 49 5814 5897 -1
6907 183 5835 5814 5806 5812 5800 5839 5872 5897 -1
6913 34 5822 5814 -1
6914 52 5800 5839 5806 5835 5872 -1
6916 30 5872 5806 -1
6934 51 5800 5872 5806 -1
6941 35 5819 5835 -1
6945 16 5872 -1
6946 25 5800 -1
6959 5 5839 -1
6976 37 5800 5822 -1
6993 75 5839 5872 5806 -1
7021 15 5806 5800 5872 -1
7024 3 5814 -1
7030 2 5822 -1
7046 19 5800 -1
7047 133 5819 5812 5839 -1
7050 3 5839 -1
7052 114 5872 5839 5835 5806 5897 5800 -1
7055 95 5800 5835 5839 5806 5872 -1
7056 29 5839 -1
7057 100 5812 5819 5800 5835 5839 5806 5872 -1
7061 3 5822 -1
7063 15 5800 -1
7080 58 5872 5806 5800 5819 -1
7086 111 5872 5806 5839 5800 5819 5812 -1
7092 75 5835 5800 5872 -1
7099 15 5897 5814 -1
7121 6 5800 -1
7129 6 5897 -1
7132 21 5872 5839 -1
7150 10 5839 -1
7153 7 5897 -1
7173 2 5819 -1
7183 6 5814 -1
7188 12 5811 -1
7225 24 5806 5872 5839 5800 -1
7226 3 5835 -1
7227 9 5872 -1
7229 5 5835 -1
7230 4 5806 -1
7231 87 5872 5806 5839 5800 -1
7233 18 5811 5872 -1
7237 8 5800 -1
7239 21 5872 5806 -1
7241 18 5806 5872 5800 -1
7255 1 5801 -1
7262 9 5835 -1
7270 4 5897 -1
7279 17 5812 -1
7280 71 5819 5839 5812 5806 -1
7294 37 5811 5839 5800 5806 -1
7317 4 5897 -1
7330 2 5872 -1
7341 2 5806 -1
7343 10 5806 -1
7350 20 5872 5806 5800 -1
7351 2 5897 -1
7352 11 5835 -1
7354 3 5800 -1
7378 40 5872 5806 5800 -1
7390 18 5872 -1
7393 10 5839 -1
7400 15 5806 5839 -1
7401 3 5872 -1
7409 10 5839 5811 -1
7443 10 5800 -1
7449 20 5812 5872 -1
7484 3 5806 5872 -1
7554 2 5835 -1
7578 24 5812 -1
7594 3 5819 -1
7598 26 5839 -1
7614 37 5839 -1
7649 8 5839 -1
7716 2 5839 -1
7717 2 5839 -1
7727 26 5839 -1
7733 42 5812 -1
7744 49 5819 5812 5839 -1
7747 5 5839 -1
7774 30 5819 -1
7775 11 5839 5819 -1
7806 2 5839 -1
7841 1 5839 -1
7900 27 5819 -1
7901 28 5812 -1
7964 8 5819 -1
8045 2 5812 -1
8046 14 5812 -1
8047 17 5812 -1
8048 2 5812 -1
8049 1 5812 -1
8051 5 5812 -1
8052 1 5812 -1
8053 17 5812 -1
8054 2 5812 -1
8069 4 5819 -1
8070 1 5819 -1
8071 1 5819 -1
8072 1 5819 -1