11 733 4179 4124 4103 4162 -1
14 105 4179 -1
20 153 4179 -1
27 89 4191 4191 4189 -1
29 136 4103 -1
53 25 4162 -1
68 187 4124 4162 4179 -1
87 164 4124 4191 4110 -1
90 63 4191 -1
122 193 4117 4191 4162 -1
127 83 4179 -1
166 77 4191 -1
173 332 4124 -1
259 42 4110 -1
291 30 4179 -1
306 215 4162 4138 -1
319 193 4103 -1
334 41 4179 -1
335 48 4191 4191 -1
356 16 4110 -1
364 11 4110 -1
371 117 4110 -1
383 19 4110 -1
395 37 4175 4179 -1
427 6 4175 4179 -1
432 155 4124 -1
457 640 4124 4191 4191 -1
546 107 4191 4191 -1
556 117 4124 -1
600 171 4191 -1
643 44 4117 4179 -1
657 1 4110 -1
727 19 4191 -1
749 62 4124 -1
766 709 4191 4191 4162 4103 4191 4175 4138 4179 4124 -1
769 137 4110 -1
784 205 4179 -1
789 209 4124 4103 -1
813 261 4124 4138 4179 4162 -1
820 9 4110 -1
825 139 4103 4110 4124 4191 -1
842 27 4110 -1
854 56 4175 4179 -1
879 108 4162 4124 4191 -1
946 85 4179 -1
974 30 4191 -1
996 279 4179 -1
1024 40 4162 -1
1051 48 4175 4179 -1
1055 139 4175 -1
1075 59 4179 -1
1097 93 4124 -1
1111 42 4191 -1
1127 58 4179 -1
1132 42 4117 -1
1133 282 4191 4110 4191 4124 4103 4175 -1
1137 104 4162 -1
1151 460 4179 4103 4124 4191 -1
1166 318 4124 -1
1196 4 4110 -1
1204 58 4191 -1
1211 66 4138 -1
1305 227 4162 -1
1319 185 4162 -1
1374 385 4124 4179 -1
1383 4 4179 -1
1384 20 4179 -1
1385 24 4179 -1
1468 19 4103 -1
1470 115 4191 4124 -1
1492 159 4162 -1
1500 26 4191 -1
1522 90 4179 -1
1542 237 4127 4124 4191 -1
1549 522 4162 4179 4191 4117 4103 -1
1585 80 4179 -1
1592 25 4179 -1
1594 108 4179 -1
1608 344 4162 -1
1613 12 4103 -1
1647 15 4191 -1
1688 24 4179 4162 -1
1730 29 4110 -1
1748 37 4179 -1
1767 75 4110 4191 -1
1800 20 4175 -1
1808 103 4124 -1
1835 55 4110 -1
1847 46 4191 4191 -1
1922 126 4124 -1
1972 184 4162 4110 4179 -1
1984 7 4191 -1
2120 56 4179 -1
2129 42 4138 -1
2134 13 4191 -1
2135 143 4191 4179 4124 -1
2145 134 4191 -1
2196 3 4179 -1
2237 254 4103 4191 4191 4191 4124 -1
2256 125 4179 4181 -1
2257 47 4191 -1
2264 51 4124 -1
2289 13 4124 -1
2290 95 4191 4110 -1
2297 150 4124 4179 4191 4162 -1
2323 54 4191 4179 -1
2326 249 4124 4189 4138 4181 4162 4179 4191 4110 4117 -1
2328 205 4134 4162 -1
2356 57 4179 -1
2369 134 4191 4124 -1
2371 93 4124 -1
2379 46 4110 4179 4162 -1
2398 56 4191 -1
2411 96 4124 -1
2440 43 4191 -1
2474 101 4191 -1
2485 286 4162 4124 4179 4175 -1
2502 22 4110 -1
2504 82 4191 -1
2506 28 4124 -1
2510 69 4124 -1
2523 5 4175 -1
2542 73 4175 -1
2547 64 4124 -1
2559 54 4110 -1
2560 89 4191 -1
2564 49 4191 -1
2565 827 4191 4103 4124 4138 4117 4179 4134 4110 4162 4191 -1
2592 8 4191 -1
2594 42 4124 -1
2595 42 4162 4179 -1
2605 58 4191 -1
2618 50 4191 -1
2623 47 4124 -1
2645 5 4191 -1
2651 216 4179 4191 4162 -1
2653 102 4124 4179 4162 -1
2658 231 4127 4124 -1
2660 148 4110 4110 -1
2667 93 4191 4175 -1
2686 120 4175 -1
2688 516 4124 4191 4179 4103 4191 4191 4162 4175 -1
2689 34 4138 -1
2693 132 4134 4179 -1
2694 17 4191 -1
2696 61 4124 -1
2697 45 4124 -1
2700 113 4179 4138 4191 4162 -1
2707 100 4179 4117 4110 4124 -1
2713 166 4181 4138 4179 4162 -1
2715 2 4179 -1
2719 20 4162 -1
2727 35 4162 -1
2744 36 4175 -1
2747 65 4191 -1
2770 1 4110 -1
2775 36 4191 4191 -1
2778 16 4173 -1
2787 5 4162 -1
2790 145 4191 4124 -1
2822 29 4124 -1
2832 27 4191 -1
2842 93 4179 4138 -1
2859 90 4162 4191 4179 -1
2871 165 4162 4179 4189 -1
2872 54 4162 4117 4110 -1
2909 51 4124 -1
2935 30 4124 -1
2940 91 4162 4179 -1
2964 59 4162 4110 4179 -1
2967 232 4179 4191 4110 4138 4124 4162 4103 4181 4191 -1
2968 37 4124 4179 -1
2972 271 4175 4162 4103 4124 -1
2974 15 4173 4110 -1
2981 36 4162 4124 -1
2991 6 4179 -1
2999 6 4191 -1
3026 151 4162 4191 4124 4189 -1
3028 99 4191 4124 -1
3032 205 4179 4191 4191 4138 -1
3034 38 4124 -1
3057 36 4124 -1
3059 34 4124 -1
3086 7 4191 -1
3092 52 4124 -1
3168 69 4110 4103 4179 -1
3173 6 4191 -1
3185 3 4124 -1
3191 55 4191 -1
3192 39 4124 4179 -1
3209 32 4124 -1
3225 13 4103 -1
3227 20 4191 -1
3258 69 4191 -1
3276 60 4191 4191 4162 -1
3291 56 4162 -1
3315 13 4191 -1
3321 16 4191 4124 -1
3326 12 4162 -1
3334 11 4191 -1
3345 36 4175 -1
3352 165 4179 4191 4110 4124 4162 -1
3366 31 4175 4124 -1
3373 12 4162 4191 4179 -1
3378 37 4162 4179 -1
3388 11 4179 -1
3390 47 4124 -1
3394 121 4191 4191 4124 4189 -1
3399 3 4181 -1
3417 31 4181 -1
3439 69 4124 -1
3447 214 4127 4191 4191 4124 -1
3449 306 4127 4175 4124 4189 4103 -1
3451 49 4162 4191 4103 4179 -1
3452 91 4179 4124 -1
3453 241 4124 4103 4191 -1
3454 124 4162 4103 4191 4124 4188 4179 -1
3455 59 4124 -1
3456 250 4138 4191 4124 -1
3457 97 4124 -1
3458 61 4162 4179 -1
3462 36 4189 4124 -1
3478 42 4138 4179 -1
3519 49 4191 -1
3522 53 4124 -1
3541 62 4179 4162 4191 4110 -1
3562 38 4191 4124 -1
3568 128 4103 4110 4191 4124 4191 4138 4191 4162 4179 -1
3601 41 4191 4138 -1
3614 187 4124 4191 4162 4191 4110 -1
3615 113 4124 4179 -1
3624 49 4191 4162 -1
3631 70 4199 4103 4181 4179 4103 -1
3633 26 4162 -1
3634 57 4191 -1
3635 33 4138 -1
3641 194 4179 4191 4162 4110 4124 -1
3642 291 4175 -1
3643 35 4191 4191 -1
3645 34 4162 4179 -1
3655 7 4110 -1
3658 38 4191 -1
3660 67 4138 4124 4110 -1
3666 125 4124 4179 -1
3682 20 4162 -1
3691 70 4124 -1
3714 15 4162 4179 -1
3719 14 4191 -1
3724 69 4138 4179 4162 -1
3728 71 4110 4175 -1
3729 12 4191 4191 -1
3748 26 4124 -1
3752 15 4179 -1
3780 3 4110 -1
3785 15 4189 4179 4199 -1
3786 72 4191 -1
3787 233 4191 4103 4124 4191 -1
3794 44 4189 4191 -1
3796 107 4191 4124 -1
3806 31 4191 4138 -1
3813 72 4179 4162 -1
3814 24 4162 -1
3819 9 4181 -1
3827 2 4110 -1
3830 18 4191 -1
3851 2 4138 -1
3854 79 4191 4199 4124 -1
3865 2 4138 -1
3872 10 4162 4179 -1
3890 3 4110 -1
3948 10 4110 -1
3949 26 4162 4179 -1
3956 55 4124 -1
3961 16 4103 4110 -1
3969 58 4191 -1
3973 20 4191 4162 4138 4179 -1
3976 43 4124 4127 -1
3977 13 4191 -1
4001 27 4127 4191 -1
4027 2 4162 4179 -1
4036 139 4162 4175 -1
4039 9 4162 4110 -1
4041 54 4124 -1
4042 21 4162 4179 -1
4044 53 4191 -1
4045 244 4124 4103 4175 -1
4046 40 4103 -1
4056 20 4110 4162 -1
4063 26 4191 -1
4065 104 4162 4179 -1
4072 21 4191 -1
4073 90 4124 4199 4189 4191 4191 4191 -1
4074 33 4191 4199 4138 -1
4076 52 4179 4103 -1
4077 63 4191 -1
4104 2 4110 -1
4105 1 4110 -1
4106 1 4110 -1
4107 1 4110 -1
4111 10 4111 -1
4123 23 4179 -1
4127 42 4191 -1
4136 27 4138 -1
4138 59 4191 4191 -1
4144 38 4191 4179 -1
4150 13 4191 -1
4151 79 4124 -1
4163 2 4162 -1
4164 3 4162 -1
4167 1 4168 -1
4174 1 4179 -1
4175 7 4179 -1
4176 1 4179 -1
4177 1 4179 -1
4178 1 4179 -1
4180 1 4181 -1
4186 7 4191 4191 -1
4191 14 4138 -1
4211 39 4191 -1
4212 30 4191 4103 4124 4191 4191 -1
4214 8 4138 -1
4219 101 4103 4124 4189 -1
4221 41 4134 -1
4222 28 4199 -1
4223 5 4138 -1
4228 3 4138 -1
4252 5 4124 -1
4255 9 4138 -1
4295 16 4189 -1
4297 32 4191 -1
4298 10 4189 4191 -1
4315 19 4189 -1
4316 8 4191 -1
4333 2 4191 4191 -1
4334 1 4191 -1
4335 28 4191 -1
4336 1 4191 -1
4337 1 4191 -1
4409 6 4175 -1
4428 12 4124 -1
4441 186 4124 -1
4448 32 4127 -1
4483 137 4110 4191 -1
4500 2 4199 -1
4511 9 4103 -1
4534 16 4191 -1
4536 58 4191 4191 -1
4547 41 4189 -1
4550 81 4191 -1
4564 30 4191 -1
4574 37 4103 4191 -1
4632 202 4103 4124 -1
4633 11 4103 -1
4688 59 4103 4189 -1
4712 91 4175 -1
4718 31 4175 -1
4725 33 4103 -1
4746 7 4124 -1
4774 12 4103 -1
4798 3 4103 -1
4814 16 4189 -1
4818 15 4124 -1
4829 57 4124 4127 -1
4833 6 4124 -1
4846 24 4191 -1
4859 29 4124 4191 -1
4894 34 4191 -1
4899 160 4124 -1
4937 14 4124 -1
4943 31 4124 -1
4947 8 4124 -1
4948 194 4191 4124 -1
4957 1 4189 -1
4964 51 4124 -1
4967 317 4124 4175 4134 -1
4973 7 4124 -1
4976 20 4191 -1
4981 49 4191 -1
4993 3 4124 -1
4994 17 4191 -1
5006 16 4124 -1
5008 23 4191 -1
5011 9 4191 -1
5022 173 4134 -1
5036 3 4124 -1
5046 2 4191 4124 -1
5047 1 4124 -1
5048 5 4124 -1
5051 8 4175 -1
5053 53 4175 -1
5069 4 4127 -1
5079 240 4134 -1
5103 118 4134 -1
5123 60 4175 -1
5171 40 4191 -1
5175 20 4191 -1
5176 100 4191 -1
5184 64 4191 -1
5189 237 4175 4191 -1
5207 9 4191 -1
5254 34 4191 -1
5285 20 4191 -1
5295 23 4191 -1
5321 13 4191 -1
5339 3 4191 -1
5427 34 4191 -1
5454 19 4191 -1
5468 7 4191 -1
5474 6 4191 -1
5495 4 4191 -1
5515 6 4191 -1
5516 2 4191 -1
5517 1 4191 -1
5518 1 4191 -1
5519 1 4191 -1
5520 2 4191 -1
5521 3 4191 -1
5522 1 4191 -1
5523 1 4191 -1
5524 402 4191 4134 -1
5525 1 4191 -1
5526 7 4191 -1
5527 2 4191 -1
5528 3 4191 -1
5531 224 4175 4134 -1
5543 128 4134 -1
5684 17 4175 -1
5697 219 4134 4175 -1
5714 42 4175 -1
5817 30 4134 -1
5819 52 4175 -1
5827 14 4175 -1
5862 24 4175 -1
5936 2 4175 -1
5940 12 4175 -1
6013 3 4175 -1
6014 1 4175 -1
6015 3 4175 -1
6016 10 4175 -1
6017 2 4175 -1
6018 1 4175 -1
6019 1 4175 -1
6270 57 4134 -1
6577 10 4134 -1
6620 91 4134 -1
6896 3 4134 -1