11 733 3433 3480 3404 3439 3454 3463 3458 3443 3452 3447 3453 3464 -1
20 153 3456 -1
24 270 3439 3458 3456 3443 3452 3473 3408 3447 -1
27 89 3456 -1
36 231 3443 3489 3456 3480 3454 -1
37 21 3456 -1
42 88 3408 -1
46 58 3435 -1
59 94 3408 -1
66 41 3464 -1
68 187 3439 3435 3473 3454 3459 3489 3498 3443 -1
72 113 3498 -1
86 101 3443 -1
87 164 3473 3460 3464 3443 -1
89 21 3404 -1
90 63 3435 -1
109 166 3459 3459 -1
113 68 3489 -1
122 193 3435 3458 3404 3456 3443 3439 3489 3480 3453 -1
127 83 3456 3443 -1
155 16 3459 -1
166 77 3459 -1
172 120 3408 3489 3473 3435 -1
173 332 3443 3452 3456 3408 -1
180 54 3480 -1
290 61 3408 -1
291 30 3455 -1
306 215 3454 3404 3480 3408 -1
308 144 3473 3443 -1
310 236 3489 3417 3464 3473 3408 -1
311 312 3408 3443 3459 3456 -1
313 41 3456 -1
371 117 3456 -1
383 19 3480 -1
405 17 3459 -1
432 155 3417 3408 3447 3480 -1
457 640 3454 3459 3439 3443 3498 3408 3404 3447 3456 3483 3464 3463 3479 3459 -1
469 8 3408 -1
501 9 3473 -1
545 25 3459 -1
546 107 3479 -1
553 19 3408 -1
556 117 3439 3408 3458 -1
582 29 3460 3464 -1
600 171 3458 3408 3443 -1
634 106 3456 -1
635 52 3489 -1
663 133 3456 3452 -1
665 6 3408 -1
667 18 3404 -1
690 3 3456 -1
695 87 3443 3404 -1
697 85 3456 3498 -1
704 82 3473 -1
708 39 3473 -1
710 88 3456 -1
722 124 3480 3443 3435 3408 -1
724 3 3404 -1
727 19 3433 -1
737 120 3458 3452 -1
742 85 3460 3464 -1
749 62 3435 3417 -1
759 55 3473 -1
766 709 3408 3452 3453 3454 3460 3433 3456 3464 3443 3473 3498 3447 3417 3458 3489 3455 -1
769 137 3479 3408 3480 -1
784 205 3489 -1
789 209 3452 3458 3498 3456 3460 3417 3433 3447 -1
798 12 3439 -1
804 6 3435 -1
805 82 3443 3435 -1
813 261 3473 3404 3489 3433 -1
825 139 3456 3473 3447 -1
826 218 3473 3489 3408 -1
836 26 3480 -1
854 56 3439 3456 -1
856 30 3465 -1
879 108 3443 3447 3439 3456 3453 3454 -1
896 25 3498 -1
943 28 3473 -1
946 85 3404 -1
947 21 3456 -1
956 40 3433 -1
962 3 3456 -1
963 3 3473 -1
967 12 3456 -1
974 30 3443 -1
986 50 3456 -1
988 257 3454 3473 3408 3480 3489 3404 3439 -1
996 279 3479 3456 3408 3489 -1
1024 40 3408 3433 -1
1041 31 3417 -1
1048 2 3479 -1
1051 48 3480 3439 -1
1062 157 3404 -1
1063 29 3456 -1
1097 93 3456 3443 -1
1098 260 3459 3473 3408 3489 3435 -1
1125 22 3473 -1
1127 58 3404 3489 -1
1133 282 3456 3443 3454 3460 3439 3458 3455 3452 3453 3498 3447 3433 3464 -1
1147 3 3480 -1
1151 460 3489 3443 3456 3452 3473 3498 3480 -1
1166 318 3473 3456 3498 3433 3479 3452 3408 3489 3454 3460 3480 3439 -1
1167 78 3408 -1
1169 24 3408 -1
1179 8 3443 -1
1184 57 3443 3453 3455 -1
1185 25 3443 -1
1200 92 3456 -1
1204 58 3452 3447 3458 3433 -1
1210 221 3479 3456 -1
1247 69 3454 3473 -1
1253 21 3456 3443 -1
1259 41 3489 3435 3473 3408 -1
1267 61 3456 -1
1286 55 3464 3454 3456 -1
1291 34 3473 -1
1305 227 3404 3473 3408 3435 3480 3489 -1
1306 19 3404 -1
1319 185 3473 -1
1335 39 3459 -1
1353 24 3458 3408 -1
1374 385 3435 3417 3408 3456 -1
1382 9 3480 -1
1384 20 3489 -1
1385 24 3439 -1
1395 192 3404 -1
1419 29 3489 3473 3408 -1
1424 41 3453 -1
1462 30 3456 -1
1470 115 3498 3473 3456 3452 3458 -1
1471 45 3456 -1
1473 70 3473 3408 -1
1487 115 3408 3473 3489 3435 -1
1496 190 3456 3408 3489 3473 -1
1498 4 3456 -1
1500 26 3480 -1
1521 104 3404 -1
1522 90 3473 3404 3480 -1
1524 4 3473 -1
1537 72 3439 3433 3454 -1
1542 237 3460 3498 3463 3417 3456 3443 -1
1549 522 3473 3456 3489 3454 3480 3453 3459 3404 3408 3498 3443 3463 3439 -1
1571 23 3473 -1
1583 78 3489 -1
1585 80 3473 -1
1608 344 3459 3435 -1
1613 12 3443 -1
1621 76 3456 -1
1639 36 3417 -1
1661 36 3443 3456 3408 3447 -1
1667 32 3447 -1
1691 47 3489 -1
1697 42 3473 3456 3408 3480 -1
1701 98 3458 -1
1717 98 3447 3498 -1
1730 29 3443 -1
1733 40 3433 -1
1734 47 3473 -1
1744 5 3435 -1
1747 3 3452 3480 -1
1748 37 3452 3443 3480 -1
1749 63 3483 3435 -1
1767 75 3408 3480 3473 -1
1783 58 3464 -1
1795 41 3408 -1
1796 38 3459 -1
1799 42 3498 3452 3456 -1
1808 103 3404 3408 3498 -1
1813 33 3453 3454 3439 -1
1814 79 3459 3456 3459 -1
1820 90 3404 -1
1823 45 3456 3460 -1
1835 55 3458 3456 -1
1847 46 3460 -1
1855 12 3408 -1
1859 3 3443 -1
1885 43 3404 3453 -1
1896 50 3435 -1
1915 16 3456 -1
1922 126 3456 3452 3408 3473 3404 -1
1925 22 3408 -1
1928 3 3408 -1
1931 14 3408 -1
1937 6 3456 -1
1951 26 3480 3408 -1
1972 184 3489 3408 3404 3480 3456 3417 3473 -1
1982 26 3459 -1
1985 57 3460 3404 3464 3443 -1
2003 42 3480 3408 -1
2009 46 3408 3464 -1
2014 11 3452 -1
2033 13 3408 -1
2041 5 3408 -1
2065 45 3443 3454 3458 3456 -1
2109 27 3489 3480 3443 -1
2114 31 3404 -1
2118 114 3433 3439 3408 3454 3417 -1
2120 56 3459 3480 -1
2129 42 3439 3404 3454 -1
2135 143 3452 3480 3456 -1
2144 17 3456 3454 3459 -1
2145 134 3473 -1
2172 24 3479 -1
2174 49 3439 -1
2186 57 3408 -1
2209 25 3489 3473 -1
2225 36 3452 -1
2226 23 3459 -1
2229 17 3408 -1
2237 254 3498 3404 3453 3464 3417 3454 3433 3480 3456 3443 3439 3408 3447 -1
2240 106 3408 -1
2249 38 3479 -1
2256 125 3404 3473 3456 3489 3443 -1
2257 47 3464 3435 3473 3408 -1
2258 90 3480 -1
2264 51 3456 -1
2276 21 3459 -1
2285 16 3408 -1
2290 95 3480 3404 -1
2297 150 3473 3456 3435 3489 3454 -1
2299 65 3459 -1
2323 54 3456 3443 3480 -1
2326 249 3489 3435 3455 3473 3460 3443 3439 3439 3483 3408 3480 3404 -1
2328 205 3480 3479 3459 -1
2332 20 3408 -1
2356 57 3454 -1
2365 58 3443 -1
2368 17 3443 -1
2369 134 3447 3456 3459 3498 3417 -1
2379 46 3483 3480 -1
2381 37 3443 3456 -1
2384 65 3498 3435 3443 3417 -1
2387 52 3456 3460 3417 -1
2398 56 3443 3454 -1
2410 27 3456 -1
2411 96 3408 3473 3489 -1
2433 2 3439 -1
2440 43 3456 -1
2456 31 3498 -1
2485 286 3417 3489 3404 3498 3480 3452 3458 3443 3473 -1
2497 37 3489 -1
2502 22 3408 -1
2504 82 3456 3454 3443 3452 -1
2506 28 3480 -1
2507 64 3408 -1
2510 69 3404 3489 -1
2516 36 3456 -1
2535 24 3454 3456 -1
2541 27 3408 -1
2542 73 3443 3408 3473 3435 -1
2545 7 3480 -1
2546 28 3443 -1
2547 64 3439 3443 -1
2557 77 3443 -1
2560 89 3480 3439 3473 3417 -1
2564 49 3456 -1
2565 827 3439 3460 3447 3459 3458 3439 3454 3489 3464 3417 3443 3435 3456 3455 3452 3408 3480 3404 3473 3486 3453 -1
2576 138 3473 3408 3489 3443 -1
2585 46 3454 3439 -1
2594 42 3439 -1
2595 42 3456 3443 -1
2605 58 3417 3489 -1
2612 29 3454 3439 3408 3458 -1
2613 17 3480 -1
2618 50 3473 -1
2645 5 3439 -1
2646 30 3473 -1
2651 216 3404 3408 3486 3473 3453 3454 3433 3439 3439 3489 -1
2653 102 3439 3454 3480 3404 3443 3435 3456 -1
2654 56 3404 -1
2655 30 3452 3443 -1
2657 35 3404 -1
2658 231 3443 3452 3459 3454 3464 3453 -1
2660 148 3408 3443 3480 3473 3464 -1
2667 93 3479 3456 -1
2674 83 3404 3456 3480 -1
2686 120 3408 3435 3439 3459 3489 3473 -1
2688 516 3473 3483 3439 3498 3404 3456 3454 3452 3459 3408 3453 3460 3489 3480 3447 3417 3479 3443 3458 -1
2689 34 3456 -1
2690 25 3435 -1
2692 18 3408 -1
2693 132 3443 3473 3435 3439 3408 3447 3456 3459 -1
2694 17 3456 -1
2696 61 3435 3456 -1
2699 63 3480 3460 3483 3404 3417 3473 3489 -1
2700 113 3408 3480 3489 3473 3404 -1
2702 39 3456 3408 -1
2703 42 3408 3489 3473 -1
2706 13 3489 3408 -1
2707 100 3408 3439 3455 -1
2713 166 3404 3480 3408 3439 -1
2724 6 3439 -1
2727 35 3456 3404 -1
2737 16 3443 -1
2747 65 3404 3480 3439 -1
2752 5 3456 -1
2774 45 3456 3480 -1
2775 36 3443 3456 -1
2790 145 3408 3464 3459 3473 3404 3480 -1
2791 15 3473 -1
2811 9 3456 -1
2822 29 3404 -1
2831 39 3480 -1
2832 27 3439 -1
2842 93 3435 3473 3408 3489 -1
2859 90 3443 3454 3408 3453 3404 3489 3439 3473 -1
2871 165 3443 3447 3456 3439 3452 -1
2883 18 3408 -1
2909 51 3417 3443 3456 -1
2932 50 3454 3480 3439 3417 -1
2935 30 3452 3447 -1
2940 91 3489 3404 3408 3480 -1
2947 10 3489 -1
2951 14 3489 -1
2958 48 3439 -1
2964 59 3408 3453 -1
2967 232 3453 3455 3447 3458 3479 3456 3439 3404 3463 3435 -1
2968 37 3456 3473 3454 3489 -1
2972 271 3479 3498 3447 3453 3456 3417 3460 3452 3454 3433 3439 -1
2974 15 3480 -1
2976 7 3463 -1
2981 36 3456 3447 -1
2988 56 3404 -1
3000 31 3408 3456 -1
3001 5 3408 -1
3002 5 3456 -1
3004 3 3443 -1
3005 27 3435 -1
3010 118 3480 3408 3473 3435 3483 3404 -1
3015 30 3498 -1
3018 18 3408 -1
3024 47 3408 -1
3026 151 3480 3404 3443 3454 3456 3452 -1
3027 31 3456 -1
3028 99 3454 3439 3456 3473 3480 -1
3031 42 3408 3435 -1
3032 205 3453 3439 3456 3458 3455 3439 3452 3454 -1
3033 38 3443 -1
3034 38 3443 -1
3035 13 3417 -1
3046 10 3489 -1
3055 42 3473 3489 3480 -1
3056 34 3460 3404 -1
3057 36 3456 3443 -1
3073 33 3456 -1
3081 14 3480 -1
3084 52 3480 3404 -1
3086 7 3458 -1
3090 10 3456 -1
3092 52 3456 -1
3110 19 3439 -1
3119 3 3408 -1
3137 5 3454 -1
3142 41 3433 -1
3144 66 3404 3439 3480 3454 3443 3408 3473 -1
3148 18 3480 3489 -1
3168 69 3439 -1
3172 13 3458 -1
3175 34 3483 -1
3180 23 3489 -1
3190 4 3408 -1
3191 55 3456 3417 3460 -1
3192 39 3489 3404 3454 -1
3196 19 3480 3404 3473 -1
3209 32 3489 3447 3473 -1
3211 2 3408 -1
3238 22 3456 -1
3252 33 3439 3480 3404 -1
3255 3 3408 -1
3256 20 3483 -1
3258 69 3404 3454 -1
3262 8 3489 3480 -1
3274 60 3454 3447 -1
3275 10 3417 -1
3276 60 3439 3404 3443 -1
3290 29 3489 -1
3291 56 3439 -1
3297 39 3498 3408 -1
3301 15 3404 3483 -1
3304 31 3439 3473 3435 3408 -1
3317 15 3439 -1
3321 16 3417 3456 -1
3326 12 3443 -1
3338 3 3408 -1
3345 36 3408 3473 -1
3346 4 3454 -1
3350 55 3489 3464 3447 3452 3454 3443 3453 -1
3352 165 3447 3404 3452 3417 3435 3443 3464 3408 3454 3456 -1
3366 31 3456 -1
3374 3 3489 -1
3375 36 3464 -1
3377 4 3489 -1
3378 37 3443 3452 3417 -1
3379 19 3489 3473 -1
3380 33 3408 3439 -1
3381 177 3489 -1
3386 11 3456 -1
3390 47 3435 3417 3408 3460 -1
3392 26 3454 -1
3394 121 3480 3453 3439 3447 3455 3454 3404 3473 3456 -1
3397 2 3408 -1
3399 3 3408 -1
3402 88 3433 3453 3443 3452 3439 3454 3464 3455 3489 -1
3404 73 3417 3454 3480 3489 3408 -1
3405 1 3408 -1
3406 4 3408 -1
3417 31 3447 3404 3460 -1
3439 69 3456 3473 -1
3443 13 3456 -1
3445 15 3443 -1
3447 214 3455 3417 3456 3452 3453 3458 3464 3479 -1
3448 3 3464 -1
3449 306 3443 3460 3458 3433 3417 3479 3498 3453 3464 3452 3454 3447 3456 -1
3450 27 3443 3454 3464 -1
3451 49 3439 3464 3454 3453 -1
3452 91 3439 3443 3447 3417 3456 3498 3433 3464 -1
3453 241 3417 3460 3452 3443 3454 3447 3433 3479 3456 3464 -1
3454 124 3455 3447 3452 3439 3464 3433 3443 -1
3455 59 3460 3453 3464 3433 3447 -1
3456 250 3417 3453 3459 3454 3498 3447 3464 3439 3460 3452 3458 3459 3443 3433 -1
3457 97 3433 3455 3464 3404 3417 -1
3458 61 3453 3456 3480 3464 3498 3454 3447 -1
3459 73 3464 3456 -1
3460 17 3464 -1
3461 49 3456 3455 3464 3454 3447 -1
3462 36 3433 3464 3443 -1
3463 54 3464 3454 3443 -1
3465 3 3459 -1
3466 12 3473 -1
3467 1 3473 -1
3468 3 3473 3489 -1
3469 21 3452 3473 3433 -1
3470 21 3489 3473 -1
3471 2 3473 -1
3477 45 3404 -1
3478 42 3479 -1
3479 83 3439 3417 3456 -1
3480 12 3458 -1
3481 11 3480 -1
3483 16 3417 -1
3487 1 3489 -1
3488 14 3489 -1
3498 96 3456 3452 -1
3519 49 3443 3456 -1
3521 23 3443 3498 -1
3522 53 3456 3453 3447 3455 3455 -1
3525 13 3404 -1
3527 47 3483 3480 -1
3541 62 3404 3454 3480 -1
3542 4 3453 -1
3564 2 3480 -1
3568 128 3479 3443 3454 3460 3456 3439 3417 -1
3586 135 3498 -1
3591 12 3454 -1
3593 26 3456 -1
3597 11 3404 -1
3601 41 3459 -1
3603 10 3433 -1
3607 24 3456 -1
3611 19 3404 -1
3614 187 3452 3456 3417 3455 3443 3447 3458 3460 -1
3615 113 3455 3439 3452 3456 3453 3443 3404 -1
3622 22 3480 -1
3624 49 3404 -1
3630 30 3454 3439 -1
3631 70 3452 3456 -1
3634 57 3456 3443 -1
3635 33 3439 3454 -1
3641 194 3417 3404 3456 3454 3439 -1
3642 291 3498 3459 3479 -1
3643 35 3417 -1
3645 34 3439 -1
3658 38 3417 -1
3659 32 3404 -1
3660 67 3447 -1
3666 125 3460 3456 3460 3454 3452 -1
3678 13 3483 3404 3480 -1
3682 20 3404 -1
3691 70 3480 3452 3456 -1
3709 7 3404 -1
3723 7 3459 -1
3724 69 3439 3483 -1
3728 71 3458 3456 -1
3731 12 3480 -1
3743 8 3443 3456 -1
3748 26 3456 3452 -1
3766 5 3453 3480 -1
3771 2 3480 -1
3779 1 3480 -1
3780 3 3480 -1
3781 1 3480 -1
3782 2 3480 -1
3783 1 3480 -1
3785 15 3483 -1
3786 72 3456 -1
3787 233 3479 3454 3443 3439 3459 3455 3460 3456 3455 -1
3792 19 3456 -1
3794 44 3433 3443 3453 -1
3796 107 3453 3433 3452 3447 -1
3800 3 3454 -1
3806 31 3447 -1
3812 32 3417 -1
3813 72 3456 -1
3830 18 3456 -1
3842 12 3404 -1
3843 7 3458 3455 -1
3854 79 3443 3452 3447 3404 3498 3456 -1
3855 6 3483 3404 -1
3883 1 3483 -1
3902 16 3456 -1
3910 14 3456 -1
3956 55 3452 3454 3439 3456 -1
3965 79 3454 -1
3969 58 3452 3456 -1
3971 4 3458 -1
3976 43 3456 -1
3982 17 3456 -1
3985 26 3454 3498 -1
3995 53 3479 3456 3498 -1
4001 27 3454 -1
4036 139 3456 3443 3458 -1
4037 7 3498 -1
4040 71 3454 -1
4041 54 3458 3498 3460 -1
4044 53 3454 3447 3452 3455 3433 3460 3453 -1
4045 244 3453 3452 3455 3447 3433 3498 -1
4046 40 3453 -1
4056 20 3452 3458 -1
4063 26 3454 3447 -1
4065 104 3454 3452 3439 3443 3447 3433 3453 -1
4066 5 3439 -1
4070 56 3417 3458 -1
4071 15 3460 -1
4073 90 3456 3447 3455 3452 3453 3454 3443 -1
4074 33 3439 -1
4076 52 3454 3456 -1
4077 63 3433 3447 3456 3454 3460 -1
4082 15 3456 -1
4089 3 3453 -1
4099 101 3498 3456 3452 3417 3459 3459 -1
4124 27 3447 3439 -1
4127 42 3443 3452 3447 -1
4138 59 3456 3439 -1
4142 30 3439 3453 -1
4144 38 3498 3447 -1
4151 79 3443 3454 3447 3456 3453 -1
4152 34 3443 3439 3454 3453 -1
4162 15 3452 -1
4175 7 3498 -1
4191 14 3456 -1
4211 39 3439 -1
4212 30 3447 3452 3443 3433 3439 3456 -1
4213 2 3439 -1
4214 8 3439 -1
4219 101 3433 3443 3456 3453 -1
4220 3 3443 -1
4221 41 3447 3459 -1
4223 5 3443 -1
4229 4 3463 -1
4257 2 3463 -1
4261 23 3447 -1
4273 19 3454 -1
4276 47 3460 3456 3417 -1
4310 225 3459 3456 3459 3417 -1
4312 5 3447 -1
4316 8 3452 3447 -1
4317 3 3454 -1
4338 11 3458 -1
4353 69 3456 3417 -1
4354 4 3443 -1
4355 40 3453 3417 3447 3455 -1
4364 14 3456 -1
4415 15 3433 -1
4430 4 3443 -1
4433 17 3454 -1
4441 186 3443 3479 3452 3417 3433 3458 3447 3453 3455 -1
4442 15 3456 -1
4448 32 3460 3417 3453 -1
4455 16 3459 -1
4468 8 3456 -1
4474 2 3453 -1
4483 137 3447 3459 3479 3459 -1
4485 11 3454 3453 -1
4486 9 3417 3443 3456 -1
4487 6 3456 -1
4488 35 3443 3456 -1
4489 11 3498 -1
4504 1 3443 -1
4531 8 3454 -1
4534 16 3456 3498 -1
4536 58 3447 -1
4547 41 3453 3460 3458 3454 3447 -1
4550 81 3417 3460 3456 3459 -1
4563 11 3454 -1
4564 30 3443 3454 -1
4565 2 3454 -1
4566 2 3454 -1
4567 2 3454 -1
4574 37 3455 3456 -1
4576 8 3447 -1
4581 3 3433 -1
4587 25 3453 3498 3452 -1
4595 2 3453 -1
4598 34 3498 3459 -1
4618 3 3453 -1
4622 1 3443 -1
4623 2 3443 -1
4624 1 3443 -1
4625 3 3443 -1
4626 5 3443 3456 -1
4627 1 3443 -1
4632 202 3460 3479 3447 3498 -1
4647 9 3433 3456 3447 -1
4651 1 3453 -1
4652 4 3453 -1
4653 80 3460 3417 3459 3453 3455 3447 3456 -1
4654 2 3453 -1
4662 44 3460 -1
4665 8 3460 3417 -1
4681 10 3460 -1
4682 14 3460 -1
4686 40 3456 -1
4688 59 3452 3447 3458 3433 -1
4709 24 3456 -1
4717 57 3459 3459 -1
4718 31 3460 3456 -1
4725 33 3452 -1
4764 52 3459 -1
4781 28 3498 -1
4788 15 3460 -1
4792 45 3447 -1
4813 45 3456 3498 3479 -1
4814 16 3455 -1
4824 88 3456 3459 -1
4829 57 3417 3460 3456 -1
4837 2 3498 -1
4846 24 3456 -1
4852 3 3498 -1
4859 29 3452 3447 -1
4866 2 3433 -1
4879 20 3459 -1
4885 3 3455 3447 -1
4891 3 3433 -1
4893 5 3433 -1
4899 160 3456 3460 3417 -1
4929 4 3456 -1
4931 1 3433 -1
4932 2 3433 -1
4933 3 3433 -1
4934 6 3456 -1
4938 13 3417 -1
4948 194 3459 3455 3460 3447 3452 3456 3417 -1
4964 51 3447 -1
4967 317 3456 3459 3417 3479 3460 3498 -1
4973 7 3452 -1
4974 41 3447 -1
4975 2 3455 -1
4982 27 3455 -1
4989 4 3458 3447 -1
5002 116 3459 3456 -1
5006 16 3458 3456 -1
5008 23 3447 3456 -1
5009 14 3447 -1
5010 3 3447 -1
5011 9 3447 -1
5012 6 3447 3417 -1
5013 6 3447 -1
5020 45 3460 3417 3456 -1
5022 173 3459 3479 -1
5028 40 3452 -1
5029 21 3452 3456 3417 -1
5039 7 3455 -1
5053 53 3498 -1
5072 3 3498 -1
5079 240 3456 3459 3417 3479 3459 3460 3498 -1
5089 8 3479 -1
5099 9 3459 -1
5102 48 3459 -1
5110 84 3417 3498 3460 3479 -1
5123 60 3456 -1
5151 3 3456 -1
5166 41 3456 -1
5171 40 3498 -1
5172 18 3498 3456 -1
5173 121 3459 -1
5176 100 3459 3456 3460 -1
5177 92 3459 -1
5179 212 3459 3479 3459 -1
5181 29 3456 -1
5182 14 3498 -1
5184 64 3417 3456 3460 -1
5188 211 3456 3459 -1
5189 237 3456 3498 3460 3417 3459 -1
5190 56 3456 3417 -1
5198 5 3456 -1
5202 2 3460 -1
5203 12 3417 -1
5238 2 3459 -1
5255 4 3460 3417 -1
5267 2 3460 -1
5273 12 3459 -1
5286 6 3417 3460 -1
5294 1 3417 -1
5295 23 3417 -1
5296 15 3417 -1
5301 42 3498 -1
5313 11 3456 -1
5316 22 3456 -1
5320 6 3456 -1
5323 2 3459 -1
5324 12 3456 -1
5333 2 3460 -1
5352 2 3460 -1
5353 1 3460 -1
5382 19 3456 -1
5391 14 3498 -1
5405 3 3456 -1
5421 4 3456 -1
5423 36 3479 -1
5439 39 3459 -1
5457 20 3498 -1
5462 7 3456 -1
5468 7 3456 -1
5478 9 3456 -1
5512 1 3456 -1
5521 3 3456 -1
5524 402 3459 3498 3459 -1
5526 7 3459 3459 -1
5531 224 3459 -1
5542 1 3456 -1
5543 128 3456 3459 3498 -1
5544 3 3456 -1
5582 105 3498 -1
5620 6 3459 -1
5630 31 3498 -1
5691 49 3459 -1
5696 49 3479 -1
5697 219 3498 3479 3459 -1
5739 37 3459 -1
5772 10 3459 -1
5773 63 3459 -1
5775 39 3459 -1
5787 29 3498 -1
5796 173 3498 3459 -1
5808 6 3479 -1
5812 42 3479 3459 -1
5814 106 3459 -1
5816 50 3479 -1
5818 40 3498 -1
5819 52 3498 -1
5822 81 3459 -1
5839 36 3459 -1
5855 8 3498 -1
5871 51 3459 3459 -1
5928 4 3459 -1
5932 35 3459 3459 -1
5999 16 3459 -1
6007 3 3498 -1
6020 23 3498 -1
6023 16 3479 -1
6043 38 3498 -1
6068 30 3498 -1
6075 16 3498 -1
6097 24 3498 -1
6123 18 3459 -1
6151 13 3498 -1
6174 10 3498 -1
6175 1 3498 -1
6176 2 3498 -1
6177 2 3498 -1
6198 12 3459 -1
6270 57 3459 -1
6272 80 3459 3459 -1
6305 147 3479 3459 -1
6316 15 3459 3459 -1
6323 49 3459 3459 -1
6327 71 3459 -1
6360 35 3479 -1
6377 18 3459 -1
6479 13 3459 3459 -1
6488 19 3459 -1
6494 70 3459 -1
6510 54 3459 3459 -1
6523 31 3459 -1
6538 7 3459 -1
6552 27 3459 3459 -1
6555 33 3459 -1
6560 42 3459 -1
6611 11 3459 -1
6615 119 3459 -1
6620 91 3459 -1
6624 122 3459 -1
6714 92 3459 -1
6784 41 3459 -1
6790 10 3459 -1
6865 16 3459 -1
6900 29 3459 3459 -1
6934 51 3459 -1
6951 26 3459 -1
6971 5 3459 -1
6972 1 3459 -1
6974 2 3459 -1
6975 7 3459 -1
6976 37 3459 -1
7046 19 3459 -1
7052 114 3459 -1
7053 19 3459 -1
7055 95 3459 -1
7057 100 3459 -1
7080 58 3459 -1
7294 37 3459 -1
7352 11 3459 -1
7376 4 3459 -1