11 733 3903 3970 3937 3958 3926 3967 3956 -1
24 270 3910 3903 -1
37 21 3976 -1
47 113 3946 -1
68 187 3958 -1
71 68 3970 -1
86 101 3970 -1
87 164 3962 -1
109 166 3962 -1
113 68 3926 -1
122 193 3970 3958 3958 3926 3903 3976 -1
136 64 3919 -1
147 50 3970 -1
151 44 3970 -1
166 77 3946 -1
203 26 3903 -1
306 215 3976 -1
310 236 3967 -1
311 312 3969 3976 -1
313 41 3946 -1
319 193 3958 3910 -1
325 15 3967 -1
351 11 3946 -1
371 117 3967 -1
457 640 3956 3976 3958 3910 3962 -1
465 9 3967 3937 -1
546 107 3946 -1
582 29 3956 -1
600 171 3962 -1
663 133 3962 3910 -1
688 5 3967 -1
689 27 3926 -1
697 85 3970 -1
749 62 3970 -1
762 42 3976 -1
763 45 3976 -1
766 709 3958 3969 3958 3910 3962 3956 3976 -1
784 205 3976 -1
788 52 3946 -1
813 261 3976 3967 -1
825 139 3969 3926 3970 3976 3910 -1
827 3 3946 -1
840 7 3962 -1
852 25 3946 -1
854 56 3976 -1
856 30 3962 -1
879 108 3976 3956 -1
974 30 3946 -1
986 50 3970 -1
988 257 3937 3970 3926 3903 -1
993 233 3926 3970 -1
996 279 3958 -1
1041 31 3956 -1
1044 9 3926 -1
1062 157 3956 -1
1097 93 3926 -1
1133 282 3958 3976 3956 -1
1151 460 3962 3903 3926 3937 -1
1166 318 3976 3976 3910 -1
1167 78 3976 -1
1185 25 3958 -1
1210 221 3976 3958 3926 -1
1221 75 3903 3956 -1
1241 33 3903 -1
1267 61 3970 -1
1279 126 3956 -1
1297 48 3946 -1
1305 227 3903 -1
1319 185 3967 -1
1374 385 3962 3958 3910 3973 -1
1395 192 3970 -1
1428 159 3970 -1
1470 115 3910 -1
1473 70 3903 3970 -1
1506 34 3976 -1
1522 90 3976 3956 3903 3937 -1
1537 72 3956 -1
1542 237 3976 3976 3967 3910 -1
1549 522 3903 3970 -1
1550 20 3903 -1
1608 344 3926 -1
1644 46 3976 -1
1647 15 3967 -1
1661 36 3962 -1
1697 42 3970 -1
1717 98 3976 -1
1730 29 3970 3976 -1
1733 40 3970 -1
1749 63 3926 3937 -1
1767 75 3926 3937 -1
1772 95 3970 -1
1794 25 3970 -1
1799 42 3969 3970 -1
1813 33 3956 -1
1820 90 3903 -1
1847 46 3910 -1
1875 26 3903 -1
1891 23 3976 -1
1972 184 3903 3970 -1
1985 57 3956 -1
2001 37 3910 -1
2065 45 3970 -1
2109 27 3926 -1
2114 31 3970 -1
2129 42 3903 3958 -1
2145 134 3903 -1
2174 49 3903 -1
2186 57 3969 -1
2231 26 3976 -1
2237 254 3903 3970 3956 3958 -1
2240 106 3976 3962 -1
2252 15 3970 -1
2258 90 3970 -1
2264 51 3926 3958 3937 -1
2290 95 3903 3970 3946 -1
2297 150 3946 3926 -1
2299 65 3903 -1
2326 249 3976 3903 3926 3970 3967 3937 -1
2328 205 3970 3903 3926 -1
2356 57 3937 3926 3903 -1
2365 58 3958 -1
2369 134 3976 3910 -1
2387 52 3958 3910 -1
2398 56 3903 3970 3937 3926 -1
2410 27 3962 -1
2440 43 3962 3976 -1
2485 286 3903 3970 -1
2504 82 3903 3926 3956 -1
2516 36 3976 -1
2524 4 3946 -1
2535 24 3976 -1
2542 73 3926 3946 3903 -1
2547 64 3976 3976 -1
2549 63 3937 -1
2557 77 3958 -1
2565 827 3956 3969 3910 3976 3962 3903 3937 3926 3958 -1
2576 138 3958 3956 3962 3958 -1
2612 29 3958 -1
2619 44 3962 -1
2620 26 3919 -1
2651 216 3956 3911 3926 3958 3910 3903 -1
2653 102 3970 3903 -1
2658 231 3976 3956 3969 3962 3958 -1
2674 83 3903 3970 -1
2686 120 3903 -1
2688 516 3926 3970 3903 3956 3976 3958 3910 3937 -1
2691 39 3976 -1
2693 132 3910 -1
2699 63 3910 -1
2700 113 3970 3903 3926 -1
2707 100 3973 3970 -1
2713 166 3903 3937 3970 3926 -1
2774 45 3976 -1
2790 145 3958 3970 3980 3967 -1
2792 17 3976 -1
2819 12 3903 -1
2831 39 3958 -1
2833 7 3969 -1
2842 93 3970 -1
2859 90 3937 3903 3976 -1
2871 165 3970 3903 -1
2872 54 3970 3967 3903 3926 3937 -1
2903 5 3956 -1
2909 51 3910 3976 -1
2932 50 3969 -1
2935 30 3958 -1
2941 6 3970 -1
2958 48 3903 -1
2967 232 3958 3956 3903 -1
2972 271 3919 3958 3903 3956 3926 3910 -1
2981 36 3910 -1
3007 8 3903 -1
3010 118 3903 3937 -1
3026 151 3903 3910 -1
3028 99 3903 3956 -1
3032 205 3937 3946 3958 3958 3910 3926 -1
3040 6 3970 -1
3055 42 3903 3967 3937 -1
3056 34 3958 -1
3057 36 3969 -1
3073 33 3969 -1
3084 52 3903 -1
3092 52 3910 -1
3110 19 3903 -1
3127 12 3903 -1
3144 66 3926 -1
3145 17 3958 -1
3168 69 3937 3956 3958 -1
3172 13 3903 -1
3175 34 3937 3970 3903 3926 -1
3191 55 3910 -1
3196 19 3937 -1
3199 13 3926 -1
3209 32 3976 -1
3252 33 3903 -1
3258 69 3903 3967 -1
3274 60 3962 3956 -1
3276 60 3967 -1
3284 7 3970 -1
3291 56 3970 -1
3292 8 3956 -1
3320 2 3946 -1
3350 55 3958 3903 3956 -1
3352 165 3976 3910 3970 3903 -1
3366 31 3937 -1
3375 36 3903 -1
3381 177 3969 -1
3390 47 3910 3958 -1
3392 26 3970 3910 -1
3394 121 3958 3926 3903 -1
3402 88 3958 3910 3946 3962 -1
3404 73 3903 3910 -1
3417 31 3910 -1
3447 214 3910 3958 3958 -1
3449 306 3958 3958 3910 -1
3450 27 3958 3956 3976 -1
3451 49 3958 3956 -1
3452 91 3910 3958 -1
3453 241 3956 3910 3958 3958 -1
3454 124 3958 3926 3922 3976 3937 3956 -1
3455 59 3958 3911 -1
3456 250 3910 3958 -1
3457 97 3970 -1
3458 61 3903 -1
3459 73 3910 -1
3461 49 3956 -1
3462 36 3956 3958 -1
3463 54 3958 -1
3466 12 3969 -1
3477 45 3937 3970 -1
3478 42 3958 -1
3479 83 3958 -1
3488 14 3967 -1
3498 96 3969 3910 -1
3521 23 3969 -1
3522 53 3910 -1
3527 47 3967 3946 3926 3937 3903 -1
3541 62 3937 3903 3926 -1
3544 3 3937 -1
3562 38 3970 -1
3568 128 3970 3910 -1
3571 39 3926 -1
3576 5 3970 -1
3586 135 3962 -1
3601 41 3958 -1
3614 187 3910 3958 3958 -1
3615 113 3937 3926 3903 3969 3910 3956 3970 -1
3622 22 3903 -1
3631 70 3937 3910 -1
3633 26 3926 -1
3634 57 3976 -1
3635 33 3970 -1
3636 11 3937 3926 -1
3637 4 3910 -1
3641 194 3946 3969 -1
3642 291 3937 3969 -1
3643 35 3956 3970 -1
3645 34 3970 -1
3647 13 3926 3937 3903 -1
3660 67 3967 -1
3661 28 3926 3937 3903 -1
3666 125 3958 3958 3976 3910 3946 3976 -1
3667 5 3971 -1
3682 20 3970 -1
3691 70 3969 -1
3724 69 3926 3937 -1
3728 71 3976 3946 -1
3742 1 3976 -1
3752 15 3962 -1
3762 8 3912 -1
3775 10 3970 -1
3786 72 3910 3958 -1
3787 233 3976 3910 3958 -1
3796 107 3976 -1
3798 18 3969 -1
3799 6 3903 -1
3802 5 3937 -1
3812 32 3976 -1
3813 72 3962 -1
3814 24 3967 -1
3815 14 3922 -1
3835 26 3970 -1
3842 12 3970 3937 3926 -1
3854 79 3958 -1
3900 3 3903 -1
3901 1 3903 -1
3902 16 3903 3956 -1
3912 15 3937 -1
3935 1 3937 -1
3936 1 3937 -1
3945 2 3946 -1
3948 10 3970 -1
3949 26 3970 3980 3967 -1
3956 55 3976 -1
3961 16 3970 -1
3965 79 3976 3969 -1
3966 1 3967 -1
3968 1 3970 -1
3969 58 3970 3910 -1
3982 17 3910 -1
4001 27 3976 -1
4036 139 3958 3969 -1
4040 71 3976 3910 -1
4044 53 3976 -1
4045 244 3958 3956 3919 -1
4065 104 3958 3956 -1
4071 15 3910 -1
4077 63 3910 -1
4099 101 3910 3958 -1
4127 42 3976 -1
4133 2 3956 -1
4136 27 3976 -1
4138 59 3958 -1
4219 101 3958 3976 3956 -1
4220 3 3976 -1
4222 28 3962 -1
4276 47 3910 3958 -1
4310 225 3976 -1
4347 33 3962 -1
4353 69 3910 -1
4355 40 3910 -1
4377 11 3958 -1
4430 4 3958 -1
4433 17 3956 -1
4436 2 3958 -1
4440 5 3956 3958 -1
4441 186 3958 3958 3956 -1
4448 32 3910 -1
4483 137 3962 -1
4536 58 3922 -1
4547 41 3958 3956 -1
4550 81 3910 -1
4564 30 3956 -1
4574 37 3919 -1
4588 9 3958 -1
4591 2 3910 -1
4598 34 3956 -1
4599 1 3956 -1
4607 1 3958 -1
4630 2 3976 -1
4632 202 3910 3958 -1
4653 80 3910 -1
4666 23 3958 -1
4673 68 3919 -1
4686 40 3976 -1
4710 7 3910 -1
4712 91 3910 -1
4718 31 3910 -1
4726 12 3910 -1
4748 19 3910 -1
4756 32 3958 3976 -1
4792 45 3962 -1
4795 66 3922 -1
4824 88 3958 -1
4828 105 3976 -1
4829 57 3962 3910 -1
4899 160 3910 -1
4926 5 3962 -1
4927 1 3976 -1
4943 31 3962 -1
4948 194 3910 3976 -1
4964 51 3910 -1
4967 317 3910 3958 -1
4976 20 3976 -1
4981 49 3962 -1
5020 45 3910 -1
5022 173 3922 3919 -1
5028 40 3962 -1
5029 21 3910 -1
5053 53 3969 -1
5079 240 3976 3919 -1
5110 84 3910 3976 -1
5123 60 3910 -1
5139 8 3976 -1
5140 50 3910 -1
5166 41 3962 -1
5173 121 3969 3962 -1
5176 100 3958 -1
5177 92 3919 3976 -1
5179 212 3969 3958 3919 -1
5181 29 3919 -1
5184 64 3910 -1
5185 120 3919 -1
5189 237 3962 3958 3910 -1
5193 15 3919 -1
5246 29 3910 -1
5263 74 3922 -1
5286 6 3910 -1
5296 15 3910 -1
5333 2 3910 -1
5356 1 3910 -1
5357 1 3910 -1
5358 1 3910 -1
5427 34 3976 -1
5445 39 3969 -1
5454 19 3958 -1
5472 15 3962 -1
5524 402 3919 3962 -1
5531 224 3969 -1
5534 11 3976 -1
5543 128 3962 -1
5612 38 3958 -1
5617 7 3976 -1
5647 3 3976 -1
5675 8 3958 -1
5686 1 3962 -1
5691 49 3922 -1
5697 219 3919 3976 -1
5739 37 3976 3919 -1
5800 182 3962 -1
5802 248 3962 3969 -1
5814 106 3962 -1
5817 30 3976 -1
5822 81 3919 3962 -1
5862 24 3976 -1
5871 51 3976 -1
5896 3 3922 -1
5913 5 3976 -1
5914 2 3976 -1
5998 80 3962 -1
6006 47 3962 -1
6043 38 3962 -1
6064 4 3919 -1
6068 30 3962 -1
6174 10 3962 -1
6217 28 3919 -1
6218 47 3962 -1
6221 26 3962 -1
6241 64 3962 3969 -1
6305 147 3919 -1
6320 17 3969 -1
6346 13 3919 -1
6421 15 3919 -1
6460 56 3962 -1
6486 57 3919 -1
6523 31 3962 -1
6563 54 3962 -1
6596 137 3962 -1
6624 122 3962 3969 -1
6630 1 3919 -1
6657 9 3962 -1
6907 183 3969 3962 -1
6914 52 3962 -1
6918 23 3962 -1
6941 35 3969 -1
6975 7 3962 -1
6993 75 3962 -1
7005 13 3962 -1
7047 133 3962 -1
7052 114 3969 3962 -1
7055 95 3969 -1
7057 100 3962 3969 -1
7080 58 3962 -1
7092 75 3962 3969 -1
7131 23 3962 -1
7164 1 3962 -1
7227 9 3962 -1
7231 87 3962 -1
7239 21 3969 -1
7262 9 3969 -1
7280 71 3962 -1
7294 37 3962 -1
7335 13 3962 -1
7378 40 3962 -1
7387 3 3962 -1
7390 18 3962 -1
7405 17 3962 -1
7443 10 3962 -1
7449 20 3962 -1
7578 24 3962 -1
7598 26 3962 -1
7614 37 3962 -1
7659 6 3962 -1
7691 18 3962 -1
7697 12 3962 -1
7727 26 3962 -1
7733 42 3962 -1
7744 49 3962 -1
7768 10 3962 -1
7769 19 3962 -1
7808 12 3962 -1
7882 10 3962 -1
7910 4 3962 -1
7915 1 3962 -1
7916 2 3962 -1