6 258 6330 -1
44 42 6306 -1
68 187 6306 -1
87 164 6337 -1
103 55 6327 -1
109 166 6328 6306 6330 -1
136 64 6330 -1
166 77 6305 6330 -1
265 30 6328 -1
311 312 6306 -1
319 193 6347 -1
371 117 6388 -1
425 49 6337 -1
457 640 6323 6334 6388 6347 6327 6328 6337 6305 -1
580 28 6328 -1
600 171 6330 -1
633 48 6330 -1
643 44 6305 -1
645 17 6306 -1
695 87 6306 -1
737 120 6388 -1
749 62 6347 -1
766 709 6347 6337 6327 -1
816 25 6306 -1
825 139 6327 6337 -1
865 45 6388 -1
996 279 6306 -1
1004 8 6334 6306 -1
1055 139 6347 6306 6328 -1
1075 59 6388 -1
1098 260 6323 6305 6330 6334 6306 6327 -1
1132 42 6306 -1
1133 282 6334 -1
1151 460 6337 6328 -1
1166 318 6306 -1
1210 221 6305 6334 6337 -1
1356 18 6388 -1
1374 385 6330 6347 6320 -1
1381 51 6347 -1
1401 3 6347 -1
1470 115 6328 6337 -1
1542 237 6328 -1
1603 8 6334 -1
1667 32 6306 -1
1717 98 6337 6306 -1
1733 40 6337 6347 -1
1762 37 6347 -1
1796 38 6305 6327 -1
1800 20 6334 -1
1811 37 6328 -1
1879 13 6305 -1
1896 50 6327 -1
1915 16 6328 -1
1982 26 6305 6388 6327 -1
2135 143 6337 -1
2145 134 6330 -1
2172 24 6328 -1
2226 23 6330 -1
2240 106 6327 6337 -1
2256 125 6337 -1
2258 90 6330 6328 -1
2297 150 6337 -1
2328 205 6327 6347 -1
2369 134 6306 6328 -1
2474 101 6347 -1
2485 286 6327 6347 -1
2506 28 6347 -1
2547 64 6337 -1
2560 89 6330 -1
2564 49 6328 6337 -1
2565 827 6327 6388 6320 6305 6347 6330 -1
2576 138 6320 -1
2620 26 6388 6305 -1
2623 47 6306 -1
2667 93 6337 6328 6327 6334 -1
2677 37 6330 6327 -1
2686 120 6337 -1
2688 516 6334 6337 6306 -1
2693 132 6347 -1
2774 45 6347 -1
2790 145 6330 6388 -1
2851 45 6337 -1
2855 13 6330 -1
2940 91 6306 -1
2967 232 6306 -1
2972 271 6330 -1
2985 4 6347 -1
3010 118 6347 -1
3028 99 6306 -1
3032 205 6347 6388 6334 6337 -1
3059 34 6347 -1
3274 60 6305 -1
3348 16 6330 -1
3366 31 6306 -1
3381 177 6306 6347 6334 6305 6328 -1
3447 214 6327 6305 6306 6330 -1
3449 306 6337 6306 6328 -1
3453 241 6347 -1
3456 250 6328 6337 -1
3458 61 6337 -1
3498 96 6328 -1
3521 23 6328 -1
3586 135 6327 6344 6311 -1
3587 4 6328 -1
3614 187 6327 -1
3634 57 6337 -1
3641 194 6347 -1
3642 291 6305 6330 6323 6328 6337 6347 6334 6327 6306 -1
3662 4 6334 -1
3665 13 6330 -1
3691 70 6305 -1
3728 71 6347 -1
3751 10 6337 -1
3764 6 6330 -1
3786 72 6337 -1
3787 233 6388 6347 6305 6306 6328 6320 -1
3792 19 6337 6305 6347 -1
3794 44 6347 -1
3812 32 6337 -1
3956 55 6337 -1
3965 79 6306 -1
3982 17 6337 -1
4041 54 6337 6306 -1
4045 244 6337 6327 -1
4046 40 6320 -1
4055 3 6347 -1
4063 26 6305 -1
4099 101 6306 -1
4151 79 6306 -1
4291 4 6306 -1
4310 225 6337 6328 -1
4347 33 6330 -1
4353 69 6328 -1
4409 6 6306 -1
4425 1 6334 -1
4441 186 6337 6328 6334 -1
4455 16 6327 -1
4489 11 6334 -1
4550 81 6305 6330 -1
4574 37 6337 6305 -1
4632 202 6328 6306 6305 -1
4673 68 6334 6337 6328 -1
4712 91 6334 6306 6337 6330 6328 -1
4748 19 6334 -1
4795 66 6328 6337 -1
4828 105 6347 6305 6330 6337 -1
4829 57 6388 -1
4899 160 6328 6327 -1
4948 194 6320 -1
4967 317 6337 6330 6327 6328 -1
5002 116 6327 -1
5022 173 6388 6327 6330 6388 6334 6347 6305 6337 -1
5028 40 6334 -1
5050 7 6337 -1
5053 53 6337 -1
5079 240 6328 6388 6320 6337 6347 6306 -1
5089 8 6328 -1
5102 48 6330 -1
5103 118 6306 -1
5110 84 6388 6337 -1
5123 60 6337 6306 -1
5125 16 6306 -1
5166 41 6330 -1
5171 40 6327 -1
5173 121 6327 6323 -1
5177 92 6306 -1
5179 212 6334 6306 6327 6330 6337 6328 6305 -1
5185 120 6306 6305 6328 -1
5188 211 6306 6328 6330 6327 6305 -1
5189 237 6330 6305 6337 6334 6327 -1
5262 35 6306 -1
5269 1 6347 -1
5332 6 6328 -1
5423 36 6337 6334 6306 6328 -1
5439 39 6327 6330 -1
5446 21 6320 -1
5452 18 6388 -1
5524 402 6337 6327 6305 6388 6347 6306 6327 6320 6328 6330 -1
5529 31 6330 6327 -1
5531 224 6388 6347 6306 6330 6327 -1
5532 16 6302 -1
5540 3 6330 -1
5543 128 6330 6305 6328 6337 6306 -1
5553 36 6306 -1
5582 105 6327 6334 6328 6347 -1
5591 21 6334 6388 6306 -1
5612 38 6337 -1
5630 31 6306 -1
5644 13 6306 -1
5658 10 6334 -1
5684 17 6328 6306 -1
5692 19 6327 -1
5696 49 6306 -1
5697 219 6327 6305 6337 6334 6347 6330 6323 6306 6328 -1
5714 42 6337 6328 -1
5739 37 6328 -1
5773 63 6327 6330 6388 -1
5775 39 6347 -1
5776 9 6306 -1
5796 173 6347 6388 -1
5798 7 6337 -1
5800 182 6347 6327 6388 6305 6330 -1
5802 248 6327 6330 6334 -1
5806 45 6306 -1
5807 16 6327 -1
5809 20 6306 6328 -1
5810 26 6328 6337 -1
5811 65 6305 6330 6388 -1
5812 42 6330 6328 -1
5814 106 6327 -1
5816 50 6306 -1
5817 30 6337 -1
5818 40 6347 6337 6306 -1
5822 81 6347 -1
5857 62 6305 -1
5921 2 6330 -1
5932 35 6330 -1
5965 3 6337 -1
5998 80 6327 -1
6001 5 6327 -1
6006 47 6327 6334 -1
6024 7 6337 -1
6032 70 6328 6347 6327 -1
6068 30 6334 -1
6134 6 6306 -1
6146 8 6337 -1
6217 28 6388 6327 -1
6221 26 6306 -1
6223 12 6306 -1
6229 18 6330 -1
6239 3 6306 -1
6248 10 6337 -1
6270 57 6305 6328 6327 -1
6272 80 6305 -1
6298 4 6328 -1
6299 70 6330 6305 6334 6337 6306 -1
6304 1 6306 -1
6305 147 6327 6306 6388 6347 6330 -1
6312 3 6334 -1
6316 15 6330 6327 -1
6323 49 6327 6327 -1
6327 71 6323 -1
6330 1 6334 -1
6331 3 6334 -1
6332 1 6334 -1
6333 2 6334 -1
6334 2 6330 -1
6339 2 6328 -1
6359 72 6347 6327 -1
6360 35 6337 6327 6388 -1
6366 1 6328 -1
6377 18 6388 6347 -1
6387 1 6388 -1
6416 2 6327 -1
6458 22 6330 -1
6486 57 6323 6327 -1
6488 19 6327 -1
6489 2 6330 -1
6494 70 6305 -1
6510 54 6388 6347 -1
6518 30 6327 -1
6523 31 6305 6330 -1
6526 6 6323 -1
6552 27 6327 -1
6560 42 6327 -1
6563 54 6327 -1
6592 1 6323 -1
6596 137 6320 -1
6608 16 6323 -1
6611 11 6327 -1
6612 5 6305 6330 -1
6613 8 6305 -1
6614 2 6305 -1
6615 119 6327 6347 6305 6330 6388 -1
6616 6 6305 -1
6617 1 6305 -1
6618 79 6327 6320 -1
6619 77 6330 6327 -1
6620 91 6327 -1
6726 5 6347 -1
6736 31 6347 -1
6766 16 6347 -1
6772 49 6327 -1
6783 4 6323 -1
6790 10 6330 -1
6815 3 6388 -1
6818 2 6347 -1
6819 1 6347 -1
6829 4 6330 -1
6846 6 6388 -1
6852 1 6388 -1
6864 2 6327 -1
6880 1 6327 -1
6883 4 6327 -1
6900 29 6330 -1
6906 49 6327 -1
6913 34 6330 6327 -1
6916 30 6330 -1
6941 35 6327 -1
6954 2 6330 -1
6974 2 6330 -1
6984 4 6330 -1
7030 2 6327 -1
7038 4 6327 -1
7045 36 6320 -1
7047 133 6320 -1
7056 29 6320 -1
7057 100 6320 -1
7080 58 6320 -1
7092 75 6327 -1
7100 15 6327 -1
7153 7 6327 -1
7154 1 6327 -1
7155 1 6327 -1
7156 1 6327 -1
7157 1 6327 -1
7158 1 6327 -1
7159 1 6327 -1
7614 37 6320 -1
7666 13 6320 -1
7701 2 6320 -1