6 258 1465 1484 1471 1468 1446 1485 1464 1439 1489 1497 1490 1442 1476 1487 1453 -1
7 20 1425 1471 -1
11 733 1413 1444 1441 1476 1453 1442 1412 1453 1402 1407 1468 1492 1489 1418 1484 1465 1496 1464 1439 1490 1487 1471 1411 1420 1446 1497 1425 1482 -1
14 105 1496 -1
16 16 1412 -1
20 153 1402 -1
21 77 1476 -1
22 2 1407 -1
24 270 1419 1416 1439 1482 1473 1497 1442 -1
28 110 1428 -1
30 3 1412 -1
35 64 1418 1413 1446 1484 1468 1476 1465 1439 -1
36 231 1413 1402 1489 1416 1468 -1
42 88 1476 1464 1497 1465 -1
46 58 1425 -1
47 113 1420 -1
55 53 1432 -1
59 94 1484 1464 1476 1416 -1
68 187 1498 -1
71 68 1497 -1
86 101 1432 -1
87 164 1413 1484 -1
89 21 1425 -1
90 63 1468 -1
99 15 1498 -1
101 12 1478 -1
109 166 1468 1425 -1
110 59 1492 -1
111 26 1413 -1
113 68 1490 1453 1413 -1
122 193 1419 1453 -1
127 83 1425 1464 -1
128 51 1416 1496 1476 1428 -1
138 69 1413 -1
143 95 1439 1413 1476 -1
145 15 1485 1484 -1
147 50 1453 -1
150 22 1412 -1
151 44 1416 -1
154 53 1413 -1
157 41 1487 -1
158 2 1439 -1
161 27 1484 1425 1418 -1
166 77 1484 -1
171 56 1487 1413 1464 1476 1402 1484 -1
173 332 1490 1471 1496 1402 1489 1413 1412 1439 1468 1482 1465 1428 1476 1407 1464 1446 1444 -1
176 39 1468 1465 1413 1464 1476 1428 -1
178 52 1482 -1
180 54 1476 1425 1464 -1
182 59 1464 1416 1473 -1
194 3 1497 -1
199 11 1407 1412 1471 -1
215 84 1492 1487 1496 1482 -1
216 7 1453 1418 1453 -1
226 13 1497 -1
227 4 1497 -1
228 7 1484 -1
231 44 1473 -1
249 13 1485 -1
255 87 1487 1482 -1
256 8 1402 -1
259 42 1402 1473 -1
280 76 1464 -1
282 32 1471 1496 -1
290 61 1482 1468 1484 -1
293 3 1497 -1
295 4 1442 1444 -1
304 64 1439 1468 1476 1446 1464 -1
306 215 1464 1428 1490 1476 1413 1418 1468 1473 1492 -1
308 144 1464 1418 1413 1402 1484 1468 1476 -1
310 236 1487 1411 1428 1413 1476 1407 1464 -1
311 312 1484 1490 1418 1497 1428 1482 1464 1492 1496 1425 1413 1453 1453 1419 1465 1476 1487 -1
312 223 1468 1439 1471 1492 1489 1464 1446 1413 1418 1425 1453 -1
313 41 1482 1497 -1
315 70 1413 -1
317 126 1490 1482 1496 1428 1476 1413 -1
319 193 1471 1482 1464 1413 -1
324 13 1413 -1
334 41 1413 -1
340 30 1428 1464 1413 -1
348 19 1418 1419 -1
356 16 1428 -1
364 11 1418 -1
371 117 1428 1485 1446 1487 1468 -1
376 36 1402 1482 -1
395 37 1418 -1
407 101 1496 1425 1492 1407 1413 -1
425 49 1493 -1
432 155 1407 1464 1446 1402 -1
457 640 1497 1490 1416 1484 1418 1420 1487 1413 1482 1496 1492 -1
545 25 1402 1420 -1
546 107 1407 1482 -1
556 117 1497 1473 1442 -1
587 14 1439 1425 -1
588 23 1492 1425 1439 -1
600 171 1484 1473 1476 1471 1407 1497 -1
601 9 1476 1413 1468 -1
626 31 1468 1425 1464 -1
633 48 1425 -1
634 106 1476 1403 -1
639 28 1484 1453 -1
643 44 1413 -1
646 15 1484 1425 -1
649 15 1453 -1
650 85 1413 1453 1418 1419 -1
663 133 1496 1498 -1
664 6 1489 -1
686 57 1476 1402 1413 1420 1489 1418 -1
689 27 1413 -1
691 24 1487 -1
695 87 1497 -1
697 85 1473 1476 1413 -1
704 82 1453 1413 1471 1453 -1
705 23 1413 -1
706 56 1489 1471 1442 1496 -1
707 110 1490 1476 1496 1497 1428 1471 1402 1489 1484 -1
710 88 1496 1439 1428 1413 -1
712 18 1496 1428 -1
722 124 1453 1402 1473 1420 -1
727 19 1497 -1
733 7 1464 -1
737 120 1403 -1
742 85 1476 1413 1425 -1
749 62 1407 1425 -1
759 55 1416 1425 -1
761 7 1484 -1
762 42 1476 1453 -1
763 45 1407 1464 -1
764 22 1492 -1
766 709 1416 1403 1496 1419 1492 1428 1473 1437 -1
769 137 1432 1473 1453 1476 1413 1453 1418 1465 1428 -1
784 205 1420 1485 1453 1465 1464 -1
788 52 1453 -1
789 209 1476 1413 1473 1428 1497 1468 -1
791 29 1428 1468 -1
795 57 1413 -1
803 5 1420 -1
805 82 1453 1425 1476 1468 1413 1496 1402 -1
813 261 1419 1428 1444 1492 1476 1413 1471 1496 1482 -1
816 25 1453 -1
826 218 1482 1444 1484 1437 1496 1428 1416 1492 1487 1471 1490 -1
831 12 1413 -1
836 26 1428 1442 -1
844 35 1468 -1
851 2 1484 -1
852 25 1471 -1
853 14 1464 1412 -1
854 56 1416 1420 -1
859 7 1492 -1
861 16 1496 -1
870 37 1487 1428 -1
871 47 1484 1446 1490 1465 1453 1439 1471 1468 -1
872 26 1489 1413 -1
879 108 1453 -1
904 59 1487 1453 1496 1490 -1
920 10 1490 -1
921 7 1439 1484 -1
922 147 1428 1439 1497 1425 1496 1490 1441 1413 1484 1482 1441 -1
928 13 1439 -1
933 10 1490 -1
937 33 1413 -1
941 74 1428 1425 1413 1439 1492 1482 1489 1411 1496 1484 -1
943 28 1425 -1
946 85 1412 1418 1413 1407 -1
948 26 1482 1453 1419 -1
949 9 1407 -1
954 8 1411 -1
964 4 1453 -1
971 53 1496 -1
978 54 1439 1496 1432 1484 1482 1425 -1
981 16 1497 -1
982 32 1453 -1
986 50 1484 1482 1464 -1
988 257 1453 1437 1416 1492 -1
993 233 1492 1428 1471 1425 1464 1444 1476 1437 1407 1482 1420 1416 1489 1496 1413 -1
996 279 1412 1416 1473 1413 1453 1419 1471 1444 1402 -1
998 25 1489 1442 1476 -1
1000 34 1428 -1
1006 130 1468 1496 1444 1412 1487 1402 1418 1465 1453 1413 1441 -1
1009 43 1425 1402 1464 1442 1412 1439 -1
1022 13 1484 -1
1023 9 1492 -1
1029 20 1476 1464 1468 1413 -1
1031 16 1492 -1
1032 34 1413 1482 -1
1034 34 1484 1482 -1
1039 6 1482 -1
1042 38 1407 -1
1043 20 1465 -1
1044 9 1465 -1
1046 9 1476 -1
1049 3 1465 -1
1050 33 1407 -1
1051 48 1420 1416 -1
1055 139 1489 1482 1471 1496 1428 1493 1468 1476 1484 1439 -1
1062 157 1419 1416 1425 1492 1418 1444 -1
1063 29 1465 -1
1064 14 1476 -1
1075 59 1473 1418 1476 1420 1425 -1
1086 8 1464 -1
1097 93 1437 1428 -1
1098 260 1492 1407 1419 -1
1102 13 1411 -1
1114 40 1413 -1
1115 1 1432 -1
1124 17 1492 -1
1125 22 1492 -1
1127 58 1482 1496 1489 1416 -1
1128 10 1476 -1
1129 53 1420 1489 1428 1407 1497 1478 -1
1132 42 1413 -1
1133 282 1484 1464 1476 1490 -1
1135 112 1416 1496 1492 1418 1468 1439 1464 1490 1428 1476 1413 -1
1137 104 1428 1413 1416 1465 1464 1418 -1
1142 28 1476 -1
1143 15 1416 -1
1150 8 1484 -1
1151 460 1496 1428 1407 1437 1464 1492 1482 1416 1473 1444 1487 -1
1160 24 1476 1413 1425 -1
1166 318 1473 1482 1416 1437 1492 1419 -1
1167 78 1489 1413 1492 1498 1496 1482 1487 1428 1497 1476 1484 1471 -1
1179 8 1464 -1
1184 57 1497 1496 -1
1188 2 1453 -1
1190 4 1496 -1
1200 92 1416 1419 1453 1413 -1
1201 32 1476 1413 1425 1489 1496 1487 1497 1428 1482 -1
1202 68 1489 1492 1428 1482 1407 -1
1204 58 1402 -1
1207 24 1489 -1
1210 221 1492 1420 1413 1407 1412 1425 1416 1418 1402 -1
1211 66 1496 1413 1471 -1
1215 40 1492 -1
1221 75 1425 1492 1439 1413 -1
1230 31 1437 -1
1233 9 1439 1490 -1
1234 15 1428 1464 -1
1235 20 1413 1464 1425 1418 1412 1420 -1
1236 98 1425 1428 1439 1496 1492 1471 1484 1453 1482 1489 -1
1237 4 1439 -1
1241 33 1484 -1
1242 12 1496 -1
1246 7 1484 -1
1247 69 1482 1428 1484 1468 1407 1453 -1
1248 22 1428 1412 1402 1425 1484 -1
1259 41 1413 -1
1262 2 1444 -1
1267 61 1496 -1
1278 51 1471 1468 1439 1476 1428 1490 1425 1496 1418 1446 1484 1413 -1
1279 126 1485 1489 1468 1441 1446 1490 1453 1428 1496 1464 1471 1428 1484 1425 -1
1281 10 1464 1489 -1
1286 55 1413 1420 1403 -1
1290 15 1497 1439 -1
1291 34 1402 1497 -1
1292 5 1402 -1
1293 26 1486 1484 1464 -1
1297 48 1484 1439 -1
1299 4 1485 1442 -1
1305 227 1403 1416 1453 1413 1419 1498 1490 -1
1306 19 1476 1484 -1
1308 4 1425 1413 -1
1319 185 1453 1428 1492 1428 1482 1446 1439 1496 1465 1402 1418 1468 1420 1487 -1
1322 12 1497 1418 -1
1326 6 1439 -1
1335 39 1425 1442 -1
1338 3 1407 1412 -1
1346 2 1412 -1
1350 114 1490 1428 1482 1411 1489 1492 1496 1487 -1
1352 118 1489 1487 1482 1411 1428 1420 1496 1453 1497 -1
1353 24 1473 -1
1354 5 1411 -1
1355 3 1412 -1
1356 18 1493 -1
1357 84 1468 1428 1476 1496 1497 1471 1439 1482 -1
1358 7 1497 -1
1367 17 1402 -1
1374 385 1403 1473 1419 1464 -1
1377 31 1490 1496 1402 1484 -1
1378 13 1453 -1
1380 59 1476 1413 1468 1471 1439 1420 1418 1492 1425 1402 1407 1464 1487 -1
1381 51 1453 1482 1453 -1
1382 9 1453 -1
1384 20 1416 -1
1386 56 1444 1420 1496 1489 1482 1425 1428 1413 -1
1390 28 1420 -1
1394 6 1464 1496 -1
1395 192 1419 1453 1482 1407 1471 1492 1444 1428 -1
1397 1 1402 -1
1398 1 1402 -1
1399 1 1402 -1
1400 1 1402 -1
1401 3 1402 -1
1403 3 1412 -1
1404 1 1412 -1
1405 1 1412 -1
1406 2 1411 1412 -1
1407 3 1412 -1
1408 1 1412 -1
1409 1 1412 -1
1410 1 1412 -1
1419 29 1420 -1
1421 1 1425 -1
1422 1 1425 -1
1423 5 1425 -1
1424 41 1484 1416 1428 1482 1425 1464 -1
1428 159 1489 1444 1482 1407 1496 1471 -1
1433 2 1428 1428 -1
1434 1 1439 -1
1439 9 1484 -1
1441 23 1428 -1
1442 17 1444 1446 1428 1487 1496 -1
1443 3 1446 -1
1444 2 1446 1442 -1
1445 1 1446 -1
1446 3 1444 1442 -1
1447 7 1439 1490 1428 -1
1452 1 1453 -1
1454 1 1464 -1
1455 1 1464 -1
1456 1 1464 -1
1457 5 1464 -1
1458 1 1464 -1
1459 1 1464 -1
1460 1 1464 -1
1461 1 1464 -1
1462 30 1428 1497 1464 -1
1463 22 1484 1464 -1
1466 24 1428 1468 1476 -1
1467 8 1441 1468 -1
1468 19 1471 1476 -1
1470 115 1482 1492 1428 1496 1471 1476 1484 1487 -1
1471 45 1489 1490 -1
1473 70 1419 1487 1428 -1
1480 44 1492 1407 1484 -1
1481 1 1484 -1
1482 26 1496 1484 -1
1483 51 1411 1496 1428 1490 1487 1497 1484 -1
1487 115 1442 1471 1489 1428 -1
1489 41 1490 1487 1482 1428 -1
1492 159 1428 1407 1487 1489 1496 -1
1495 10 1482 -1
1496 190 1428 1487 1482 1416 1492 -1
1499 10 1497 -1
1500 26 1497 -1
1501 19 1471 1496 -1
1506 34 1489 -1
1510 16 1497 1441 -1
1515 1 1441 -1
1516 1 1441 -1
1517 1 1441 -1
1521 104 1419 1487 1492 1411 1496 1482 -1
1525 33 1489 1487 1442 1428 -1
1526 4 1411 -1
1530 10 1428 -1
1537 72 1492 1407 -1
1538 75 1482 1496 1428 1492 1487 1489 -1
1542 237 1492 1473 -1
1547 27 1492 1482 1497 -1
1548 2 1497 -1
1549 522 1492 1416 1497 1407 1441 1487 1482 1428 1453 1496 1473 1489 1471 1419 -1
1550 20 1497 -1
1551 1 1497 -1
1552 50 1482 -1
1553 10 1428 1482 -1
1555 67 1492 1428 1496 1482 1489 1487 -1
1564 27 1496 -1
1566 42 1453 -1
1571 23 1482 -1
1582 9 1428 -1
1583 78 1492 1428 1437 1482 -1
1585 80 1492 1482 -1
1589 6 1428 -1
1592 25 1489 1416 -1
1594 108 1428 1442 1489 1487 1471 1496 1482 -1
1599 3 1489 -1
1601 4 1428 -1
1605 10 1442 -1
1608 344 1489 1428 1492 1453 1407 1416 1444 1482 1471 1419 -1
1610 12 1428 1496 -1
1613 12 1496 -1
1614 71 1442 -1
1615 109 1482 1487 1496 1442 1407 1471 1428 -1
1619 4 1487 1428 -1
1620 1 1428 -1
1621 76 1492 1428 1444 -1
1622 39 1496 1428 1492 1487 1482 -1
1623 36 1487 1428 -1
1628 10 1471 -1
1632 3 1471 -1
1639 36 1473 -1
1641 2 1489 -1
1642 1 1489 -1
1643 1 1489 -1
1644 46 1489 -1
1665 1 1471 -1
1666 1 1471 -1
1681 2 1442 -1
1682 1 1442 -1
1684 9 1416 -1
1688 24 1453 -1
1691 47 1492 1416 -1
1700 48 1482 1496 -1
1701 98 1416 1473 -1
1705 44 1419 -1
1717 98 1482 -1
1719 10 1496 -1
1720 13 1453 -1
1722 14 1403 -1
1732 16 1487 1492 1416 -1
1733 40 1482 -1
1734 47 1453 -1
1741 6 1419 1496 -1
1748 37 1453 -1
1754 18 1496 -1
1756 82 1411 1492 -1
1762 37 1493 1496 -1
1765 4 1407 1487 -1
1766 19 1496 -1
1767 75 1496 1473 -1
1769 64 1416 -1
1772 95 1496 1407 1492 -1
1783 58 1492 1411 1416 -1
1794 25 1482 -1
1795 41 1416 1453 -1
1800 20 1493 -1
1808 103 1407 1419 1482 1492 -1
1811 37 1473 -1
1814 79 1416 -1
1816 10 1482 -1
1820 90 1492 1419 -1
1823 45 1498 1444 -1
1835 55 1416 1407 1492 -1
1837 26 1407 -1
1838 54 1407 -1
1847 46 1411 -1
1865 1 1411 -1
1866 1 1411 -1
1867 2 1411 -1
1868 20 1411 1444 -1
1885 43 1482 -1
1896 50 1498 -1
1918 18 1492 -1
1919 113 1482 1419 -1
1922 126 1416 1419 -1
1937 6 1473 -1
1952 3 1482 -1
1962 27 1482 1407 -1
1967 31 1416 -1
1972 184 1416 -1
1977 33 1482 -1
1980 44 1482 1492 -1
1985 57 1492 1482 -1
1991 66 1419 1482 -1
1992 16 1492 -1
1997 88 1407 1492 1482 -1
2000 1 1482 -1
2001 37 1482 1492 -1
2033 13 1473 -1
2062 118 1444 1492 -1
2072 121 1419 1492 1444 -1
2085 28 1419 -1
2093 52 1416 -1
2102 31 1492 1473 1416 -1
2104 1 1407 -1
2109 27 1453 -1
2110 3 1407 -1
2111 4 1407 -1
2118 114 1492 -1
2120 56 1492 -1
2133 122 1492 1419 -1
2135 143 1419 1473 1453 -1
2156 17 1492 -1
2159 7 1444 -1
2160 11 1416 -1
2186 57 1419 1403 -1
2193 8 1492 -1
2209 25 1416 -1
2215 12 1444 -1
2218 1 1444 -1
2219 1 1444 -1
2225 36 1492 -1
2229 17 1416 -1
2230 38 1419 -1
2231 26 1492 -1
2233 34 1492 -1
2236 75 1416 -1
2237 254 1416 -1
2240 106 1492 -1
2241 14 1492 -1
2249 38 1403 -1
2255 31 1492 -1
2256 125 1419 -1
2264 51 1473 1403 -1
2272 31 1492 -1
2274 33 1492 1437 -1
2286 6 1492 -1
2287 4 1492 -1
2297 150 1416 -1
2306 4 1492 -1
2323 54 1492 -1
2326 249 1453 -1
2328 205 1492 -1
2357 12 1492 -1
2369 134 1493 -1
2371 93 1453 1492 1437 1416 -1
2375 32 1419 -1
2384 65 1416 -1
2410 27 1492 -1
2411 96 1492 1419 -1
2412 3 1492 -1
2413 2 1492 -1
2472 76 1416 1419 1437 -1
2473 83 1419 -1
2474 101 1419 1416 -1
2476 35 1416 -1
2485 286 1403 1453 1473 -1
2504 82 1453 -1
2507 64 1416 -1
2510 69 1416 1437 -1
2535 24 1453 -1
2542 73 1453 -1
2546 28 1419 1416 -1
2547 64 1437 -1
2550 16 1416 -1
2557 77 1419 -1
2564 49 1473 -1
2565 827 1437 1419 1498 1403 1416 -1
2576 138 1416 -1
2608 14 1419 -1
2619 44 1416 -1
2623 47 1453 -1
2646 30 1437 -1
2651 216 1437 1416 -1
2653 102 1453 -1
2654 56 1416 -1
2658 231 1498 -1
2674 83 1416 -1
2686 120 1437 1416 -1
2688 516 1437 1416 1453 1473 -1
2693 132 1416 -1
2699 63 1416 -1
2704 40 1437 -1
2707 100 1437 1473 -1
2713 166 1453 -1
2768 29 1419 -1
2774 45 1403 1416 -1
2790 145 1453 -1
2792 17 1419 -1
2833 7 1419 -1
2838 20 1419 -1
2839 5 1419 -1
2840 11 1419 -1
2871 165 1453 1416 -1
2872 54 1453 -1
2880 2 1453 -1
2883 18 1416 -1
2904 16 1416 -1
2912 26 1416 -1
2948 23 1437 1416 -1
2968 37 1416 -1
2988 56 1493 1473 -1
3015 30 1473 -1
3020 48 1416 -1
3021 5 1473 -1
3024 47 1453 -1
3032 205 1453 -1
3040 6 1498 -1
3041 14 1416 -1
3056 34 1493 -1
3057 36 1473 -1
3059 34 1437 1453 -1
3062 30 1437 1416 -1
3072 24 1416 -1
3073 33 1498 -1
3089 4 1437 -1
3095 25 1437 -1
3098 25 1416 -1
3106 5 1403 -1
3107 10 1453 -1
3108 8 1416 -1
3144 66 1453 -1
3148 18 1473 -1
3156 1 1416 -1
3168 69 1453 -1
3175 34 1453 -1
3381 177 1403 -1
3390 47 1473 -1
3449 306 1473 -1
3452 91 1403 -1
3453 241 1473 -1
3456 250 1498 -1
3457 97 1498 -1
3458 61 1473 -1
3462 36 1473 -1
3478 42 1473 -1
3488 14 1473 -1
3498 96 1473 -1
3527 47 1403 1453 -1
3568 128 1453 -1
3571 39 1453 1403 -1
3593 26 1403 -1
3614 187 1473 -1
3624 49 1473 -1
3635 33 1453 -1
3636 11 1453 -1
3642 291 1473 -1
3643 35 1473 -1
3647 13 1453 -1
3661 28 1453 -1
3666 125 1453 -1
3691 70 1473 -1
3692 4 1473 -1
3728 71 1473 1453 -1
3770 9 1403 -1
3786 72 1453 -1
3842 12 1453 -1
3854 79 1473 -1
3923 1 1453 -1
3924 2 1453 -1
3925 6 1453 -1
3969 58 1403 -1
3985 26 1498 -1
4040 71 1403 -1
4045 244 1403 1473 -1
4046 40 1403 -1
4071 15 1473 -1
4200 4 1498 -1
4266 11 1473 -1
4276 47 1473 -1
4310 225 1473 1403 -1
4338 11 1473 -1
4451 6 1473 -1
4483 137 1498 -1
4488 35 1498 -1
4632 202 1498 1473 -1
4681 10 1498 -1
4709 24 1473 -1
4739 11 1473 -1
4795 66 1498 1403 -1
4824 88 1473 -1
4843 12 1473 -1
4948 194 1498 1473 -1
4967 317 1403 1473 -1
5002 116 1403 -1
5022 173 1493 -1
5079 240 1473 -1
5090 3 1403 -1
5102 48 1403 -1
5103 118 1498 -1
5104 3 1473 -1
5106 24 1403 -1
5140 50 1493 -1
5143 8 1403 -1
5176 100 1473 -1
5179 212 1473 -1
5180 47 1473 -1
5187 28 1473 -1
5188 211 1473 -1
5189 237 1498 -1
5262 35 1473 -1
5263 74 1473 -1
5276 7 1498 -1
5313 11 1473 -1
5472 15 1473 -1
5485 13 1473 -1
5489 10 1473 -1
5524 402 1403 1498 -1
5531 224 1473 1403 -1
5552 8 1473 -1
5600 5 1473 -1
5606 23 1473 -1
5616 12 1473 1403 -1
5714 42 1473 -1
5763 4 1473 -1
5764 1 1473 -1
5765 1 1473 -1
5796 173 1498 -1
5800 182 1403 1498 -1
5802 248 1498 1403 -1
5811 65 1403 -1
5814 106 1403 -1
5857 62 1403 -1
6006 47 1498 -1
6032 70 1403 -1
6072 45 1498 -1
6241 64 1403 -1
6272 80 1403 -1
6280 31 1403 -1
6299 70 1493 -1
6305 147 1493 -1
6327 71 1403 -1
6460 56 1498 -1
6486 57 1403 -1
6518 30 1403 -1
6550 3 1498 -1
6563 54 1493 -1
6596 137 1498 -1
6598 7 1403 -1
6615 119 1403 -1
6619 77 1403 -1
6620 91 1403 -1
6624 122 1403 1498 -1
6665 25 1498 -1
6702 10 1403 -1
6714 92 1403 -1
6758 9 1498 -1
6906 49 1403 -1
6907 183 1403 1498 -1
6916 30 1403 -1
6924 12 1498 -1
6951 26 1498 -1
6971 5 1403 -1
6994 9 1403 -1
7045 36 1498 -1
7047 133 1498 -1
7052 114 1403 -1
7055 95 1498 -1
7057 100 1498 -1
7086 111 1498 1403 -1
7092 75 1403 -1
7104 15 1403 -1
7188 12 1403 -1
7222 1 1403 -1
7240 1 1403 -1
7241 18 1403 -1
7578 24 1498 -1
7650 2 1498 -1
7675 16 1498 -1
7768 10 1498 -1
7774 30 1498 -1
7882 10 1498 -1
7902 18 1498 -1