36 231 5605 -1
53 25 5640 -1
59 94 5624 -1
66 41 5614 -1
68 187 5605 5680 5637 -1
87 164 5697 5684 -1
103 55 5671 -1
109 166 5697 5626 -1
178 52 5684 -1
199 11 5671 -1
310 236 5651 -1
315 70 5683 -1
432 155 5693 5651 -1
457 640 5693 5680 5614 5697 5651 5626 5637 5684 5683 -1
546 107 5605 -1
580 28 5651 -1
608 3 5605 -1
689 27 5637 -1
737 120 5605 -1
749 62 5637 -1
763 45 5651 -1
766 709 5626 5651 5671 5650 5693 5637 5684 5624 -1
789 209 5683 -1
805 82 5605 -1
825 139 5640 5620 -1
854 56 5684 -1
988 257 5614 5605 -1
996 279 5683 5637 5650 5651 -1
1000 34 5624 -1
1027 6 5631 -1
1032 34 5683 -1
1041 31 5693 -1
1055 139 5683 -1
1063 29 5671 5680 -1
1074 75 5626 -1
1075 59 5624 -1
1098 260 5614 5697 -1
1133 282 5605 5680 5637 5624 -1
1151 460 5650 5693 -1
1166 318 5626 -1
1207 24 5640 5620 5626 -1
1285 24 5684 -1
1335 39 5683 -1
1374 385 5637 5605 5671 5683 5693 -1
1480 44 5614 -1
1506 34 5683 -1
1524 4 5683 -1
1542 237 5624 5697 -1
1549 522 5693 5697 5637 -1
1621 76 5655 -1
1639 36 5693 -1
1644 46 5680 -1
1661 36 5651 5605 -1
1667 32 5614 5605 -1
1701 98 5671 5680 -1
1737 6 5624 -1
1769 64 5680 -1
1796 38 5684 5697 -1
1799 42 5684 5693 -1
1823 45 5651 -1
1972 184 5626 -1
2001 37 5651 -1
2003 42 5605 -1
2118 114 5605 -1
2135 143 5683 5651 -1
2174 49 5626 -1
2186 57 5680 -1
2237 254 5640 -1
2240 106 5605 -1
2257 47 5651 -1
2258 90 5693 -1
2276 21 5638 -1
2328 205 5697 -1
2369 134 5680 5624 5605 -1
2379 46 5631 -1
2384 65 5693 5637 5651 -1
2440 43 5605 -1
2456 31 5671 -1
2485 286 5637 5693 5651 5640 -1
2507 64 5624 -1
2516 36 5683 5605 -1
2544 9 5624 -1
2545 7 5671 -1
2549 63 5651 -1
2560 89 5671 -1
2564 49 5637 -1
2565 827 5651 5693 5697 5637 5605 5650 5614 5671 -1
2576 138 5605 -1
2587 12 5684 -1
2605 58 5651 5624 5637 5650 5693 -1
2623 47 5605 -1
2655 30 5624 5684 -1
2660 148 5683 -1
2667 93 5684 5624 -1
2677 37 5697 -1
2688 516 5637 5626 5683 5697 5624 5651 5693 -1
2689 34 5650 -1
2694 17 5605 -1
2702 39 5683 -1
2704 40 5693 -1
2707 100 5637 -1
2744 36 5639 5640 -1
2774 45 5624 -1
2790 145 5697 -1
2831 39 5605 -1
2871 165 5651 -1
2909 51 5651 5640 -1
2940 91 5626 -1
2972 271 5626 5637 5693 -1
2988 56 5684 5651 -1
3007 8 5683 -1
3024 47 5697 -1
3032 205 5650 5651 5626 -1
3191 55 5683 5693 5637 5651 -1
3293 8 5614 5605 -1
3316 3 5605 -1
3366 31 5637 5693 -1
3381 177 5697 -1
3390 47 5693 5651 5637 -1
3392 26 5605 -1
3393 10 5683 -1
3447 214 5697 5605 5683 5680 5637 -1
3449 306 5637 5650 5624 5640 5693 5651 5684 5680 -1
3452 91 5693 5651 -1
3453 241 5680 5650 5637 5693 5651 5605 -1
3456 250 5639 5684 5697 5640 5605 -1
3459 73 5624 -1
3461 49 5651 5680 5693 -1
3479 83 5637 5693 -1
3498 96 5637 5683 5693 5651 -1
3522 53 5640 5639 5630 5683 -1
3586 135 5684 5624 5605 -1
3593 26 5680 -1
3601 41 5680 -1
3607 24 5684 -1
3614 187 5680 5684 5637 5693 -1
3624 49 5684 5637 -1
3641 194 5605 5693 5697 -1
3642 291 5624 5680 5626 5693 -1
3658 38 5651 -1
3666 125 5683 -1
3752 15 5605 -1
3785 15 5693 -1
3786 72 5624 5683 5651 -1
3787 233 5684 5683 -1
3796 107 5683 5693 -1
3806 31 5639 -1
3812 32 5684 -1
3813 72 5683 -1
3835 26 5650 -1
3854 79 5651 5637 -1
3916 25 5605 -1
3932 4 5626 -1
3958 16 5605 -1
3960 11 5640 -1
3965 79 5605 -1
3995 53 5680 5637 -1
4036 139 5680 5614 5605 5650 5637 5693 5651 5683 -1
4037 7 5693 -1
4040 71 5693 -1
4041 54 5624 5650 -1
4045 244 5624 5680 5684 -1
4063 26 5697 -1
4065 104 5624 -1
4070 56 5693 -1
4071 15 5684 -1
4073 90 5637 5651 -1
4076 52 5640 -1
4082 15 5680 -1
4099 101 5671 5605 5684 5624 5680 5637 -1
4138 59 5637 5650 5651 -1
4140 10 5614 5605 -1
4144 38 5626 -1
4151 79 5637 -1
4273 19 5626 -1
4276 47 5651 5637 -1
4310 225 5684 5651 5637 5680 5683 5697 5624 -1
4335 28 5671 -1
4353 69 5637 5693 -1
4401 5 5605 -1
4441 186 5671 5684 -1
4456 3 5671 -1
4483 137 5614 5684 -1
4536 58 5650 -1
4550 81 5637 5650 5683 5651 -1
4586 5 5683 -1
4598 34 5697 -1
4632 202 5671 5684 5693 -1
4653 80 5637 5680 5650 5663 -1
4662 44 5693 -1
4673 68 5626 5684 -1
4709 24 5684 -1
4712 91 5651 -1
4717 57 5697 5650 5624 -1
4718 31 5630 -1
4781 28 5624 -1
4792 45 5605 -1
4813 45 5626 -1
4824 88 5693 5650 5651 5680 5639 -1
4828 105 5697 -1
4843 12 5651 -1
4856 2 5651 -1
4899 160 5626 5693 5637 5680 -1
4948 194 5671 5605 -1
4966 25 5683 -1
4967 317 5637 5651 5697 5680 5624 5684 5650 5693 -1
4976 20 5680 -1
4980 12 5637 5651 -1
4981 49 5671 5605 -1
5020 45 5651 -1
5022 173 5638 5684 5624 5626 5697 -1
5028 40 5605 5671 5614 -1
5037 18 5605 5680 -1
5053 53 5671 -1
5061 4 5684 -1
5079 240 5624 5684 5638 5637 5697 5693 -1
5096 14 5683 -1
5099 9 5640 -1
5102 48 5605 -1
5103 118 5624 5605 5671 -1
5106 24 5664 -1
5110 84 5684 -1
5123 60 5624 5684 5671 -1
5125 16 5680 -1
5150 14 5680 -1
5171 40 5637 -1
5173 121 5683 5640 -1
5175 20 5650 5651 -1
5176 100 5637 5651 5693 5650 -1
5177 92 5697 -1
5179 212 5693 5683 5697 5684 5637 -1
5180 47 5680 5693 -1
5181 29 5651 5680 5693 -1
5184 64 5650 5637 5651 5693 -1
5185 120 5684 5614 5697 5605 -1
5187 28 5640 5680 5637 -1
5188 211 5626 5651 5637 5650 5684 5697 5693 5680 -1
5189 237 5697 5626 5684 5637 5693 5651 5624 5680 -1
5190 56 5693 5637 5683 5650 5651 -1
5226 13 5671 5605 5680 -1
5250 5 5620 -1
5262 35 5680 -1
5263 74 5637 5640 5650 5693 5620 -1
5276 7 5614 -1
5285 20 5637 5651 -1
5296 15 5680 -1
5301 42 5630 5624 5680 -1
5321 13 5683 5624 -1
5324 12 5637 -1
5342 22 5693 -1
5391 14 5684 -1
5396 9 5680 -1
5400 4 5683 -1
5423 36 5684 -1
5437 24 5680 -1
5439 39 5626 -1
5452 18 5680 -1
5454 19 5680 5605 -1
5457 20 5637 5697 5683 5624 -1
5478 9 5650 -1
5479 12 5683 5693 -1
5487 23 5683 -1
5511 3 5693 -1
5515 6 5650 -1
5524 402 5697 5614 5684 5671 5605 5626 -1
5528 3 5640 -1
5531 224 5637 5683 5624 -1
5534 11 5637 -1
5543 128 5697 5624 5684 -1
5553 36 5637 5693 -1
5582 105 5624 5626 -1
5589 10 5697 -1
5591 21 5684 -1
5606 23 5680 5683 -1
5608 14 5638 5651 5683 -1
5612 38 5693 5680 -1
5614 5 5614 -1
5624 20 5626 -1
5639 3 5640 -1
5648 1 5650 -1
5655 48 5684 -1
5678 1 5679 -1
5689 1 5693 -1
5690 1 5693 -1
5691 49 5693 -1
5692 19 5693 -1
5696 49 5624 5626 -1
5697 219 5684 5605 5626 5638 -1
5708 7 5697 -1
5714 42 5684 -1
5787 29 5624 -1
5796 173 5605 5684 -1
5798 7 5684 -1
5799 14 5626 -1
5800 182 5697 5655 5671 -1
5802 248 5697 5605 5671 5614 -1
5808 6 5684 -1
5809 20 5697 -1
5812 42 5697 5626 -1
5814 106 5605 -1
5818 40 5626 5624 -1
5827 14 5605 5680 -1
5829 11 5680 -1
5836 8 5624 -1
5846 2 5680 -1
5852 1 5680 -1
5853 1 5680 -1
5854 1 5680 -1
5855 8 5624 -1
5871 51 5697 -1
5872 25 5605 -1
5932 35 5624 5684 -1
5952 14 5697 -1
5961 9 5626 -1
6006 47 5684 -1
6020 23 5624 5671 -1
6043 38 5624 -1
6068 30 5624 -1
6072 45 5614 -1
6075 16 5624 -1
6119 3 5624 -1
6123 18 5697 -1
6151 13 5624 -1
6156 20 5624 5697 5671 -1
6168 1 5624 -1
6169 3 5624 -1
6170 8 5624 -1
6216 5 5626 -1
6217 28 5626 -1
6218 47 5626 5605 -1
6219 3 5626 -1
6221 26 5605 -1
6223 12 5684 -1
6241 64 5671 -1
6270 57 5697 -1
6272 80 5697 -1
6299 70 5697 -1
6305 147 5697 5605 5614 -1
6323 49 5614 5697 -1
6327 71 5697 -1
6359 72 5697 -1
6421 15 5697 -1
6422 7 5697 -1
6460 56 5643 -1
6523 31 5697 -1
6596 137 5671 5605 -1
6615 119 5697 5671 -1
6618 79 5697 -1
6620 91 5697 -1
6624 122 5605 5671 5614 -1
6665 25 5697 -1
6692 6 5697 -1
6712 8 5671 -1
6736 31 5697 -1
6780 6 5671 -1
6885 13 5671 -1
6900 29 5605 -1
6902 20 5614 -1
6907 183 5605 -1
6914 52 5671 5605 -1
6951 26 5697 5643 -1
6958 1 5697 -1
6959 5 5697 -1
6960 1 5697 -1
6961 2 5697 -1
6962 1 5697 -1
6963 1 5697 -1
6976 37 5605 -1
6993 75 5643 -1
7045 36 5671 -1
7047 133 5614 5671 5605 -1
7049 27 5671 -1
7052 114 5605 -1
7055 95 5605 5671 -1
7056 29 5671 -1
7086 111 5614 5605 -1
7092 75 5671 -1
7153 7 5671 -1
7231 87 5671 -1
7280 71 5605 -1
7281 12 5671 -1
7294 37 5605 -1
7378 40 5605 -1
7390 18 5671 -1
7405 17 5605 -1
7424 4 5605 -1
7449 20 5614 -1
7490 25 5605 -1
7511 14 5614 -1
7544 10 5671 -1
7564 30 5614 5605 -1
7578 24 5605 -1
7679 21 5605 -1
7706 2 5671 -1
7733 42 5605 -1
7737 1 5671 -1
7738 2 5671 -1
7774 30 5605 -1
7856 7 5605 -1
7862 8 5605 -1
7885 3 5605 -1
7900 27 5605 -1
7901 28 5605 -1
7902 18 5605 -1
7945 4 5605 -1
8036 19 5614 5605 -1
8041 3 5605 -1
8053 17 5614 -1
8085 16 5614 -1
8152 10 5605 -1
8153 1 5605 -1