11 733 2240 2210 2237 2252 2257 2253 2289 2273 2246 2240 2241 2202 -1
20 153 2281 -1
21 77 2202 -1
24 270 2264 2209 2237 2225 2276 -1
29 136 2252 -1
36 231 2297 2237 2241 -1
42 88 2241 -1
47 113 2240 -1
56 20 2211 -1
60 9 2252 -1
62 11 2247 -1
66 41 2237 -1
68 187 2237 2264 2276 2209 -1
87 164 2256 2264 -1
109 166 2273 -1
113 68 2264 -1
122 193 2209 2237 2240 2256 2257 2237 2252 2289 -1
127 83 2237 2290 -1
128 51 2290 -1
166 77 2276 -1
172 120 2240 2225 2211 2273 2297 -1
173 332 2253 2273 2210 2202 2237 2246 2241 2237 2211 2276 -1
180 54 2246 -1
187 32 2290 -1
204 10 2211 -1
215 84 2240 2241 -1
263 21 2210 -1
280 76 2246 -1
290 61 2225 -1
302 9 2289 -1
304 64 2246 2210 -1
306 215 2257 2240 2209 2276 -1
308 144 2297 -1
310 236 2257 2241 2297 2246 -1
311 312 2210 2297 2225 2257 2241 -1
334 41 2202 -1
341 12 2205 -1
346 27 2251 -1
348 19 2264 -1
363 3 2237 -1
376 36 2253 -1
383 19 2297 -1
403 18 2264 -1
407 101 2264 -1
425 49 2231 -1
432 155 2257 2237 2251 2264 -1
449 4 2209 -1
457 640 2241 2253 2273 2240 2225 2289 2252 2209 2237 2246 2240 -1
501 9 2209 -1
521 5 2257 -1
534 3 2210 -1
546 107 2209 2297 -1
580 28 2258 -1
600 171 2251 2225 2256 2297 -1
601 9 2251 -1
634 106 2225 -1
637 26 2237 -1
643 44 2253 -1
644 23 2264 -1
647 29 2281 -1
650 85 2225 -1
695 87 2240 -1
697 85 2225 -1
704 82 2231 2225 -1
710 88 2290 2225 2276 -1
722 124 2251 -1
727 19 2256 -1
738 7 2276 -1
749 62 2258 2225 -1
763 45 2257 -1
766 709 2276 2264 2209 2225 2241 2237 2290 2258 2256 2240 2252 2231 2251 2297 2257 -1
769 137 2256 2231 2225 -1
784 205 2256 2211 2297 2290 2257 2225 -1
789 209 2237 2276 -1
795 57 2210 -1
798 12 2289 -1
805 82 2297 2237 -1
813 261 2252 2264 2210 2297 2241 2290 2251 2209 -1
820 9 2237 -1
825 139 2252 2285 2276 2209 2237 2290 -1
826 218 2237 2251 2225 2240 2231 2256 -1
831 12 2247 -1
836 26 2225 2256 2240 -1
842 27 2251 -1
854 56 2297 2251 -1
856 30 2231 -1
872 26 2264 2225 -1
879 108 2209 2257 2237 2297 2240 -1
899 22 2225 -1
904 59 2281 2273 -1
907 6 2211 -1
937 33 2251 -1
946 85 2225 2241 -1
947 21 2237 -1
956 40 2246 -1
974 30 2209 2237 2240 -1
975 8 2211 -1
986 50 2251 2237 2256 -1
988 257 2251 2210 2297 2231 2240 2252 2240 2209 2256 2257 2225 2290 -1
993 233 2211 2225 2246 -1
994 42 2209 -1
996 279 2231 2273 2209 2253 2246 2251 2225 2210 2240 2281 2241 -1
1000 34 2264 -1
1006 130 2202 2231 -1
1009 43 2202 -1
1018 3 2237 -1
1024 40 2264 -1
1037 50 2210 2225 -1
1042 38 2256 2231 -1
1050 33 2210 2253 2264 2211 -1
1051 48 2285 -1
1055 139 2285 -1
1062 157 2256 2251 2225 2241 2240 -1
1064 14 2225 -1
1074 75 2285 2273 -1
1075 59 2237 -1
1084 3 2210 -1
1097 93 2256 -1
1098 260 2256 2251 2225 2264 2240 2297 2241 -1
1132 42 2257 2290 2237 -1
1133 282 2276 2289 2240 2210 -1
1135 112 2225 2246 2256 2240 -1
1137 104 2241 -1
1151 460 2257 2210 2258 2253 2273 2246 2240 2264 2241 2251 2202 2297 2206 2225 2211 2209 -1
1166 318 2211 2290 2257 2276 2231 2264 2209 2225 2240 2297 2240 2237 2251 2258 -1
1167 78 2225 -1
1185 25 2237 -1
1200 92 2225 2231 2297 2264 2251 -1
1202 68 2251 -1
1204 58 2231 -1
1210 221 2297 2281 2211 2240 2273 2210 2253 -1
1211 66 2225 -1
1215 40 2264 -1
1221 75 2210 2225 2241 2290 -1
1236 98 2257 2251 -1
1247 69 2257 2251 -1
1259 41 2209 -1
1267 61 2251 -1
1280 2 2251 -1
1286 55 2206 -1
1291 34 2251 2297 2256 -1
1297 48 2210 2297 -1
1305 227 2252 2251 2225 2297 2256 2231 2257 2290 2264 2209 -1
1319 185 2240 2231 -1
1350 114 2285 2240 -1
1352 118 2211 -1
1353 24 2276 -1
1357 84 2264 -1
1367 17 2290 -1
1374 385 2257 2258 2202 2223 2264 2225 2246 2253 -1
1378 13 2246 -1
1382 9 2257 -1
1386 56 2241 -1
1390 28 2297 2264 -1
1395 192 2240 2241 2264 2251 2202 2297 2246 2225 -1
1419 29 2256 2297 -1
1420 13 2211 -1
1424 41 2225 2251 -1
1428 159 2210 2211 2256 2252 2202 2276 2290 -1
1463 22 2264 -1
1466 24 2264 -1
1468 19 2264 -1
1470 115 2209 -1
1473 70 2225 2289 -1
1489 41 2281 -1
1492 159 2256 2251 2225 -1
1496 190 2241 2225 2297 2256 2211 2251 -1
1497 18 2297 -1
1500 26 2256 -1
1501 19 2225 -1
1504 6 2231 -1
1509 1 2237 -1
1521 104 2297 2225 2241 -1
1522 90 2297 2210 -1
1537 72 2289 2256 2240 -1
1538 75 2256 -1
1542 237 2276 2240 -1
1549 522 2209 2240 2276 2251 2252 2256 2273 2257 2241 2252 2231 2290 2237 2240 2264 2225 2297 2258 -1
1555 67 2264 -1
1566 42 2246 -1
1583 78 2297 2241 2273 2256 2225 2202 2231 -1
1608 344 2264 2251 2210 2253 2210 2231 2297 2285 2273 2256 2225 2240 2246 -1
1613 12 2223 -1
1614 71 2297 2225 2256 2205 -1
1621 76 2240 2211 2273 2246 2210 -1
1639 36 2241 2237 -1
1644 46 2237 2211 -1
1670 16 2294 2240 -1
1684 9 2225 -1
1697 42 2258 2237 -1
1700 48 2202 -1
1705 44 2241 2256 2264 2251 -1
1711 7 2210 -1
1717 98 2281 2210 -1
1729 15 2264 -1
1730 29 2246 -1
1732 16 2256 -1
1734 47 2241 2246 -1
1746 7 2237 -1
1748 37 2264 -1
1749 63 2285 2210 2231 2210 -1
1754 18 2211 2251 2240 -1
1756 82 2246 2253 2273 -1
1766 19 2290 2240 -1
1767 75 2256 2209 2237 -1
1769 64 2253 -1
1772 95 2210 2264 2246 -1
1783 58 2246 2251 2241 2237 -1
1789 11 2251 -1
1794 25 2246 2297 2251 2225 -1
1795 41 2251 2290 2210 -1
1800 20 2246 -1
1808 103 2256 2297 -1
1811 37 2240 -1
1813 33 2210 -1
1814 79 2225 2251 2256 2276 -1
1816 10 2256 -1
1820 90 2290 2225 2231 2256 2297 -1
1832 6 2210 -1
1835 55 2297 2240 -1
1837 26 2251 -1
1838 54 2210 -1
1848 13 2256 -1
1855 12 2237 -1
1868 20 2210 2241 2253 -1
1875 26 2256 2225 2264 -1
1885 43 2257 2256 2231 2225 2210 -1
1888 28 2253 2211 -1
1891 23 2205 -1
1915 16 2237 -1
1919 113 2205 2241 2253 2246 2290 2210 2273 2264 2251 2285 2211 -1
1922 126 2225 2202 2273 2251 -1
1947 7 2210 -1
1951 26 2297 2257 -1
1962 27 2211 -1
1967 31 2252 2209 -1
1972 184 2210 2257 2297 2256 2209 2285 2252 2290 2225 -1
1977 33 2246 2240 -1
1980 44 2240 2241 -1
1984 7 2252 -1
1985 57 2241 2209 2231 -1
1986 13 2211 -1
1991 66 2264 2225 2256 -1
1997 88 2210 2202 2240 2246 2241 2273 -1
2001 37 2241 -1
2003 42 2231 -1
2009 46 2297 2237 2257 -1
2014 11 2253 2237 -1
2016 12 2237 -1
2052 13 2246 -1
2062 118 2285 2253 2202 2297 2211 2246 2210 2273 2241 -1
2065 45 2225 2240 -1
2071 8 2211 -1
2072 121 2210 2256 2240 2264 -1
2084 8 2247 -1
2085 28 2264 -1
2092 6 2247 -1
2093 52 2240 -1
2099 21 2244 2290 2247 -1
2105 3 2231 -1
2114 31 2251 -1
2118 114 2256 2240 2209 2246 -1
2120 56 2276 2246 2225 -1
2129 42 2210 -1
2133 122 2240 -1
2135 143 2289 2256 2225 2251 -1
2144 17 2210 -1
2145 134 2258 2289 2297 2210 -1
2156 17 2241 -1
2169 32 2246 2285 2202 2241 2294 -1
2174 49 2256 2210 -1
2184 3 2264 -1
2186 57 2209 2264 -1
2198 3 2247 -1
2200 2 2202 -1
2201 1 2202 -1
2209 25 2252 -1
2210 16 2211 2246 2253 -1
2228 1 2234 -1
2229 17 2234 2225 -1
2230 38 2240 2231 2256 -1
2233 34 2251 -1
2234 12 2285 -1
2236 75 2246 2225 2251 2256 2241 2231 2273 -1
2237 254 2289 2290 2297 2257 2251 2209 2256 2252 2276 -1
2239 1 2241 -1
2240 106 2285 2209 2237 2256 2241 2256 -1
2243 1 2242 -1
2249 38 2281 -1
2250 2 2246 -1
2251 23 2231 -1
2252 15 2251 2253 -1
2255 31 2290 -1
2256 125 2264 2225 2240 -1
2257 47 2246 2225 -1
2258 90 2246 -1
2259 1 2246 -1
2267 1 2273 -1
2268 1 2273 -1
2269 2 2273 -1
2270 1 2273 -1
2272 31 2225 -1
2274 33 2240 -1
2276 21 2276 -1
2278 1 2276 -1
2282 5 2285 -1
2285 16 2210 2231 -1
2288 1 2290 -1
2289 13 2237 -1
2290 95 2252 2210 2289 2257 2209 2252 2297 -1
2297 150 2290 2209 2225 -1
2298 26 2289 -1
2299 65 2251 2256 -1
2308 1 2285 -1
2309 3 2285 -1
2322 15 2289 -1
2323 54 2225 2297 -1
2326 249 2290 2252 2210 2297 2209 2289 2252 2257 -1
2328 205 2240 2252 2209 2297 2257 2264 -1
2356 57 2289 2210 -1
2364 10 2290 -1
2365 58 2256 2297 -1
2369 134 2276 -1
2371 93 2251 2225 2264 -1
2375 32 2256 -1
2376 22 2240 2237 -1
2379 46 2257 -1
2381 37 2297 -1
2384 65 2237 2256 -1
2398 56 2209 2210 2297 -1
2411 96 2290 2256 2251 2252 2209 2210 -1
2427 6 2237 -1
2435 29 2231 2240 2256 -1
2440 43 2257 2237 -1
2444 6 2237 -1
2456 31 2285 -1
2458 7 2237 -1
2472 76 2225 2264 2237 -1
2473 83 2251 2256 2225 2264 -1
2474 101 2297 2256 2225 2231 2264 2251 -1
2476 35 2264 2225 -1
2485 286 2256 2225 2289 2257 2237 2297 -1
2487 1 2240 -1
2488 20 2240 -1
2497 37 2297 2225 2256 -1
2502 22 2297 -1
2504 82 2256 2297 -1
2506 28 2251 -1
2507 64 2225 2231 2264 -1
2510 69 2231 -1
2535 24 2240 -1
2541 27 2251 2256 -1
2542 73 2231 2290 2225 2297 2264 -1
2547 64 2297 2290 2209 -1
2549 63 2251 2256 -1
2550 16 2264 -1
2557 77 2264 -1
2559 54 2289 2256 2225 -1
2560 89 2256 2210 -1
2564 49 2237 -1
2565 827 2289 2223 2297 2252 2258 2231 2251 2237 2264 2257 2290 2237 2252 2256 2240 2210 2209 2225 -1
2569 5 2294 -1
2576 138 2251 2231 2285 -1
2585 46 2252 -1
2592 8 2237 -1
2594 42 2256 2264 -1
2595 42 2276 2264 2237 -1
2598 5 2251 -1
2605 58 2251 -1
2608 14 2264 -1
2617 22 2231 -1
2618 50 2256 2231 2209 2252 -1
2620 26 2294 -1
2623 47 2257 2209 -1
2646 30 2256 -1
2647 16 2264 -1
2651 216 2256 2209 2252 2231 2225 2290 2240 2257 2289 -1
2653 102 2252 2209 2257 2237 2206 -1
2654 56 2297 2210 -1
2655 30 2210 -1
2657 35 2257 2297 2252 -1
2658 231 2209 2240 2252 2297 2257 2290 -1
2660 148 2231 2252 -1
2662 2 2256 -1
2665 6 2251 2256 -1
2667 93 2276 -1
2671 1 2294 -1
2672 12 2294 -1
2673 1 2294 -1
2674 83 2209 2251 2225 2252 2290 2297 2252 2231 -1
2686 120 2231 2297 2237 2237 2290 2285 2225 -1
2688 516 2210 2276 2258 2257 2231 2225 2290 2252 2289 2237 2251 2209 2240 2256 2252 2297 -1
2689 34 2257 -1
2690 25 2225 2231 -1
2693 132 2290 2252 2209 2297 2289 -1
2696 61 2237 2225 -1
2697 45 2231 -1
2699 63 2252 -1
2700 113 2257 2210 2209 2290 2252 2297 -1
2701 12 2225 2264 -1
2702 39 2251 2225 -1
2703 42 2231 2297 2225 2290 -1
2704 40 2251 2237 2225 -1
2707 100 2251 2237 2225 2289 -1
2713 166 2297 2252 2289 2257 2290 2252 2209 2210 -1
2719 20 2252 -1
2727 35 2289 2251 2297 -1
2733 1 2237 -1
2746 20 2256 -1
2747 65 2290 2257 2289 -1
2760 20 2258 -1
2765 30 2257 2273 -1
2768 29 2264 -1
2775 36 2285 2297 -1
2789 3 2257 -1
2790 145 2209 2231 2256 2297 -1
2791 15 2297 -1
2792 17 2264 -1
2822 29 2256 -1
2831 39 2256 -1
2838 20 2290 -1
2840 11 2264 2256 -1
2842 93 2290 2297 2252 2209 2231 -1
2855 13 2225 2264 -1
2856 2 2264 -1
2857 1 2264 -1
2858 2 2264 -1
2859 90 2237 2264 -1
2871 165 2257 2297 2251 2225 2290 2231 -1
2872 54 2225 -1
2898 2 2297 -1
2909 51 2237 -1
2912 26 2251 2231 -1
2923 33 2252 2256 -1
2940 91 2297 2251 2210 2290 2273 -1
2948 23 2251 -1
2951 14 2297 -1
2958 48 2256 2225 -1
2964 59 2210 2256 2225 -1
2967 232 2210 2252 2209 2297 2256 2237 2240 2257 2290 2252 -1
2968 37 2251 2225 2258 2297 -1
2972 271 2273 2240 2237 -1
2978 4 2237 -1
2988 56 2257 2252 -1
2994 2 2237 -1
3000 31 2225 -1
3005 27 2256 2297 -1
3006 29 2225 2256 -1
3007 8 2251 -1
3009 38 2252 2297 2290 -1
3010 118 2209 2297 2251 2257 2252 -1
3015 30 2258 -1
3017 3 2256 -1
3018 18 2256 -1
3020 48 2231 2225 -1
3024 47 2225 2231 -1
3025 4 2237 -1
3026 151 2225 2237 2209 2252 2251 2252 -1
3028 99 2231 2297 2210 2237 2256 2209 2252 2257 -1
3031 42 2231 -1
3032 205 2285 2252 2252 2257 2289 2290 -1
3033 38 2290 2289 2251 2297 -1
3034 38 2237 2231 -1
3035 13 2237 -1
3037 7 2256 -1
3038 1 2256 -1
3039 14 2256 -1
3040 6 2256 -1
3041 14 2256 -1
3042 1 2256 -1
3043 1 2256 -1
3044 4 2256 -1
3046 10 2251 -1
3047 10 2251 -1
3055 42 2257 2209 2231 -1
3056 34 2290 2251 2209 -1
3059 34 2251 2237 -1
3060 4 2251 -1
3062 30 2231 2225 -1
3071 1 2251 -1
3072 24 2251 -1
3073 33 2251 -1
3074 1 2251 -1
3075 2 2251 -1
3076 1 2251 -1
3084 52 2210 -1
3088 24 2225 2237 -1
3092 52 2225 -1
3095 25 2231 2225 -1
3098 25 2225 -1
3107 10 2297 2210 -1
3108 8 2237 -1
3144 66 2237 2290 2209 -1
3145 17 2240 -1
3147 6 2225 -1
3148 18 2297 -1
3159 8 2237 -1
3168 69 2289 -1
3175 34 2257 -1
3180 23 2225 2290 2297 -1
3192 39 2210 2297 -1
3196 19 2257 -1
3199 13 2237 -1
3208 7 2237 2237 -1
3209 32 2290 2237 2225 -1
3210 6 2237 2237 -1
3211 2 2237 -1
3225 13 2225 -1
3233 4 2285 -1
3238 22 2225 -1
3252 33 2209 -1
3262 8 2297 -1
3276 60 2240 2297 2210 -1
3290 29 2237 2290 2252 -1
3291 56 2240 2290 -1
3297 39 2210 -1
3304 31 2297 2257 -1
3315 13 2258 -1
3317 15 2210 -1
3321 16 2237 -1
3325 6 2290 -1
3333 14 2290 -1
3343 10 2209 -1
3345 36 2297 -1
3349 9 2209 2252 -1
3350 55 2237 -1
3352 165 2289 2297 2257 2240 -1
3375 36 2290 -1
3377 4 2297 -1
3378 37 2297 -1
3379 19 2252 2297 2209 2290 -1
3380 33 2290 2297 -1
3381 177 2297 2290 -1
3382 1 2297 -1
3383 2 2297 -1
3384 3 2297 -1
3385 1 2297 -1
3390 47 2258 -1
3394 121 2209 2252 2237 2257 -1
3402 88 2237 2252 -1
3404 73 2276 2257 2290 -1
3417 31 2237 2257 -1
3439 69 2210 2290 2209 2206 -1
3447 214 2285 2258 2237 -1
3449 306 2276 2240 2237 2258 -1
3450 27 2240 -1
3451 49 2289 -1
3453 241 2237 2240 2258 -1
3454 124 2289 2237 2210 -1
3456 250 2289 2276 2240 -1
3457 97 2257 2289 -1
3458 61 2257 -1
3459 73 2276 -1
3461 49 2252 -1
3466 12 2209 -1
3470 21 2209 2252 -1
3472 9 2285 2237 -1
3477 45 2210 2209 2252 2257 -1
3479 83 2237 -1
3481 11 2290 -1
3482 10 2252 2209 2257 -1
3483 16 2209 -1
3498 96 2237 2290 -1
3512 8 2209 -1
3519 49 2237 -1
3523 15 2257 -1
3527 47 2257 -1
3528 7 2257 -1
3531 1 2290 -1
3541 62 2210 -1
3557 7 2257 -1
3562 38 2210 -1
3568 128 2257 -1
3576 5 2252 2252 -1
3577 1 2252 -1
3593 26 2237 -1
3601 41 2276 -1
3603 10 2237 -1
3607 24 2237 -1
3611 19 2257 -1
3614 187 2257 2276 2258 -1
3615 113 2240 2237 -1
3622 22 2257 -1
3624 49 2210 2237 2240 -1
3630 30 2276 2240 -1
3631 70 2258 -1
3633 26 2252 -1
3634 57 2276 2240 -1
3635 33 2289 -1
3641 194 2276 2210 -1
3642 291 2276 2285 -1
3643 35 2276 -1
3645 34 2210 2289 -1
3646 9 2210 -1
3658 38 2237 2257 -1
3659 32 2289 -1
3660 67 2289 -1
3661 28 2210 -1
3666 125 2210 2240 -1
3685 2 2237 -1
3688 3 2289 -1
3691 70 2289 -1
3720 9 2210 -1
3724 69 2210 2289 -1
3735 1 2210 -1
3748 26 2289 -1
3770 9 2210 -1
3786 72 2277 2258 2252 2273 -1
3787 233 2252 2237 2258 -1
3794 44 2237 -1
3796 107 2237 -1
3798 18 2210 -1
3813 72 2258 2289 -1
3814 24 2210 -1
3815 14 2210 2276 -1
3830 18 2240 -1
3854 79 2258 2237 -1
3869 5 2237 -1
3871 5 2237 -1
3872 10 2237 -1
3905 2 2289 -1
3917 23 2237 -1
3924 2 2210 -1
3956 55 2276 -1
3961 16 2210 2252 -1
3976 43 2276 2240 -1
3982 17 2276 -1
3995 53 2276 -1
4000 4 2210 -1
4001 27 2289 -1
4006 2 2210 -1
4007 9 2210 -1
4015 2 2210 -1
4036 139 2258 -1
4040 71 2240 2237 -1
4044 53 2237 2240 -1
4045 244 2276 2237 -1
4065 104 2289 -1
4070 56 2258 -1
4072 21 2237 -1
4073 90 2276 -1
4077 63 2237 -1
4099 101 2258 -1
4123 23 2289 -1
4124 27 2289 -1
4127 42 2237 2240 -1
4138 59 2289 -1
4142 30 2240 -1
4148 4 2289 -1
4211 39 2289 -1
4212 30 2289 2237 -1
4219 101 2240 -1
4220 3 2240 -1
4221 41 2240 -1
4234 1 2289 -1
4261 23 2289 -1
4276 47 2258 -1
4297 32 2276 -1
4310 225 2276 2258 -1
4315 19 2289 -1
4353 69 2258 -1
4383 3 2223 -1
4401 5 2223 -1
4415 15 2237 -1
4468 8 2258 -1
4483 137 2276 -1
4536 58 2258 -1
4550 81 2258 -1
4557 15 2276 -1
4600 15 2237 -1
4632 202 2285 2276 -1
4659 3 2237 -1
4687 19 2285 2237 -1
4688 59 2237 -1
4781 28 2276 -1
4792 45 2273 -1
4795 66 2276 -1
4798 3 2223 -1
4818 15 2237 -1
4824 88 2276 -1
4828 105 2273 -1
4832 4 2237 -1
4833 6 2237 -1
4834 1 2237 -1
4835 1 2237 -1
4836 1 2237 -1
4837 2 2237 -1
4838 2 2237 -1
4839 1 2237 -1
4840 3 2237 -1
4841 1 2237 -1
4842 2 2237 -1
4843 12 2237 -1
4844 2 2237 -1
4845 1 2237 -1
4846 24 2237 -1
4847 1 2237 -1
4848 1 2237 -1
4849 2 2237 -1
4850 3 2237 -1
4851 2 2237 -1
4852 3 2237 -1
4853 3 2237 -1
4854 2 2237 -1
4855 2 2237 -1
4856 2 2237 -1
4899 160 2276 -1
4967 317 2258 2276 2273 -1
4988 22 2276 -1
5002 116 2276 -1
5020 45 2276 -1
5022 173 2285 -1
5079 240 2285 2276 2273 -1
5123 60 2276 -1
5125 16 2273 -1
5140 50 2273 -1
5171 40 2258 -1
5176 100 2276 2258 -1
5179 212 2276 2258 -1
5180 47 2258 -1
5184 64 2258 2276 -1
5185 120 2273 -1
5188 211 2258 -1
5189 237 2276 2258 -1
5190 56 2258 -1
5246 29 2276 -1
5263 74 2258 2277 -1
5301 42 2276 -1
5382 19 2258 -1
5391 14 2258 -1
5439 39 2273 -1
5457 20 2276 -1
5524 402 2273 -1
5531 224 2273 2276 2285 -1
5532 16 2285 -1
5543 128 2276 -1
5553 36 2258 -1
5582 105 2276 -1
5600 5 2258 -1
5612 38 2276 -1
5639 3 2258 -1
5644 13 2273 -1
5655 48 2276 -1
5656 2 2276 -1
5684 17 2258 2276 -1
5697 219 2273 -1
5739 37 2273 -1
5787 29 2276 -1
5796 173 2276 -1
5804 22 2276 -1
5809 20 2276 -1
5814 106 2276 -1
5816 50 2273 -1
5819 52 2276 -1
5857 62 2276 -1
5934 32 2276 -1
6042 1 2276 -1
6043 38 2276 -1
6072 45 2223 -1
6305 147 2285 -1
6380 4 2223 -1
6578 1 2285 -1
6579 1 2285 -1
6580 1 2285 -1
6581 1 2285 -1
6582 1 2285 -1
6583 1 2285 -1
6584 1 2285 -1
6585 1 2285 -1
6596 137 2223 -1
6907 183 2223 -1
7280 71 2223 -1
7391 47 2223 -1
7490 25 2223 -1
7675 16 2223 -1
7743 10 2223 -1
7818 15 2223 -1
8005 2 2223 -1