24 270 7144 7143 7119 -1
29 136 7119 -1
36 231 7115 -1
42 88 7108 -1
68 187 7115 -1
109 166 7168 7115 7101 -1
155 16 7116 -1
259 42 7115 -1
395 37 7115 -1
425 49 7108 -1
469 8 7131 -1
580 28 7144 -1
600 171 7115 -1
737 120 7116 7115 -1
749 62 7115 -1
766 709 7116 7115 7119 7143 7144 7101 7168 -1
996 279 7108 -1
1003 17 7115 -1
1043 20 7115 -1
1075 59 7131 -1
1098 260 7131 -1
1132 42 7108 -1
1142 28 7115 -1
1151 460 7115 7143 7119 7144 -1
1166 318 7168 -1
1305 227 7108 -1
1353 24 7131 -1
1359 2 7168 -1
1374 385 7108 -1
1473 70 7115 -1
1542 237 7115 -1
1549 522 7115 7168 -1
1647 15 7131 -1
1691 47 7115 -1
1701 98 7131 -1
1733 40 7143 -1
1767 75 7131 -1
1796 38 7168 -1
1823 45 7116 -1
1835 55 7115 -1
1847 46 7168 -1
1896 50 7144 -1
2153 4 7168 -1
2186 57 7108 -1
2215 12 7108 -1
2258 90 7143 7119 -1
2264 51 7115 -1
2297 150 7168 -1
2328 205 7131 -1
2369 134 7116 7168 -1
2387 52 7143 7144 -1
2452 29 7116 -1
2456 31 7115 -1
2502 22 7115 -1
2518 4 7115 -1
2547 64 7115 -1
2549 63 7131 -1
2565 827 7131 7116 7144 7119 7143 7108 7115 7101 -1
2576 138 7120 -1
2658 231 7131 7116 -1
2660 148 7115 -1
2909 51 7168 -1
2940 91 7116 -1
2972 271 7115 7119 7101 -1
3092 52 7168 -1
3106 5 7108 -1
3366 31 7115 -1
3381 177 7101 7115 7144 7143 7108 7119 -1
3447 214 7144 7101 -1
3456 250 7168 -1
3457 97 7115 -1
3459 73 7116 -1
3478 42 7115 -1
3527 47 7108 -1
3586 135 7144 7168 7143 7119 -1
3593 26 7115 7101 7144 7143 -1
3607 24 7168 7143 -1
3641 194 7108 -1
3642 291 7108 7131 7168 7115 7185 -1
3803 8 7115 7101 -1
3813 72 7168 -1
3965 79 7101 -1
3982 17 7115 -1
4036 139 7101 -1
4045 244 7144 7101 7108 7143 7119 7115 -1
4046 40 7168 -1
4151 79 7115 -1
4200 4 7144 -1
4297 32 7168 -1
4310 225 7168 7143 7101 7119 7116 7115 7144 -1
4361 2 7115 -1
4422 7 7108 -1
4437 33 7115 -1
4441 186 7108 7116 -1
4451 6 7115 -1
4455 16 7108 -1
4524 7 7144 -1
4536 58 7168 -1
4632 202 7143 -1
4662 44 7143 -1
4709 24 7119 -1
4712 91 7144 7168 -1
4717 57 7131 -1
4760 5 7119 -1
4764 52 7143 -1
4795 66 7101 7108 -1
4964 51 7101 -1
4967 317 7144 7101 7115 7143 7119 7168 -1
5002 116 7186 7115 7119 7143 7144 -1
5028 40 7115 7116 -1
5053 53 7116 -1
5054 2 7119 -1
5059 15 7143 -1
5079 240 7108 -1
5102 48 7168 7115 -1
5103 118 7115 7116 7108 -1
5166 41 7131 7119 -1
5173 121 7108 7119 7146 -1
5179 212 7144 -1
5188 211 7119 7115 7168 7143 7101 7144 -1
5189 237 7131 7101 7115 -1
5254 34 7144 -1
5445 39 7131 -1
5452 18 7115 -1
5489 10 7115 -1
5524 402 7131 7185 7186 7119 7162 7115 7143 7168 7101 7108 -1
5529 31 7144 -1
5531 224 7149 7143 7108 7115 -1
5543 128 7101 7119 7143 7131 -1
5553 36 7119 -1
5582 105 7108 7143 7119 7144 -1
5596 11 7108 -1
5616 12 7108 -1
5630 31 7131 -1
5655 48 7116 -1
5692 19 7143 -1
5697 219 7144 7185 7119 7115 7101 -1
5714 42 7115 7168 -1
5721 8 7144 7119 7143 7115 -1
5772 10 7168 -1
5773 63 7101 7119 7144 7143 7185 -1
5775 39 7115 -1
5796 173 7115 -1
5800 182 7101 7144 7116 7162 7185 7119 -1
5802 248 7115 7168 7101 7131 7116 7119 7144 7143 -1
5804 22 7115 7116 -1
5807 16 7101 7115 -1
5811 65 7108 -1
5814 106 7116 -1
5816 50 7115 7168 -1
5822 81 7168 -1
5827 14 7143 -1
5872 25 7116 -1
5932 35 7101 -1
5940 12 7115 -1
5988 4 7131 -1
5998 80 7143 7119 7115 7101 -1
6000 8 7168 -1
6006 47 7108 -1
6032 70 7131 7116 -1
6097 24 7101 7144 -1
6156 20 7131 -1
6218 47 7168 -1
6241 64 7116 -1
6280 31 7116 -1
6305 147 7108 7144 -1
6327 71 7115 7101 7144 7119 7143 -1
6359 72 7108 -1
6360 35 7119 7144 7143 7108 -1
6408 1 7144 -1
6414 15 7116 -1
6443 51 7108 7168 7115 -1
6458 22 7115 7108 -1
6459 2 7108 -1
6486 57 7108 7143 -1
6494 70 7115 7101 -1
6502 12 7115 -1
6523 31 7115 -1
6525 13 7119 -1
6538 7 7116 -1
6552 27 7168 -1
6555 33 7146 -1
6563 54 7108 7144 -1
6596 137 7116 -1
6611 11 7101 -1
6612 5 7115 -1
6615 119 7119 7131 7143 7168 7115 7101 7144 7108 -1
6618 79 7119 7101 7116 7115 7144 7131 -1
6619 77 7115 7101 7144 7108 7116 -1
6620 91 7186 7115 7143 7144 7108 7168 7101 7185 7119 -1
6627 12 7115 -1
6665 25 7108 7116 7101 -1
6671 4 7131 -1
6711 7 7119 7115 -1
6714 92 7131 -1
6766 16 7185 -1
6772 49 7185 -1
6784 41 7131 -1
6848 6 7143 7101 -1
6886 6 7143 -1
6900 29 7131 -1
6906 49 7101 7186 7143 7185 7108 7115 7119 7144 -1
6907 183 7131 7144 7101 7108 7116 -1
6913 34 7108 7143 7168 7185 7101 7119 -1
6916 30 7108 7131 -1
6918 23 7108 -1
6924 12 7131 -1
6934 51 7119 7115 -1
6941 35 7131 -1
6945 16 7119 -1
6946 25 7116 -1
6975 7 7119 -1
6976 37 7101 7119 7115 7143 -1
6986 1 7143 -1
6991 18 7108 -1
7026 11 7116 -1
7052 114 7119 7116 7143 7115 7144 7101 -1
7054 21 7116 -1
7055 95 7131 -1
7056 29 7116 -1
7057 100 7131 -1
7070 2 7115 -1
7071 4 7115 -1
7080 58 7108 -1
7086 111 7108 7131 -1
7092 75 7144 7131 -1
7098 1 7101 -1
7099 15 7101 -1
7100 15 7144 7101 7119 7143 7115 -1
7103 1 7108 -1
7104 15 7108 -1
7106 4 7108 -1
7109 2 7115 -1
7110 5 7115 -1
7111 1 7115 -1
7112 1 7115 -1
7113 8 7115 -1
7114 1 7115 -1
7117 2 7119 -1
7132 21 7131 -1
7142 4 7144 7143 -1
7145 1 7144 -1
7146 1 7144 -1
7165 1 7168 -1
7166 1 7168 -1
7176 3 7116 -1
7179 1 7131 -1
7180 2 7131 -1
7181 2 7131 -1
7231 87 7116 7131 -1
7239 21 7131 7116 -1
7362 5 7116 -1
7391 47 7120 -1
7451 1 7131 -1
7452 2 7131 -1
7453 1 7131 -1
7454 1 7131 -1
7455 3 7131 -1
7456 1 7131 -1
7457 1 7131 -1
7458 1 7131 -1
7459 1 7131 -1
7461 1 7131 -1
7462 1 7131 -1
7580 7 7116 -1
7588 7 7116 -1
7598 26 7116 -1
7684 2 7120 -1
7733 42 7120 -1
7736 2 7120 -1