68 187 7341 -1
87 164 7381 -1
103 55 7381 -1
109 166 7373 -1
136 64 7301 -1
425 49 7351 -1
434 6 7381 7351 -1
457 640 7351 7341 7381 7389 -1
737 120 7341 7351 7373 -1
762 42 7378 -1
766 709 7341 7381 -1
988 257 7391 -1
996 279 7373 -1
1098 260 7381 7378 7351 7391 -1
1151 460 7341 -1
1374 385 7378 7386 7351 7373 7391 7301 -1
1385 24 7351 -1
1542 237 7381 7301 -1
1621 76 7386 -1
1701 98 7381 -1
2003 42 7301 -1
2249 38 7301 -1
2258 90 7373 -1
2297 150 7341 -1
2369 134 7389 -1
2485 286 7351 -1
2565 827 7389 7341 7351 7378 7301 7381 7373 7386 7391 -1
2619 44 7381 -1
2658 231 7391 7341 7381 7373 7378 7351 -1
2674 83 7381 -1
2677 37 7301 -1
2707 100 7301 -1
2908 11 7301 -1
2931 2 7316 -1
2932 50 7301 -1
2940 91 7301 7389 -1
2981 36 7381 -1
2983 18 7391 -1
3032 205 7378 -1
3057 36 7301 -1
3142 41 7391 7389 -1
3274 60 7351 -1
3310 18 7391 -1
3334 11 7381 -1
3381 177 7301 7381 7378 7373 -1
3447 214 7381 -1
3456 250 7393 -1
3459 73 7301 -1
3586 135 7301 7351 7381 -1
3631 70 7391 -1
3634 57 7301 -1
3642 291 7373 7378 7351 -1
3691 70 7378 -1
3787 233 7391 7378 -1
4036 139 7381 -1
4040 71 7351 -1
4046 40 7381 7373 -1
4065 104 7351 -1
4310 225 7381 7378 7351 -1
4347 33 7341 -1
4353 69 7301 -1
4437 33 7373 7301 -1
4456 3 7351 -1
4483 137 7381 7373 -1
4496 2 7351 -1
4536 58 7378 -1
4632 202 7341 7391 7373 7381 -1
4712 91 7373 -1
4717 57 7381 -1
4764 52 7373 -1
4788 15 7389 -1
4795 66 7351 7391 -1
4814 16 7301 -1
4828 105 7373 -1
4879 20 7378 -1
4899 160 7373 7381 -1
4943 31 7301 -1
4948 194 7391 7389 7341 -1
4981 49 7341 -1
4994 17 7381 -1
5002 116 7373 7301 -1
5053 53 7381 -1
5059 15 7301 -1
5068 10 7381 -1
5103 118 7391 -1
5140 50 7378 -1
5173 121 7301 7351 7389 7373 7378 -1
5179 212 7373 -1
5185 120 7301 -1
5188 211 7301 -1
5189 237 7373 7378 -1
5199 19 7378 -1
5233 19 7301 -1
5246 29 7301 -1
5301 42 7381 7351 -1
5401 3 7301 -1
5423 36 7381 -1
5445 39 7301 -1
5454 19 7381 7373 -1
5485 13 7386 -1
5524 402 7351 7393 7386 7373 7341 7391 7381 7378 7304 7362 7301 -1
5531 224 7351 7373 7378 -1
5543 128 7373 -1
5551 8 7391 -1
5582 105 7306 7301 -1
5655 48 7362 -1
5697 219 7393 7362 -1
5738 12 7391 -1
5768 11 7391 -1
5775 39 7378 -1
5776 9 7391 -1
5796 173 7351 7381 7301 -1
5800 182 7373 7341 7389 7351 -1
5802 248 7381 7351 -1
5806 45 7341 7373 7381 7341 -1
5811 65 7381 -1
5817 30 7373 -1
5822 81 7301 7381 7351 -1
5857 62 7351 -1
5949 3 7301 -1
5952 14 7378 -1
5998 80 7389 -1
6032 70 7351 -1
6045 3 7378 -1
6123 18 7381 -1
6151 13 7301 -1
6198 12 7351 -1
6229 18 7301 -1
6241 64 7381 -1
6270 57 7351 7381 -1
6280 31 7381 7378 -1
6299 70 7351 -1
6305 147 7301 7373 7378 -1
6323 49 7381 7378 -1
6360 35 7323 -1
6443 51 7301 -1
6460 56 7386 -1
6486 57 7391 7301 7381 -1
6494 70 7301 7373 -1
6500 5 7301 -1
6510 54 7351 -1
6548 8 7381 -1
6555 33 7351 -1
6560 42 7386 7381 -1
6570 4 7301 -1
6596 137 7389 7386 7391 7341 -1
6615 119 7373 7351 7301 7381 -1
6616 6 7301 -1
6618 79 7389 7381 -1
6619 77 7373 7381 -1
6620 91 7301 7306 7304 -1
6624 122 7378 7381 -1
6646 3 7301 -1
6655 3 7301 -1
6702 10 7381 -1
6714 92 7301 7381 7373 7378 7351 -1
6766 16 7378 -1
6774 23 7386 -1
6867 4 7373 -1
6906 49 7351 7381 7306 7301 -1
6907 183 7391 7373 7378 7381 7386 7389 -1
6914 52 7378 -1
6924 12 7389 -1
6934 51 7381 7378 -1
6941 35 7301 7378 -1
6946 25 7391 -1
6991 18 7323 -1
6993 75 7301 -1
6994 9 7301 -1
7021 15 7386 -1
7047 133 7341 7391 7389 -1
7052 114 7391 7301 7381 -1
7053 19 7389 7378 -1
7054 21 7378 -1
7057 100 7378 -1
7080 58 7301 -1
7086 111 7389 7391 7341 7378 -1
7089 1 7301 -1
7090 6 7378 -1
7092 75 7301 7389 -1
7100 15 7301 -1
7104 15 7301 -1
7127 2 7301 -1
7134 3 7373 -1
7188 12 7351 7386 -1
7225 24 7378 -1
7231 87 7386 -1
7233 18 7389 -1
7236 16 7378 -1
7241 18 7373 -1
7280 71 7386 -1
7293 4 7301 -1
7295 6 7301 -1
7298 1 7301 -1
7299 1 7301 -1
7300 1 7301 -1
7301 18 7301 -1
7302 2 7301 -1
7321 3 7389 -1
7335 13 7381 -1
7350 20 7381 -1
7352 11 7378 -1
7354 3 7351 -1
7357 5 7391 -1
7360 1 7351 -1
7362 5 7381 -1
7371 2 7373 -1
7378 40 7386 7381 -1
7379 7 7381 -1
7380 3 7381 -1
7391 47 7341 -1
7393 10 7393 -1
7449 20 7341 -1
7492 3 7378 -1
7535 1 7378 -1
7536 1 7378 -1
7537 1 7378 -1
7588 7 7391 -1
7614 37 7386 -1
7648 1 7391 -1
7666 13 7397 -1
7675 16 7386 -1
7679 21 7391 -1
7685 13 7391 -1
7727 26 7341 7391 -1
7733 42 7389 -1
7755 10 7386 -1
7772 15 7389 -1
7774 30 7391 -1
7775 11 7341 -1
7814 1 7386 -1
7900 27 7391 -1
7901 28 7391 -1
7902 18 7391 -1
7904 6 7391 -1
8036 19 7391 -1
8045 2 7389 -1
8046 14 7389 -1
8047 17 7389 -1
8053 17 7391 -1
8085 16 7391 -1
8162 9 7391 -1
8173 6 7391 -1
8187 1 7391 -1
8211 10 7389 -1
8262 1 7389 -1
8263 2 7389 -1