3 23 590 567 584 586 581 -1
4 8 560 -1
6 258 560 584 592 538 581 586 590 566 567 579 589 549 564 -1
8 162 560 564 506 586 538 592 584 590 581 566 589 524 514 549 567 -1
9 71 560 592 579 517 559 -1
10 70 549 -1
11 733 559 549 575 587 560 579 506 514 545 -1
12 54 564 538 -1
14 105 581 564 560 589 567 538 566 584 -1
15 42 589 560 -1
17 37 590 592 -1
18 8 549 -1
19 38 592 589 590 584 581 564 -1
20 153 564 590 567 592 -1
21 77 592 590 549 -1
23 48 549 586 590 -1
24 270 579 589 545 560 549 -1
25 63 549 545 590 560 592 -1
26 87 560 567 590 566 581 564 584 -1
27 89 586 567 566 590 584 -1
28 110 584 590 -1
29 136 538 587 524 549 589 -1
31 6 517 -1
32 2 517 -1
33 20 538 545 -1
35 64 545 -1
36 231 549 579 560 -1
38 12 589 -1
39 39 549 -1
42 88 545 564 549 -1
46 58 564 590 566 -1
47 113 545 560 -1
48 17 564 -1
49 12 517 -1
51 12 589 -1
55 53 549 -1
56 20 515 -1
57 12 549 -1
59 94 584 564 549 -1
71 68 560 549 564 -1
72 113 586 592 514 584 589 566 590 567 -1
75 24 545 549 -1
76 2 514 -1
78 26 567 566 -1
80 55 590 560 -1
83 7 517 -1
86 101 549 538 564 -1
87 164 549 545 579 -1
89 21 545 -1
90 63 559 549 560 -1
100 4 560 -1
101 12 517 -1
103 55 579 -1
106 5 579 -1
107 3 517 -1
110 59 524 -1
111 26 517 -1
113 68 524 -1
125 28 517 -1
127 83 584 549 -1
132 21 549 -1
135 6 589 -1
136 64 584 -1
138 69 560 566 592 590 -1
140 25 592 590 -1
142 12 579 -1
143 95 559 566 567 590 -1
150 22 567 566 592 587 590 584 589 587 -1
151 44 549 -1
152 18 567 581 589 -1
154 53 549 -1
164 7 590 -1
166 77 545 -1
171 56 545 559 579 575 -1
173 332 587 575 559 579 560 -1
178 52 560 564 590 -1
179 15 549 -1
182 59 590 -1
187 32 545 -1
192 16 549 586 -1
193 19 549 -1
199 11 579 -1
201 20 549 -1
211 1 517 -1
215 84 517 559 -1
221 10 590 -1
223 17 590 -1
230 6 559 -1
231 44 549 560 -1
236 39 581 590 592 586 -1
237 35 560 581 587 -1
255 87 581 567 549 564 -1
259 42 579 -1
269 26 549 -1
275 47 590 -1
280 76 567 579 566 -1
282 32 564 560 566 579 590 567 592 -1
296 4 560 -1
306 215 587 549 567 566 -1
308 144 579 545 549 -1
310 236 549 -1
312 223 545 549 579 575 -1
316 3 559 -1
317 126 545 579 -1
319 193 592 590 587 -1
325 15 590 560 -1
326 9 549 -1
334 41 545 -1
335 48 589 -1
336 28 590 -1
339 79 549 560 -1
340 30 564 -1
345 8 567 581 -1
356 16 579 -1
371 117 590 567 -1
383 19 560 -1
399 6 579 560 -1
406 33 560 538 -1
407 101 579 -1
412 21 560 -1
415 4 549 -1
416 2 560 -1
426 26 517 524 538 586 560 589 506 567 592 566 -1
432 155 559 -1
440 8 560 538 -1
445 4 524 -1
454 6 517 506 -1
457 640 587 545 559 575 -1
479 6 545 549 -1
488 4 549 -1
489 3 524 514 -1
499 11 560 -1
509 1 514 -1
516 1 517 -1
519 1 524 -1
520 1 524 -1
521 5 524 -1
522 1 524 -1
523 1 524 -1
530 5 549 -1
542 7 549 -1
553 19 560 -1
554 4 560 -1
555 3 560 -1
556 117 560 -1
557 1 560 -1
558 1 560 -1
559 3 560 -1
560 8 559 -1
567 2 584 -1
568 1 567 -1
569 1 567 -1
570 3 567 581 -1
571 1 567 -1
572 2 567 -1
573 1 567 -1
574 3 567 587 -1
582 29 589 -1
584 5 590 -1
587 14 589 -1
588 23 589 587 587 -1
590 8 579 -1
591 2 592 -1
600 171 549 579 -1
614 7 549 -1
626 31 579 -1
634 106 579 545 -1
635 52 587 -1
644 23 549 -1
647 29 587 545 -1
652 2 549 -1
659 13 545 -1
673 4 549 -1
695 87 549 -1
704 82 579 -1
706 56 549 579 -1
707 110 579 -1
708 39 545 -1
732 3 549 -1
733 7 549 -1
736 3 549 -1
749 62 559 -1
763 45 579 -1
764 22 549 -1
766 709 579 549 -1
769 137 559 579 -1
773 1 549 -1
774 1 549 -1
775 2 549 -1
776 1 549 -1
788 52 545 -1
795 57 579 -1
805 82 579 -1
813 261 579 559 -1
820 9 559 -1
826 218 575 -1
838 34 506 -1
844 35 545 579 -1
852 25 579 545 -1
861 16 579 -1
870 37 579 559 -1
904 59 575 559 -1
916 3 559 -1
920 10 545 -1
921 7 545 -1
922 147 587 579 -1
928 13 579 -1
941 74 579 -1
946 85 579 -1
959 10 545 -1
978 54 545 -1
993 233 587 579 -1
996 279 587 -1
998 25 579 -1
1006 130 579 -1
1016 1 565 -1
1022 13 545 -1
1029 20 579 -1
1034 34 579 -1
1038 6 545 -1
1050 33 575 -1
1055 139 579 -1
1075 59 579 -1
1086 8 579 -1
1099 8 559 -1
1127 58 579 559 -1
1129 53 545 -1
1133 282 545 -1
1135 112 545 579 -1
1137 104 579 -1
1141 2 545 -1
1142 28 579 -1
1143 15 579 -1
1151 460 587 -1
1201 32 545 -1
1202 68 587 559 -1
1211 66 579 -1
1221 75 545 587 -1
1234 15 545 -1
1245 10 545 -1
1246 7 545 -1
1248 22 545 -1
1267 61 579 -1
1279 126 579 575 -1
1285 24 579 -1
1290 15 545 -1
1294 1 545 -1
1295 1 545 -1
1296 9 545 -1
1297 48 545 -1
1319 185 579 -1
1335 39 579 -1
1350 114 559 579 -1
1352 118 559 -1
1357 84 579 -1
1374 385 559 579 -1
1385 24 579 -1
1386 56 579 559 -1
1395 192 587 579 -1
1428 159 559 579 -1
1471 45 579 -1
1473 70 579 -1
1483 51 579 -1
1487 115 575 579 559 -1
1489 41 579 -1
1492 159 575 579 -1
1496 190 579 -1
1506 34 559 -1
1521 104 579 -1
1525 33 579 -1
1538 75 559 -1
1549 522 579 -1
1555 67 579 -1
1594 108 575 579 559 -1
1605 10 559 -1
1608 344 575 559 587 -1
1614 71 579 -1
1615 109 579 559 575 -1
1664 3 579 -1
1730 29 559 -1
1732 16 559 -1
1756 82 587 -1
1760 1 559 -1
1761 1 559 -1
1762 37 559 -1
1919 113 587 -1
1922 126 587 -1
1997 88 587 -1
2062 118 587 -1
2116 14 587 -1
2251 23 587 -1
2906 4 554 -1
3593 26 554 -1
3594 2 554 -1