6 258 6227 -1
20 153 6229 6262 -1
24 270 6272 -1
27 89 6246 -1
28 110 6251 -1
44 42 6262 -1
47 113 6227 -1
68 187 6262 -1
72 113 6229 -1
87 164 6296 -1
109 166 6296 6272 -1
136 64 6262 6299 -1
173 332 6269 -1
258 6 6262 -1
260 7 6262 -1
311 312 6299 -1
336 28 6221 -1
395 37 6227 -1
425 49 6255 -1
432 155 6227 -1
457 640 6243 6227 6299 6221 6270 6229 6272 6299 6296 6218 -1
634 106 6227 -1
695 87 6262 6251 -1
722 124 6299 -1
737 120 6299 6221 6227 -1
763 45 6262 -1
766 709 6296 6299 6251 6243 6229 6272 6262 6221 6241 6227 -1
825 139 6218 6251 6246 -1
837 4 6229 -1
854 56 6251 -1
896 25 6299 -1
996 279 6246 6262 -1
1009 43 6251 -1
1041 31 6262 6270 -1
1064 14 6243 -1
1074 75 6299 6221 -1
1098 260 6299 6270 6296 6241 -1
1133 282 6262 6229 -1
1166 318 6221 6299 -1
1204 58 6299 -1
1244 2 6262 -1
1286 55 6227 -1
1360 10 6262 -1
1374 385 6241 6299 -1
1385 24 6299 -1
1395 192 6229 6227 -1
1470 115 6262 6246 6251 -1
1471 45 6299 -1
1506 34 6296 -1
1542 237 6261 6229 6241 6227 6246 6243 -1
1549 522 6299 -1
1608 344 6246 -1
1661 36 6296 -1
1688 24 6227 -1
1701 98 6221 -1
1720 13 6227 -1
1722 14 6227 -1
1762 37 6221 -1
1796 38 6270 6221 -1
1799 42 6221 -1
1803 20 6226 -1
1823 45 6272 -1
1931 14 6227 -1
1982 26 6270 -1
2135 143 6262 6218 -1
2145 134 6299 6221 -1
2186 57 6299 -1
2215 12 6296 -1
2226 23 6299 -1
2231 26 6251 -1
2249 38 6299 -1
2256 125 6296 -1
2258 90 6251 -1
2322 15 6227 -1
2328 205 6296 -1
2369 134 6227 -1
2376 22 6218 -1
2412 3 6243 -1
2467 1 6221 -1
2485 286 6227 6229 -1
2504 82 6296 -1
2511 4 6241 -1
2565 827 6299 6227 6272 6243 6270 6241 -1
2599 9 6251 -1
2658 231 6243 -1
2660 148 6262 -1
2667 93 6229 -1
2677 37 6272 -1
2688 516 6229 6272 6246 6262 6296 6251 6227 6221 -1
2704 40 6229 -1
2744 36 6251 6246 6229 -1
2765 30 6227 -1
2790 145 6235 6255 6246 -1
2908 11 6251 -1
2972 271 6272 6251 6246 -1
3032 205 6251 6272 6218 -1
3348 16 6299 6299 -1
3381 177 6221 6243 6227 6272 6262 6218 -1
3447 214 6299 6272 6270 6241 -1
3449 306 6296 6229 6218 6251 6246 6262 -1
3453 241 6296 6272 -1
3459 73 6272 6299 6221 -1
3469 21 6262 -1
3478 42 6227 -1
3483 16 6251 -1
3498 96 6299 -1
3522 53 6246 -1
3571 39 6227 -1
3586 135 6227 6296 6272 6270 6251 -1
3601 41 6251 -1
3614 187 6229 6227 -1
3634 57 6218 6251 -1
3635 33 6243 -1
3641 194 6227 6272 6229 -1
3642 291 6246 6221 6251 6296 6262 6218 6299 6229 -1
3658 38 6227 -1
3752 15 6241 -1
3786 72 6262 -1
3787 233 6251 6255 6246 6262 -1
3792 19 6296 -1
3920 6 6299 -1
3922 5 6299 -1
3985 26 6296 -1
4036 139 6229 -1
4045 244 6229 -1
4046 40 6241 -1
4071 15 6296 -1
4099 101 6299 -1
4144 38 6246 6221 -1
4310 225 6299 6299 6296 6243 -1
4353 69 6229 6262 6296 -1
4364 14 6246 -1
4437 33 6299 -1
4455 16 6270 -1
4483 137 6243 6221 -1
4550 81 6251 -1
4574 37 6262 -1
4600 15 6229 -1
4632 202 6299 6251 6218 6227 -1
4673 68 6218 -1
4717 57 6221 6272 -1
4746 7 6296 -1
4764 52 6243 6229 6221 -1
4781 28 6246 -1
4795 66 6218 6270 -1
4828 105 6272 -1
4879 20 6243 -1
4899 160 6251 6299 6246 -1
4924 9 6251 -1
4967 317 6272 6229 6246 6251 6227 6296 6221 6218 -1
4970 6 6229 -1
4988 22 6246 -1
4989 4 6262 -1
4994 17 6299 -1
5002 116 6296 6221 -1
5020 45 6251 6229 -1
5022 173 6262 6218 6229 6246 6251 6255 -1
5028 40 6218 -1
5053 53 6299 -1
5079 240 6221 6272 -1
5102 48 6227 -1
5103 118 6227 -1
5106 24 6227 -1
5110 84 6251 6246 6255 -1
5121 9 6296 -1
5123 60 6299 6299 -1
5125 16 6296 6229 -1
5171 40 6221 -1
5173 121 6299 6270 -1
5177 92 6296 6221 6229 6251 6262 -1
5179 212 6251 6229 6221 6255 6299 6262 6296 6272 6246 6270 -1
5185 120 6272 6221 6299 6227 6229 6251 6218 6299 -1
5188 211 6221 6299 6227 6272 6299 6262 -1
5189 237 6262 6251 6229 6246 6218 6296 -1
5194 9 6262 -1
5196 29 6251 -1
5217 17 6299 -1
5254 34 6299 -1
5262 35 6246 6262 -1
5360 9 6251 -1
5404 13 6299 -1
5457 20 6251 -1
5482 12 6229 -1
5487 23 6246 -1
5524 402 6243 6270 6299 6251 6221 6296 6299 6241 6272 6227 -1
5531 224 6218 6243 6251 6246 6296 6272 6255 6262 6299 6299 -1
5532 16 6229 -1
5543 128 6272 6251 6299 6227 6296 6246 -1
5582 105 6218 6221 6299 -1
5589 10 6218 6296 6246 -1
5591 21 6262 6218 6246 -1
5617 7 6246 -1
5630 31 6221 6255 6246 -1
5644 13 6262 6251 -1
5691 49 6255 -1
5692 19 6299 -1
5696 49 6229 6255 6299 -1
5697 219 6218 6255 6246 6221 6262 6296 6270 6227 6272 6251 -1
5760 3 6299 -1
5768 11 6251 -1
5769 4 6299 -1
5772 10 6299 -1
5773 63 6227 6272 -1
5776 9 6262 -1
5796 173 6299 6218 6227 6272 -1
5799 14 6296 -1
5800 182 6221 6227 6272 6243 6270 6299 -1
5802 248 6243 6272 6227 -1
5805 10 6251 -1
5806 45 6299 6299 6243 6296 -1
5809 20 6296 6218 -1
5811 65 6299 6299 -1
5812 42 6246 6218 6296 6262 6251 -1
5814 106 6299 6221 -1
5816 50 6221 -1
5817 30 6255 -1
5818 40 6296 -1
5820 19 6241 -1
5822 81 6299 6251 -1
5824 29 6299 6246 -1
5829 11 6246 -1
5857 62 6227 6272 -1
5862 24 6272 -1
5871 51 6272 -1
5923 2 6227 -1
5999 16 6246 -1
6006 47 6272 -1
6020 23 6255 -1
6023 16 6218 -1
6024 7 6218 6251 -1
6032 70 6243 -1
6072 45 6241 -1
6094 11 6229 -1
6097 24 6299 -1
6108 4 6229 -1
6110 1 6246 -1
6126 11 6229 -1
6134 6 6296 -1
6156 20 6221 6218 -1
6170 8 6251 -1
6192 2 6262 -1
6200 3 6246 -1
6213 3 6229 -1
6218 47 6299 6299 -1
6220 13 6299 6262 -1
6221 26 6296 -1
6225 1 6225 -1
6227 2 6229 -1
6228 1 6229 -1
6229 18 6227 -1
6232 3 6218 -1
6241 64 6299 -1
6242 4 6251 -1
6243 32 6246 -1
6252 1 6255 -1
6253 1 6255 -1
6254 1 6255 -1
6263 4 6262 -1
6264 1 6262 -1
6265 1 6262 -1
6266 1 6267 -1
6270 57 6299 6272 -1
6280 31 6299 -1
6291 1 6296 -1
6292 1 6296 -1
6293 1 6296 -1
6294 1 6296 -1
6295 1 6296 -1
6299 70 6270 6218 -1
6305 147 6299 6221 6299 6227 6218 -1
6327 71 6299 6270 -1
6339 2 6218 -1
6359 72 6299 6221 6227 6299 6272 -1
6360 35 6218 -1
6371 1 6218 -1
6398 15 6270 -1
6443 51 6299 -1
6483 18 6299 -1
6503 4 6221 -1
6552 27 6243 6221 -1
6555 33 6299 -1
6563 54 6299 -1
6577 10 6227 -1
6596 137 6299 6241 -1
6611 11 6270 -1
6615 119 6299 6272 6270 -1
6618 79 6272 6270 -1
6619 77 6227 6299 6272 6243 -1
6620 91 6227 6270 6272 -1
6624 122 6241 6243 6299 -1
6625 2 6227 -1
6626 8 6221 -1
6649 23 6227 6272 -1
6665 25 6221 -1
6666 4 6221 -1
6711 7 6299 -1
6714 92 6299 6243 -1
6758 9 6243 -1
6774 23 6243 6272 -1
6789 9 6299 -1
6859 10 6272 -1
6902 20 6241 -1
6906 49 6299 -1
6907 183 6299 6241 6243 -1
6913 34 6270 -1
6914 52 6243 -1
6926 1 6227 -1
6927 1 6227 -1
6935 2 6272 -1
6941 35 6241 -1
6959 5 6243 -1
6993 75 6243 -1
7045 36 6241 -1
7052 114 6241 6243 -1
7055 95 6243 6241 -1
7057 100 6243 6241 -1
7080 58 6270 6243 -1
7086 111 6243 -1
7092 75 6243 -1
7120 10 6241 -1
7129 6 6299 -1
7188 12 6299 -1
7203 1 6270 -1
7231 87 6243 6241 -1
7237 8 6243 -1
7239 21 6243 -1
7280 71 6299 6241 -1
7281 12 6299 -1
7293 4 6299 -1
7294 37 6243 -1
7295 6 6299 -1
7327 6 6299 -1
7332 1 6299 -1
7335 13 6299 -1
7336 1 6299 -1
7337 1 6299 -1
7350 20 6243 -1
7402 5 6241 -1
7482 1 6243 -1
7483 1 6243 -1
7598 26 6241 -1
7614 37 6241 -1
7679 21 6241 -1