6 258 1982 -1
7 20 1919 -1
9 71 1966 -1
11 733 1990 1973 1997 1908 1969 1987 1901 1966 1964 1919 1983 1977 1927 1920 1979 1953 1903 1991 1963 1965 1985 1992 -1
14 105 1927 1966 -1
20 153 1966 1965 -1
24 270 1953 1987 1903 1969 1966 1927 1963 1956 1901 1977 -1
28 110 1964 -1
36 231 1969 1997 1956 1964 -1
42 88 1997 1903 1977 -1
44 42 1920 1953 1956 1919 -1
47 113 1966 1983 1965 -1
58 35 1966 -1
59 94 1918 -1
60 9 1956 -1
68 187 1919 -1
71 68 1966 1956 -1
74 69 1927 -1
86 101 1987 -1
87 164 1965 -1
90 63 1956 -1
103 55 1982 -1
109 166 1969 1982 -1
110 59 1964 -1
122 193 1992 1965 -1
125 28 1966 -1
128 51 1973 -1
136 64 1918 -1
163 9 1965 -1
166 77 1990 1956 -1
172 120 1919 1972 -1
173 332 1985 1901 1908 1997 1956 1983 1991 1977 1903 -1
178 52 1966 -1
180 54 1956 -1
182 59 1919 -1
203 26 1956 -1
215 84 1966 1903 1964 -1
226 13 1997 -1
244 3 1973 1920 -1
255 87 1956 1966 1992 -1
259 42 1956 -1
270 14 1965 -1
275 47 1956 1992 1997 -1
280 76 1956 -1
290 61 1977 1973 1908 1966 1927 1956 -1
304 64 1927 1963 1969 1966 1953 1903 -1
306 215 1965 1992 1964 -1
308 144 1956 1966 -1
310 236 1979 1901 1966 1903 1977 1992 -1
311 312 1919 1956 1973 1992 1966 1997 1977 1965 1964 1919 -1
312 223 1963 1953 1966 1969 -1
319 193 1908 1919 1991 1987 -1
347 6 1953 1920 1956 1950 -1
371 117 1966 -1
376 36 1992 -1
395 37 1919 1956 -1
407 101 1987 1997 1908 1953 1903 1969 1927 1966 1963 1991 -1
412 21 1919 -1
423 6 1956 -1
432 155 1963 1964 1927 -1
457 640 1966 1908 1991 1982 1972 1953 1969 1973 1979 1987 1990 1918 -1
469 8 1956 -1
546 107 1963 1908 1987 1973 1956 1979 1966 1969 1990 1901 1927 1953 -1
556 117 1956 1953 1969 1908 1927 1966 1919 1973 1963 1990 -1
588 23 1964 -1
600 171 1963 1956 1977 1919 1927 -1
633 48 1966 -1
634 106 1972 1965 1966 -1
643 44 1919 1964 -1
645 17 1919 1919 -1
650 85 1997 -1
663 133 1966 1956 -1
667 18 1927 -1
686 57 1903 1966 -1
689 27 1992 -1
691 24 1969 1953 -1
695 87 1983 1979 1901 -1
697 85 1966 -1
699 7 1966 -1
704 82 1903 1987 1966 -1
706 56 1919 -1
710 88 1969 -1
712 18 1927 -1
722 124 1956 1992 -1
724 3 1935 -1
737 120 1982 -1
742 85 1983 -1
759 55 1956 -1
763 45 1927 -1
764 22 1956 1992 -1
766 709 1964 1990 1956 1992 1919 1969 1918 1966 1972 -1
769 137 1919 1919 -1
784 205 1973 1987 1964 1918 1918 1966 -1
789 209 1956 1969 1966 -1
805 82 1956 1969 -1
813 261 1987 1964 1992 1991 1919 1908 1927 -1
822 11 1908 -1
826 218 1970 1973 1953 1992 1987 1991 1908 1918 1966 1963 1979 1919 -1
827 3 1953 -1
831 12 1927 -1
836 26 1901 1997 -1
842 27 1966 -1
861 16 1992 -1
870 37 1966 1953 -1
871 47 1919 1953 1919 1966 -1
879 108 1990 -1
896 25 1901 -1
899 22 1956 -1
904 59 1979 1997 1963 -1
915 7 1966 -1
918 15 1927 -1
922 147 1927 1997 1973 1963 1965 1969 1979 -1
933 10 1966 -1
935 19 1965 1903 -1
937 33 1919 -1
941 74 1969 -1
956 40 1966 -1
960 17 1956 -1
961 11 1956 1964 -1
971 53 1920 1966 -1
975 8 1997 -1
978 54 1956 -1
986 50 1966 -1
988 257 1919 1964 1982 -1
993 233 1966 1963 1987 1997 1901 1919 1965 1991 1903 1908 1919 1969 -1
996 279 1997 1919 1992 1919 1977 1964 1956 -1
1003 17 1956 1966 -1
1006 130 1953 1983 1920 1985 -1
1009 43 1966 1927 1963 -1
1032 34 1997 -1
1037 50 1966 -1
1042 38 1992 -1
1050 33 1927 1963 1920 1966 -1
1055 139 1918 1956 -1
1062 157 1901 1985 1992 1964 -1
1063 29 1901 -1
1074 75 1972 -1
1075 59 1927 1953 -1
1082 4 1903 -1
1086 8 1991 -1
1097 93 1919 -1
1098 260 1992 1969 1991 1973 1997 1919 1964 1956 1963 1982 1919 -1
1102 13 1903 -1
1111 42 1997 1977 1927 -1
1124 17 1992 -1
1125 22 1992 1992 -1
1132 42 1903 -1
1133 282 1984 1990 -1
1135 112 1966 1965 1977 1997 1963 1918 -1
1137 104 1908 1919 1991 1956 1903 -1
1151 460 1965 1918 1956 1977 1985 1964 1979 1991 1992 1969 1997 1983 1919 1919 -1
1164 23 1956 1966 -1
1166 318 1963 1901 1985 1956 1966 1987 1992 1964 1919 1972 1983 1977 1997 -1
1167 78 1963 1956 -1
1184 57 1956 -1
1200 92 1919 1956 -1
1202 68 1919 1997 1919 1927 -1
1203 20 1979 -1
1210 221 1908 1903 1964 1919 1992 1991 1965 1966 -1
1211 66 1966 1956 -1
1215 40 1919 1953 -1
1221 75 1966 1963 1927 -1
1228 9 1956 -1
1230 31 1987 1969 1953 1908 -1
1236 98 1973 1966 1965 1918 -1
1241 33 1956 1973 -1
1246 7 1979 -1
1267 61 1908 1965 1964 -1
1278 51 1918 -1
1284 18 1983 1987 1965 1966 -1
1285 24 1965 -1
1286 55 1901 1965 1903 -1
1291 34 1977 -1
1305 227 1919 1956 1918 1935 -1
1315 3 1908 -1
1316 7 1908 -1
1319 185 1918 1956 1973 1992 1966 1919 1987 1953 1969 1927 -1
1335 39 1992 -1
1350 114 1903 1969 1901 1908 1973 1963 1953 1966 -1
1352 118 1963 1908 1920 1956 1979 1969 1985 1987 1927 1966 1973 -1
1353 24 1997 1977 -1
1357 84 1966 1956 1963 -1
1368 12 1987 1927 -1
1374 385 1903 1991 1956 1919 1918 -1
1377 31 1966 -1
1378 13 1966 1965 1977 -1
1380 59 1956 -1
1381 51 1992 1908 -1
1386 56 1953 1966 1903 1927 1901 -1
1390 28 1992 -1
1395 192 1997 1979 1992 1964 1965 1901 1966 1927 1903 1987 1969 1985 1973 1983 -1
1419 29 1992 -1
1424 41 1927 1919 1966 -1
1428 159 1901 1973 1903 1966 1979 1919 1927 1963 1985 1983 1965 1987 1969 -1
1441 23 1991 -1
1462 30 1920 -1
1463 22 1992 -1
1470 115 1977 1969 1918 1956 1966 -1
1471 45 1956 -1
1473 70 1919 1963 1979 1953 -1
1480 44 1979 1908 1987 1992 1901 -1
1482 26 1969 1903 1966 1953 -1
1487 115 1973 1979 1901 1903 1908 1991 1969 1987 1953 -1
1489 41 1969 1953 1997 -1
1492 159 1908 1918 1969 1901 1997 1927 1903 1992 1966 1919 1987 -1
1495 10 1973 -1
1496 190 1969 1919 1966 1953 1908 1992 1973 1956 1903 -1
1497 18 1956 -1
1499 10 1956 -1
1500 26 1956 1956 -1
1521 104 1919 1992 1964 1997 -1
1522 90 1903 1956 1990 -1
1537 72 1919 1969 1966 -1
1538 75 1973 1969 1953 1918 -1
1542 237 1919 1997 1972 -1
1547 27 1956 1966 -1
1549 522 1987 1953 1919 1964 1919 1908 1927 1977 1966 1918 1992 1990 1969 1956 1979 1965 1963 1997 1973 1985 1903 -1
1552 50 1991 1908 -1
1555 67 1903 1969 1966 1908 1901 1973 -1
1564 27 1992 1969 1953 1992 -1
1566 42 1908 1903 -1
1571 23 1956 1992 -1
1583 78 1987 1965 1956 1919 -1
1585 80 1973 1969 1979 1903 1966 -1
1594 108 1979 1919 1969 1901 1977 1903 1966 1963 -1
1606 4 1927 -1
1608 344 1983 1997 1965 1963 1991 1977 1956 1987 1979 1927 1969 1964 1973 1919 1901 1903 1985 1992 1919 1908 -1
1610 12 1903 -1
1613 12 1903 -1
1614 71 1903 1919 1992 1987 1919 -1
1615 109 1983 1901 1965 1991 1927 1987 1969 1908 1963 1903 1966 1973 1953 -1
1621 76 1979 1901 1919 1985 1987 -1
1622 39 1966 1953 1973 1992 -1
1623 36 1966 -1
1644 46 1997 1956 -1
1661 36 1953 1966 -1
1662 4 1903 -1
1670 16 1997 -1
1675 2 1956 -1
1678 2 1977 -1
1688 24 1966 1965 -1
1691 47 1919 1908 -1
1697 42 1966 -1
1700 48 1985 1992 1953 1969 1918 -1
1701 98 1997 1919 -1
1705 44 1919 -1
1707 29 1977 -1
1711 7 1956 -1
1717 98 1918 1987 1973 1956 1979 1969 -1
1719 10 1965 -1
1720 13 1965 -1
1732 16 1908 -1
1733 40 1966 -1
1734 47 1969 1918 -1
1742 5 1901 -1
1749 63 1918 1919 1997 1919 -1
1751 13 1979 -1
1754 18 1918 -1
1756 82 1964 1908 1977 1918 1903 1901 -1
1757 16 1973 1920 -1
1759 3 1966 -1
1765 4 1983 -1
1766 19 1964 -1
1767 75 1919 -1
1769 64 1965 1966 -1
1772 95 1992 1903 1966 1964 1927 1992 1997 1977 1987 -1
1778 4 1966 -1
1783 58 1918 1903 1992 1997 -1
1789 11 1920 -1
1792 11 1908 1987 -1
1794 25 1919 -1
1795 41 1919 -1
1796 38 1982 -1
1799 42 1966 -1
1800 20 1908 -1
1803 20 1919 -1
1808 103 1927 1969 1992 1977 1919 -1
1811 37 1973 -1
1814 79 1919 -1
1820 90 1918 1992 1956 1919 1918 -1
1822 10 1966 1908 1903 -1
1823 45 1963 1953 -1
1835 55 1918 -1
1836 16 1956 -1
1837 26 1919 -1
1838 54 1969 1973 1991 1992 1953 -1
1847 46 1903 1953 1973 1908 -1
1855 12 1956 1963 1927 -1
1868 20 1985 -1
1885 43 1908 -1
1888 28 1956 1977 -1
1891 23 1992 -1
1892 5 1969 1953 1963 -1
1896 50 1956 -1
1899 6 1901 -1
1900 1 1901 -1
1902 1 1903 -1
1905 1 1908 -1
1906 1 1908 -1
1907 1 1908 -1
1908 9 1963 1927 -1
1909 1 1908 -1
1911 1 1908 -1
1912 3 1908 -1
1913 1 1908 -1
1918 18 1977 1920 1992 -1
1919 113 1977 1983 1997 1987 1973 1985 1920 1964 1979 -1
1922 126 1919 1919 1992 -1
1925 22 1983 1977 -1
1928 3 1927 -1
1931 14 1927 1997 1964 -1
1948 8 1956 -1
1951 26 1953 -1
1958 1 1963 -1
1959 1 1963 -1
1960 1 1963 -1
1961 2 1963 -1
1962 27 1969 1979 1987 1927 1966 1963 -1
1964 10 1966 -1
1965 9 1966 -1
1966 17 1977 1965 -1
1967 31 1969 1990 -1
1968 1 1969 -1
1972 184 1918 1973 -1
1976 6 1977 -1
1977 33 1997 -1
1980 44 1956 1964 -1
1985 57 1919 1992 1997 1919 1987 -1
1986 13 1987 1985 -1
1991 66 1956 1992 -1
1995 3 1919 -1
1997 88 1965 1977 1919 1991 -1
2001 37 1991 -1
2009 46 1964 1992 -1
2062 118 1985 1977 1997 1965 1991 1919 -1
2063 16 1977 1965 -1
2065 45 1956 1919 -1
2069 17 1964 -1
2071 8 1992 -1
2072 121 1964 1918 1977 1956 1991 1985 1997 -1
2077 1 1991 -1
2084 8 1997 -1
2085 28 1992 1919 -1
2088 4 1997 -1
2093 52 1992 1964 -1
2099 21 1997 -1
2114 31 1919 1965 -1
2115 12 1965 -1
2116 14 1977 -1
2118 114 1919 -1
2120 56 1997 -1
2128 3 1992 -1
2129 42 1990 -1
2130 8 1977 -1
2133 122 1956 1964 1977 1918 1992 1918 -1
2134 13 1990 -1
2135 143 1972 -1
2156 17 1992 -1
2159 7 1997 1919 -1
2169 32 1997 1977 -1
2172 24 1964 1956 -1
2186 57 1919 1918 -1
2212 1 1985 -1
2213 1 1985 -1
2214 3 1997 1985 -1
2225 36 1992 -1
2230 38 1964 -1
2231 26 1964 -1
2232 2 1956 -1
2233 34 1919 1956 -1
2236 75 1919 -1
2237 254 1919 1990 -1
2241 14 1992 1997 -1
2246 7 1919 -1
2251 23 1977 -1
2254 6 1992 -1
2255 31 1919 1964 -1
2256 125 1992 1918 -1
2257 47 1919 -1
2272 31 1992 -1
2274 33 1964 1919 -1
2282 5 1997 -1
2285 16 1997 -1
2286 6 1997 -1
2287 4 1997 -1
2289 13 1977 -1
2290 95 1990 -1
2291 1 1977 -1
2292 1 1977 -1
2293 2 1977 -1
2294 4 1977 -1
2297 150 1956 1990 -1
2298 26 1964 -1
2322 15 1992 -1
2326 249 1990 1935 -1
2328 205 1964 1992 1956 1990 -1
2338 5 1964 -1
2342 4 1918 -1
2343 4 1992 -1
2357 12 1964 -1
2365 58 1992 -1
2369 134 1964 -1
2370 2 1964 -1
2371 93 1964 1919 -1
2372 5 1964 -1
2374 1 1964 -1
2375 32 1964 -1
2376 22 1964 -1
2381 37 1956 -1
2411 96 1918 1990 1919 1990 1992 -1
2414 5 1956 -1
2435 29 1992 -1
2440 43 1982 -1
2469 3 1956 -1
2472 76 1918 -1
2473 83 1956 1992 1918 1919 -1
2474 101 1919 -1
2476 35 1919 -1
2485 286 1990 -1
2488 20 1919 -1
2507 64 1992 1919 -1
2510 69 1992 -1
2517 4 1918 -1
2541 27 1918 -1
2542 73 1956 1990 -1
2546 28 1956 -1
2549 63 1918 1919 1956 -1
2550 16 1956 -1
2555 11 1956 -1
2556 1 1956 -1
2557 77 1956 1918 -1
2558 2 1956 -1
2559 54 1956 -1
2560 89 1956 -1
2561 2 1956 -1
2562 1 1956 -1
2563 1 1956 -1
2564 49 1956 -1
2565 827 1982 1918 1956 1935 1915 1919 1990 1990 -1
2572 7 1935 -1
2576 138 1919 -1
2598 5 1992 -1
2605 58 1992 -1
2617 22 1918 -1
2618 50 1992 -1
2623 47 1919 -1
2647 16 1992 -1
2651 216 1918 1990 -1
2654 56 1990 -1
2658 231 1982 1990 -1
2659 5 1990 -1
2660 148 1990 1990 -1
2672 12 1992 -1
2674 83 1992 -1
2675 1 1992 -1
2676 3 1992 -1
2677 37 1992 1982 -1
2688 516 1982 1919 -1
2693 132 1990 -1
2700 113 1990 -1
2704 40 1919 -1
2707 100 1919 -1
2713 166 1990 -1
2727 35 1918 -1
2774 45 1918 -1
2790 145 1982 1990 -1
2791 15 1918 -1
2831 39 1972 -1
2842 93 1990 1990 1919 -1
2860 5 1919 -1
2871 165 1919 -1
2872 54 1915 -1
2900 28 1918 -1
2904 16 1918 1919 -1
2912 26 1919 -1
2925 18 1918 -1
2932 50 1918 -1
2940 91 1990 1919 1990 -1
2957 1 1918 -1
2958 48 1918 -1
2964 59 1919 -1
2972 271 1990 1972 -1
2974 15 1915 -1
2981 36 1990 -1
2983 18 1982 -1
3010 118 1915 1990 -1
3018 18 1919 -1
3025 4 1919 -1
3026 151 1919 -1
3032 205 1915 -1
3047 10 1919 -1
3056 34 1919 -1
3057 36 1990 -1
3059 34 1919 -1
3060 4 1919 -1
3062 30 1919 -1
3072 24 1919 -1
3077 4 1919 -1
3081 14 1919 -1
3084 52 1935 -1
3101 2 1919 -1
3142 41 1982 -1
3148 18 1919 -1
3180 23 1990 -1
3200 8 1990 -1
3227 20 1982 -1
3242 4 1919 -1
3258 69 1915 -1
3260 8 1919 -1
3276 60 1990 -1
3352 165 1990 -1
3366 31 1919 -1
3380 33 1982 -1
3388 11 1919 -1
3394 121 1990 1990 -1
3402 88 1990 -1
3450 27 1984 -1
3453 241 1972 -1
3454 124 1990 -1
3456 250 1990 1982 -1
3457 97 1972 -1
3461 49 1984 -1
3479 83 1990 -1
3483 16 1990 -1
3527 47 1915 -1
3541 62 1935 -1
3562 38 1990 -1
3568 128 1990 -1
3593 26 1961 -1
3614 187 1990 -1
3615 113 1915 1990 -1
3624 49 1990 -1
3630 30 1990 -1
3633 26 1915 -1
3634 57 1982 -1
3642 291 1982 1982 1972 -1
3660 67 1990 -1
3665 13 1982 -1
3678 13 1915 -1
3709 7 1990 -1
3724 69 1990 -1
3729 12 1990 -1
3731 12 1915 -1
3787 233 1982 -1
3821 2 1935 -1
3829 1 1935 -1
3830 18 1935 -1
3917 23 1990 -1
3956 55 1990 -1
4001 27 1990 -1
4040 71 1982 -1
4041 54 1972 -1
4044 53 1984 -1
4045 244 1972 -1
4062 4 1990 -1
4063 26 1990 -1
4065 104 1990 -1
4073 90 1990 1972 -1
4074 33 1990 -1
4124 27 1990 -1
4127 42 1984 -1
4138 59 1990 -1
4141 5 1990 -1
4142 30 1990 -1
4148 4 1990 -1
4189 9 1990 -1
4211 39 1990 -1
4351 4 1990 -1
4352 1 1990 -1
4353 69 1990 -1
4354 4 1990 -1
4441 186 1972 1982 -1
4511 9 1984 -1
4536 58 1982 -1
4640 1 1984 -1
4673 68 1972 -1
4748 19 1972 -1
4781 28 1982 -1
4795 66 1982 -1
4813 45 1972 -1
4828 105 1982 -1
4899 160 1972 -1
4948 194 1982 -1
4960 8 1972 -1
4967 317 1972 -1
4989 4 1982 -1
5022 173 1982 -1
5079 240 1972 -1
5173 121 1982 -1
5177 92 1972 1982 -1
5179 212 1982 1982 -1
5185 120 1972 -1
5188 211 1972 -1
5189 237 1972 -1
5196 29 1972 -1
5246 29 1982 -1
5439 39 1982 -1
5524 402 1972 1982 -1
5531 224 1972 -1
5582 105 1972 -1
5696 49 1972 -1
5697 219 1982 1972 1982 -1
5773 63 1982 -1
5796 173 1982 -1
5802 248 1972 1982 -1
5805 10 1972 -1
5811 65 1982 -1
5816 50 1972 -1
5819 52 1982 -1
5822 81 1972 -1
5824 29 1982 -1
5871 51 1982 -1
6023 16 1972 -1
6032 70 1982 1982 -1
6218 47 1982 -1
6248 10 1972 -1
6270 57 1982 -1
6272 80 1982 1982 -1
6305 147 1982 1972 1982 -1
6323 49 1972 -1
6327 71 1982 -1
6394 6 1972 -1
6428 3 1972 -1
6462 1 1972 -1
6504 7 1972 -1
6517 2 1972 -1
6563 54 1982 -1
6615 119 1982 -1
6620 91 1982 -1
6736 31 1982 -1
6772 49 1982 -1
6774 23 1982 -1
6790 10 1982 -1
6949 5 1982 -1
6951 26 1982 -1
6990 1 1982 -1
6991 18 1982 -1
6993 75 1982 -1
7047 133 1982 -1
7056 29 1982 -1
7057 100 1982 -1
7062 3 1982 -1
7080 58 1982 -1
7086 111 1982 -1
7092 75 1982 -1
7218 1 1919 -1
7219 1 1919 -1
7225 24 1982 -1
7266 6 1982 -1
7294 37 1982 -1
7357 5 1982 -1
7378 40 1982 -1
7391 47 1982 -1
7409 10 1982 -1
7421 9 1982 -1
7449 20 1982 -1
7544 10 1982 -1
7675 16 1982 -1
7727 26 1982 -1
7733 42 1982 -1
7744 49 1982 -1
7755 10 1982 -1
7772 15 1982 -1
7774 30 1982 -1
7810 7 1982 -1
7862 8 1982 -1
7884 5 1982 -1
7901 28 1982 -1
7902 18 1982 -1
8047 17 1982 -1
8088 1 1982 -1
8152 10 1982 -1
8173 6 1982 -1
8213 1 1982 -1