3 23 8283 -1
6 258 8282 -1
7 20 8287 -1
8 162 8284 -1
11 733 8287 8290 8290 8291 8291 8293 8286 -1
12 54 8287 -1
14 105 8285 8287 -1
15 42 8287 -1
25 63 8282 -1
26 87 8282 -1
28 110 8284 8285 8282 -1
29 136 8294 -1
31 6 8287 -1
36 231 8282 -1
42 88 8287 -1
44 42 8295 -1
46 58 8287 -1
47 113 8282 8212 8294 -1
56 20 8287 8290 -1
58 35 8237 -1
68 187 8287 -1
74 69 8290 -1
79 28 8287 -1
83 7 8287 -1
86 101 8291 -1
87 164 8287 8212 -1
90 63 8287 -1
99 15 8237 -1
101 12 8287 -1
107 3 8287 -1
108 1 8283 -1
109 166 8237 -1
113 68 8292 -1
121 2 8283 -1
122 193 8293 8294 8293 -1
124 1 8283 -1
125 28 8287 8283 -1
127 83 8293 -1
152 18 8287 -1
154 53 8282 -1
166 77 8294 -1
172 120 8293 8291 8293 -1
173 332 8290 8291 -1
192 16 8283 -1
215 84 8290 8291 8291 -1
311 312 8295 8290 -1
336 28 8287 -1
352 5 8287 -1
364 11 8287 -1
366 11 8287 -1
367 4 8287 -1
425 49 8293 8295 -1
426 26 8287 -1
440 8 8284 -1
454 6 8287 -1
457 640 8295 8291 8219 8212 8226 8249 8224 8290 8209 8293 8292 -1
465 9 8284 -1
472 1 8284 -1
494 3 8287 -1
527 1 8287 -1
528 1 8287 -1
529 1 8287 -1
546 107 8291 8291 8290 -1
600 171 8212 8219 -1
620 10 8289 -1
695 87 8292 -1
710 88 8289 -1
737 120 8212 -1
766 709 8293 8294 -1
784 205 8209 8290 -1
813 261 8293 8294 -1
825 139 8293 -1
826 218 8290 8290 -1
922 147 8290 8290 -1
941 74 8291 -1
974 30 8294 -1
983 1 8288 -1
986 50 8290 8290 -1
988 257 8293 8219 8237 8293 8209 8212 -1
993 233 8290 -1
996 279 8292 8291 8290 -1
1055 139 8294 -1
1062 157 8291 -1
1098 260 8290 8291 8290 -1
1151 460 8291 8290 8290 8292 8291 -1
1166 318 8295 8290 8290 -1
1184 57 8290 -1
1202 68 8290 8291 -1
1207 24 8295 -1
1210 221 8292 -1
1211 66 8290 8294 -1
1259 41 8293 8293 -1
1305 227 8293 8292 -1
1319 185 8291 8290 8290 8290 8291 8291 -1
1350 114 8290 8290 8291 -1
1352 118 8290 -1
1374 385 8294 -1
1395 192 8293 -1
1419 29 8293 -1
1428 159 8290 8290 -1
1480 44 8290 -1
1487 115 8293 8290 -1
1492 159 8290 -1
1496 190 8290 8291 8290 -1
1521 104 8291 8291 8291 -1
1538 75 8290 8290 8290 -1
1542 237 8290 8290 -1
1547 27 8290 -1
1549 522 8293 8293 -1
1555 67 8290 8290 -1
1564 27 8290 -1
1581 1 8292 -1
1587 4 8294 -1
1594 108 8290 -1
1608 344 8293 8294 8291 8293 -1
1612 5 8212 -1
1613 12 8290 -1
1621 76 8290 8290 -1
1623 36 8290 -1
1628 10 8290 -1
1644 46 8290 -1
1661 36 8293 -1
1670 16 8290 8290 -1
1700 48 8290 -1
1717 98 8292 8295 -1
1729 15 8290 -1
1746 7 8291 -1
1749 63 8293 8290 8293 -1
1757 16 8290 -1
1762 37 8297 -1
1766 19 8290 -1
1772 95 8290 8290 8290 8291 8293 -1
1783 58 8290 -1
1796 38 8297 -1
1800 20 8291 -1
1803 20 8290 8290 -1
1808 103 8291 8290 8290 8291 -1
1814 79 8219 8224 8237 -1
1816 10 8290 8290 -1
1820 90 8292 -1
1832 6 8293 -1
1838 54 8294 8290 8293 -1
1857 6 8290 -1
1896 50 8293 8290 8293 8237 -1
1919 113 8291 8291 -1
1922 126 8293 8293 -1
1931 14 8212 -1
1967 31 8290 -1
1972 184 8293 8294 -1
1977 33 8291 -1
1985 57 8290 -1
1990 29 8294 -1
1997 88 8290 -1
2001 37 8290 -1
2003 42 8209 -1
2062 118 8290 8291 -1
2065 45 8290 -1
2072 121 8291 8291 8290 8290 -1
2099 21 8290 -1
2118 114 8290 -1
2120 56 8290 -1
2129 42 8294 8293 -1
2133 122 8290 8291 8290 -1
2144 17 8294 -1
2145 134 8297 8290 -1
2153 4 8291 -1
2156 17 8290 8290 -1
2169 32 8291 8291 8292 8290 -1
2174 49 8291 -1
2223 13 8294 -1
2234 12 8293 8293 8293 -1
2236 75 8291 -1
2237 254 8293 8293 -1
2240 106 8294 8290 8293 8291 8293 8293 -1
2256 125 8291 8293 8294 -1
2277 6 8291 -1
2282 5 8290 -1
2290 95 8293 -1
2297 150 8293 8209 -1
2299 65 8294 -1
2309 3 8293 -1
2326 249 8293 8293 8294 8293 -1
2328 205 8294 8293 8291 -1
2357 12 8290 -1
2369 134 8224 8212 -1
2384 65 8293 8293 8293 -1
2398 56 8293 8293 -1
2411 96 8293 8294 -1
2472 76 8293 8291 -1
2473 83 8291 -1
2485 286 8212 -1
2516 36 8295 -1
2535 24 8293 -1
2541 27 8293 -1
2550 16 8291 -1
2557 77 8292 8290 -1
2559 54 8294 -1
2565 827 8292 8293 8293 8237 8293 8212 8219 8209 -1
2566 6 8292 -1
2567 3 8292 -1
2576 138 8293 8295 -1
2585 46 8293 8294 -1
2593 26 8292 -1
2612 29 8293 -1
2618 50 8294 8293 -1
2623 47 8293 -1
2646 30 8293 -1
2651 216 8293 8294 8293 -1
2653 102 8294 -1
2658 231 8209 8237 8212 8219 -1
2686 120 8293 8293 8293 8295 -1
2688 516 8293 8294 8293 8293 -1
2691 39 8293 -1
2693 132 8295 -1
2695 6 8294 -1
2700 113 8294 -1
2703 42 8293 -1
2713 166 8293 8293 8294 -1
2719 20 8293 -1
2790 145 8293 8293 -1
2791 15 8293 -1
2835 1 8292 -1
2842 93 8294 8293 8293 -1
2851 45 8212 -1
2859 90 8294 -1
2871 165 8294 -1
2872 54 8294 8293 -1
2909 51 8294 -1
2948 23 8293 -1
2964 59 8293 8293 -1
2967 232 8294 8293 8293 -1
2972 271 8295 -1
2974 15 8293 -1
2981 36 8295 -1
2983 18 8224 8237 8212 -1
3010 118 8294 8293 -1
3020 48 8293 -1
3028 99 8294 -1
3046 10 8293 -1
3055 42 8293 -1
3072 24 8293 -1
3084 52 8294 8293 -1
3088 24 8237 -1
3142 41 8209 8219 8212 8237 8249 -1
3159 8 8293 -1
3168 69 8293 -1
3209 32 8293 -1
3216 1 8293 -1
3233 4 8293 8293 -1
3235 2 8293 8293 -1
3276 60 8293 -1
3291 56 8295 8293 -1
3297 39 8293 -1
3304 31 8293 -1
3310 18 8212 -1
3348 16 8297 -1
3380 33 8209 8219 -1
3394 121 8294 -1
3416 1 8293 -1
3417 31 8293 8293 8293 -1
3418 1 8293 -1
3439 69 8295 -1
3447 214 8295 -1
3449 306 8295 -1
3454 124 8293 8294 -1
3456 250 8295 8295 -1
3470 21 8293 -1
3477 45 8294 -1
3490 2 8293 -1
3518 5 8294 -1
3562 38 8294 -1
3568 128 8294 -1
3586 135 8295 -1
3591 12 8294 -1
3615 113 8294 -1
3631 70 8295 -1
3641 194 8294 -1
3642 291 8295 -1
3646 9 8294 -1
3659 32 8293 -1
3660 67 8294 -1
3714 15 8294 -1
3720 9 8294 -1
3728 71 8294 -1
3751 10 8295 -1
3775 10 8294 -1
3787 233 8219 8237 8295 8224 -1
3812 32 8293 -1
3813 72 8294 -1
3814 24 8293 -1
3912 15 8293 -1
3918 4 8294 -1
3949 26 8294 -1
3965 79 8237 8209 8294 -1
3977 13 8294 -1
3991 4 8293 -1
4000 4 8293 -1
4007 9 8294 -1
4025 1 8293 -1
4026 1 8293 -1
4040 71 8219 8212 8294 -1
4045 244 8295 -1
4056 20 8294 -1
4082 15 8294 -1
4221 41 8295 -1
4310 225 8297 -1
4335 28 8297 -1
4347 33 8212 -1
4355 40 8295 -1
4432 8 8212 -1
4441 186 8237 8219 8209 8212 -1
4483 137 8295 8209 -1
4550 81 8295 -1
4632 202 8295 8237 8209 -1
4674 1 8212 -1
4712 91 8297 -1
4795 66 8295 -1
4828 105 8295 -1
4948 194 8212 8209 8237 8219 -1
4967 317 8295 -1
4980 12 8295 -1
5022 173 8295 8297 -1
5079 240 8277 8295 8295 8224 -1
5096 14 8209 -1
5102 48 8212 -1
5103 118 8212 8224 8219 -1
5106 24 8212 -1
5173 121 8224 8209 8204 -1
5176 100 8295 -1
5177 92 8295 -1
5179 212 8295 -1
5185 120 8219 8237 8297 -1
5188 211 8295 -1
5189 237 8209 8224 -1
5190 56 8295 -1
5194 9 8295 -1
5243 11 8295 -1
5301 42 8295 -1
5324 12 8295 -1
5342 22 8209 -1
5378 13 8219 8209 8237 -1
5427 34 8295 -1
5452 18 8295 -1
5457 20 8295 -1
5482 12 8212 -1
5524 402 8297 8209 8295 8224 8219 -1
5531 224 8295 8297 -1
5534 11 8295 -1
5582 105 8297 -1
5624 20 8295 -1
5644 13 8295 -1
5655 48 8249 -1
5691 49 8295 -1
5696 49 8295 -1
5741 9 8224 -1
5768 11 8295 -1
5776 9 8295 -1
5800 182 8249 8219 -1
5802 248 8209 8297 8212 8219 -1
5806 45 8224 -1
5811 65 8295 -1
5812 42 8295 -1
5814 106 8295 -1
5816 50 8297 -1
5822 81 8295 -1
5829 11 8295 -1
5836 8 8295 -1
5857 62 8212 -1
5862 24 8295 -1
5871 51 8295 -1
5872 25 8212 -1
5932 35 8295 -1
5966 4 8219 -1
6000 8 8276 -1
6006 47 8224 8209 -1
6072 45 8224 8212 -1
6220 13 8297 -1
6227 2 8212 -1
6229 18 8212 -1
6241 64 8212 8219 -1
6270 57 8295 -1
6271 8 8295 -1
6272 80 8295 -1
6273 1 8295 -1
6299 70 8297 -1
6305 147 8219 -1
6327 71 8297 -1
6443 51 8224 -1
6577 10 8297 -1
6596 137 8219 8237 8209 8212 -1
6766 16 8224 -1
6875 15 8212 -1
6885 13 8249 -1
6907 183 8237 8209 8219 -1
6916 30 8219 8235 -1
6924 12 8237 -1
6951 26 8249 -1
7043 9 8219 -1
7047 133 8277 8237 8209 8263 8212 -1
7053 19 8224 -1
7056 29 8209 -1
7057 100 8237 8209 8224 -1
7086 111 8209 8237 8219 8212 8224 -1
7198 5 8219 -1
7238 9 8212 -1
7280 71 8209 -1
7335 13 8276 -1
7350 20 8224 -1
7357 5 8219 -1
7391 47 8212 8209 8249 -1
7393 10 8237 -1
7449 20 8219 -1
7564 30 8219 -1
7675 16 8212 -1
7679 21 8219 -1
7682 15 8209 -1
7685 13 8219 -1
7695 3 8224 -1
7744 49 8249 8209 8263 8219 -1
7772 15 8212 8237 -1
7774 30 8209 8212 -1
7810 7 8224 -1
7865 22 8212 -1
7901 28 8224 8219 8212 8209 -1
7902 18 8209 -1
7906 3 8212 8219 -1
8046 14 8246 8249 8212 -1
8047 17 8219 8237 -1
8051 5 8219 8237 -1
8053 17 8263 8209 8237 8219 8249 -1
8092 4 8219 -1
8152 10 8212 8209 -1
8204 2 8212 -1
8211 10 8237 8212 -1
8221 1 8219 -1
8222 5 8224 -1
8236 1 8237 -1
8248 1 8249 -1