11 733 4417 4422 4485 4424 4463 -1
27 89 4400 4448 -1
36 231 4483 -1
68 187 4485 4453 -1
87 164 4453 4400 -1
109 166 4401 4483 -1
110 59 4435 -1
122 193 4422 4400 4453 4417 -1
127 83 4424 -1
136 64 4412 -1
166 77 4463 -1
178 52 4483 -1
270 14 4432 -1
291 30 4466 -1
310 236 4482 4471 -1
311 312 4435 -1
371 117 4424 -1
432 155 4400 -1
449 4 4400 -1
457 640 4441 4483 4400 4401 4412 4448 4488 4482 -1
546 107 4424 4463 -1
634 106 4400 -1
663 133 4485 4424 4400 -1
667 18 4463 -1
737 120 4401 4432 -1
742 85 4424 -1
749 62 4400 -1
766 709 4485 4435 4453 4463 4400 4422 4482 4448 4488 -1
784 205 4424 -1
789 209 4400 4448 4482 -1
798 12 4417 4424 -1
813 261 4402 -1
816 25 4463 -1
825 139 4463 4417 -1
879 108 4485 4463 4448 -1
947 21 4400 -1
988 257 4401 4432 -1
993 233 4424 -1
996 279 4448 4400 4424 -1
1006 130 4422 -1
1041 31 4453 -1
1043 20 4424 -1
1051 48 4453 -1
1075 59 4448 -1
1098 260 4483 4401 -1
1111 42 4400 -1
1128 10 4424 -1
1132 42 4424 -1
1133 282 4422 4400 4424 4485 4463 4417 4482 4448 -1
1142 28 4400 -1
1151 460 4422 4435 -1
1166 318 4483 -1
1179 8 4463 -1
1193 23 4463 -1
1210 221 4424 4400 -1
1228 9 4463 -1
1236 98 4463 -1
1285 24 4463 -1
1286 55 4432 -1
1374 385 4448 4435 -1
1375 3 4480 -1
1468 19 4424 -1
1470 115 4400 -1
1492 159 4422 -1
1496 190 4400 4463 -1
1522 90 4400 4424 -1
1542 237 4485 4483 4422 4448 -1
1549 522 4400 4463 -1
1661 36 4482 -1
1691 47 4435 -1
1701 98 4483 -1
1717 98 4453 -1
1748 37 4463 4424 -1
1762 37 4412 4441 -1
1767 75 4453 -1
1796 38 4483 -1
1814 79 4422 -1
1835 55 4424 -1
1847 46 4400 -1
1972 184 4448 -1
1985 57 4485 -1
2001 37 4448 -1
2047 1 4463 -1
2109 27 4463 4424 -1
2118 114 4448 4463 4400 -1
2129 42 4424 4463 -1
2135 143 4463 4448 -1
2145 134 4485 4424 4400 -1
2223 13 4401 -1
2237 254 4422 4453 4424 4448 4485 4463 4417 -1
2240 106 4471 -1
2256 125 4400 -1
2264 51 4417 -1
2276 21 4400 -1
2297 150 4400 -1
2298 26 4417 4424 -1
2299 65 4448 -1
2323 54 4400 -1
2326 249 4402 4424 4417 4480 4468 -1
2328 205 4483 -1
2364 10 4424 -1
2369 134 4432 4448 -1
2379 46 4480 -1
2387 52 4448 4400 -1
2410 27 4400 -1
2411 96 4412 -1
2440 43 4400 -1
2452 29 4401 -1
2485 286 4432 4485 -1
2504 82 4485 4400 -1
2535 24 4480 -1
2542 73 4463 -1
2547 64 4453 -1
2549 63 4482 -1
2559 54 4453 -1
2565 827 4453 4435 4401 4463 4488 4448 4485 4482 4400 4424 4417 4422 4432 -1
2585 46 4448 -1
2599 9 4400 -1
2605 58 4483 -1
2609 6 4482 -1
2646 30 4422 -1
2651 216 4424 4485 4448 4400 4422 4463 -1
2658 231 4417 4471 4463 4424 4482 4401 4435 -1
2660 148 4424 4485 4463 -1
2667 93 4483 -1
2686 120 4483 -1
2688 516 4488 4485 4463 4400 4448 4417 4453 4424 4482 -1
2689 34 4435 -1
2693 132 4448 -1
2707 100 4417 4422 4463 -1
2713 166 4417 4422 4463 4424 4485 -1
2727 35 4400 -1
2747 65 4485 -1
2790 145 4400 4448 -1
2832 27 4424 4485 4422 -1
2842 93 4485 -1
2851 45 4432 -1
2859 90 4402 4468 4412 4463 -1
2871 165 4482 4400 -1
2883 18 4448 -1
2912 26 4463 -1
2932 50 4463 -1
2935 30 4466 -1
2940 91 4485 -1
2951 14 4463 -1
2958 48 4400 -1
2964 59 4424 -1
2967 232 4453 4422 4485 -1
2972 271 4485 4448 4482 4400 4453 4422 -1
2983 18 4432 -1
2988 56 4483 4488 -1
3009 38 4400 4422 -1
3010 118 4400 -1
3026 151 4453 4448 -1
3028 99 4485 -1
3032 205 4432 4417 4424 4483 4453 4463 -1
3034 38 4463 -1
3041 14 4483 -1
3088 24 4432 -1
3092 52 4448 4400 -1
3103 3 4485 -1
3108 8 4485 -1
3109 4 4400 -1
3142 41 4432 -1
3168 69 4463 4424 -1
3188 8 4424 -1
3191 55 4400 -1
3209 32 4482 -1
3258 69 4453 4463 4424 -1
3274 60 4483 4485 4448 -1
3291 56 4424 -1
3297 39 4401 -1
3350 55 4448 4485 -1
3352 165 4482 4400 4422 4485 4417 4448 -1
3366 31 4448 -1
3378 37 4463 -1
3381 177 4488 -1
3394 121 4402 4424 4400 -1
3402 88 4463 4400 -1
3404 73 4448 4482 -1
3417 31 4448 -1
3445 15 4422 -1
3447 214 4483 4448 4400 -1
3449 306 4485 4422 4482 4463 4466 4448 4483 4453 4400 -1
3451 49 4422 -1
3452 91 4424 4400 -1
3453 241 4463 4417 4485 4400 4482 4448 4488 -1
3454 124 4463 4485 4412 -1
3456 250 4483 4402 4417 4453 4463 4424 4422 4448 4485 4400 -1
3457 97 4422 4417 -1
3458 61 4483 -1
3459 73 4448 4400 -1
3460 17 4463 -1
3463 54 4485 4466 -1
3469 21 4485 -1
3479 83 4422 4483 4485 -1
3496 7 4485 -1
3519 49 4400 4448 -1
3521 23 4453 4485 4482 -1
3541 62 4424 4417 -1
3560 12 4402 4463 4485 -1
3568 128 4448 4417 4483 -1
3571 39 4463 -1
3586 135 4435 4483 4401 -1
3601 41 4400 -1
3614 187 4483 4400 4448 4482 4422 -1
3615 113 4485 4463 4417 4422 -1
3624 49 4448 4485 4422 -1
3631 70 4424 -1
3634 57 4448 -1
3635 33 4453 -1
3641 194 4400 4488 -1
3642 291 4488 4483 -1
3645 34 4463 4417 4422 -1
3658 38 4448 -1
3659 32 4417 4424 -1
3660 67 4422 4463 4485 -1
3666 125 4422 4448 -1
3691 70 4424 4448 -1
3724 69 4424 4422 4463 4412 4485 -1
3728 71 4400 4417 4463 -1
3731 12 4480 4453 -1
3762 8 4453 -1
3777 7 4424 4417 4413 -1
3787 233 4400 4483 -1
3796 107 4482 -1
3798 18 4485 -1
3806 31 4417 4463 -1
3812 32 4448 -1
3813 72 4463 4424 -1
3843 7 4448 -1
3854 79 4485 -1
3897 7 4485 -1
3917 23 4485 4422 -1
3956 55 4463 -1
3958 16 4485 -1
3960 11 4453 -1
3969 58 4485 -1
3992 2 4463 -1
3995 53 4448 4482 -1
4008 7 4448 -1
4036 139 4488 -1
4040 71 4400 -1
4044 53 4485 -1
4045 244 4417 4463 4485 -1
4056 20 4453 4424 4463 -1
4065 104 4463 4485 4424 4417 4422 -1
4066 5 4480 -1
4068 6 4448 -1
4070 56 4422 4482 4448 4400 4463 4424 -1
4071 15 4483 -1
4073 90 4448 4400 -1
4074 33 4424 4402 4417 -1
4077 63 4400 4448 -1
4098 7 4485 -1
4099 101 4483 -1
4111 10 4422 4424 -1
4127 42 4463 4424 4402 -1
4137 6 4402 -1
4138 59 4422 4424 4453 4463 4417 4485 -1
4142 30 4424 4422 -1
4147 2 4463 -1
4151 79 4422 4400 4463 -1
4152 34 4485 -1
4191 14 4400 -1
4194 1 4485 -1
4199 5 4463 -1
4211 39 4417 -1
4212 30 4483 4448 -1
4214 8 4422 4424 -1
4219 101 4401 4400 -1
4221 41 4483 -1
4222 28 4463 -1
4232 2 4485 -1
4276 47 4400 -1
4297 32 4400 -1
4310 225 4400 4448 4483 -1
4317 3 4402 -1
4320 2 4417 -1
4322 1 4402 -1
4324 8 4402 -1
4325 2 4424 -1
4329 9 4463 -1
4335 28 4485 4448 -1
4347 33 4435 -1
4353 69 4448 4400 -1
4355 40 4448 4400 4483 -1
4363 13 4463 4453 -1
4364 14 4432 4400 -1
4383 3 4401 -1
4393 1 4402 -1
4394 1 4402 -1
4395 1 4402 -1
4396 1 4402 -1
4397 1 4402 -1
4398 8 4402 4401 4400 -1
4412 2 4417 -1
4414 1 4417 -1
4415 15 4417 -1
4416 5 4417 -1
4429 9 4485 -1
4438 4 4400 -1
4441 186 4483 4448 4400 4482 4435 4401 -1
4448 32 4400 -1
4449 1 4453 -1
4450 1 4453 -1
4458 2 4463 -1
4459 4 4463 -1
4460 1 4463 -1
4461 1 4463 -1
4462 1 4463 -1
4464 1 4422 -1
4465 2 4422 -1
4468 8 4448 -1
4470 1 4471 -1
4473 1 4480 -1
4474 2 4480 -1
4475 1 4480 -1
4482 6 4485 -1
4483 137 4485 -1
4488 35 4400 -1
4550 81 4448 4400 -1
4564 30 4448 -1
4566 2 4400 -1
4576 8 4448 -1
4587 25 4448 4483 -1
4598 34 4401 -1
4600 15 4400 -1
4632 202 4482 4435 4483 -1
4653 80 4482 4448 4400 -1
4673 68 4483 -1
4712 91 4483 -1
4715 8 4400 -1
4717 57 4483 4448 -1
4718 31 4482 -1
4726 12 4448 -1
4748 19 4468 -1
4764 52 4488 -1
4792 45 4400 -1
4795 66 4432 4401 -1
4828 105 4482 4448 4488 -1
4829 57 4400 4482 4448 -1
4846 24 4400 4448 -1
4894 34 4483 4448 -1
4899 160 4483 4400 4448 4482 -1
4948 194 4448 4401 4435 4482 4400 4432 -1
4964 51 4448 -1
4967 317 4483 4488 4400 4448 4482 -1
4970 6 4482 -1
4976 20 4482 -1
5002 116 4483 4448 4400 -1
5013 6 4448 -1
5020 45 4400 4482 -1
5022 173 4488 -1
5029 21 4400 -1
5048 5 4488 -1
5079 240 4401 4468 4400 4448 4483 -1
5103 118 4483 4401 4435 -1
5106 24 4400 -1
5110 84 4483 4400 4448 -1
5125 16 4483 -1
5140 50 4448 4482 -1
5142 4 4448 -1
5150 14 4400 -1
5155 16 4448 4482 4468 4400 -1
5171 40 4483 -1
5173 121 4432 -1
5176 100 4400 -1
5177 92 4483 -1
5179 212 4483 -1
5184 64 4400 4482 4448 -1
5185 120 4483 4488 -1
5188 211 4488 4483 -1
5189 237 4448 4483 4400 -1
5190 56 4448 4400 -1
5194 9 4483 -1
5199 19 4483 -1
5200 14 4448 4432 -1
5203 12 4400 -1
5217 17 4448 -1
5243 11 4400 -1
5246 29 4400 -1
5255 4 4448 -1
5263 74 4448 -1
5282 4 4400 -1
5285 20 4448 -1
5295 23 4400 -1
5296 15 4400 -1
5301 42 4483 -1
5313 11 4448 -1
5314 1 4448 -1
5315 1 4448 -1
5316 22 4448 -1
5317 10 4448 -1
5378 13 4401 -1
5380 2 4400 -1
5381 3 4400 -1
5382 19 4400 -1
5384 1 4400 -1
5385 1 4400 -1
5386 3 4400 -1
5387 1 4400 -1
5423 36 4483 -1
5439 39 4488 -1
5487 23 4435 -1
5524 402 4488 4432 4483 4435 -1
5531 224 4412 4488 -1
5543 128 4488 4483 -1
5684 17 4483 -1
5691 49 4483 -1
5697 219 4483 4401 4488 4412 -1
5708 7 4483 -1
5775 39 4435 -1
5796 173 4483 4488 -1
5802 248 4483 4435 4401 4488 -1
5804 22 4483 -1
5811 65 4488 4412 -1
5814 106 4401 4432 -1
5817 30 4483 -1
5818 40 4432 4483 4401 4488 -1
5823 13 4412 -1
5857 62 4432 -1
5859 7 4401 -1
5915 39 4435 -1
5920 9 4435 -1
5922 7 4432 -1
5961 9 4483 -1
5969 5 4435 -1
5981 6 4483 -1
6006 47 4483 -1
6020 23 4435 -1
6032 70 4432 -1
6047 4 4488 -1
6123 18 4488 -1
6212 3 4435 -1
6218 47 4401 -1
6243 32 4483 -1
6286 3 4483 -1
6323 49 4483 -1
6325 5 4483 -1
6326 2 4483 -1
6359 72 4488 -1
6380 4 4401 -1
6383 3 4483 -1
6458 22 4488 -1
6522 21 4488 -1
6560 42 4435 4401 -1
6596 137 4432 4401 4435 -1
6615 119 4488 -1
6624 122 4435 -1
6649 23 4488 -1
6736 31 4488 4401 -1
6766 16 4401 -1
6772 49 4488 -1
6867 4 4488 -1
6875 15 4432 -1
6907 183 4432 4401 -1
6918 23 4435 -1
6951 26 4401 4432 -1
6993 75 4435 -1
7047 133 4401 4435 4432 -1
7049 27 4435 -1
7052 114 4435 -1
7053 19 4401 -1
7057 100 4401 -1
7086 111 4401 4432 -1
7198 5 4401 -1
7231 87 4435 -1
7238 9 4432 -1
7241 18 4432 -1
7280 71 4432 4401 -1
7376 4 4435 -1
7386 14 4401 -1
7391 47 4401 -1
7578 24 4435 -1
7685 13 4401 -1
7733 42 4401 4432 -1
7744 49 4401 4432 -1
7766 13 4435 -1
7772 15 4432 -1
7835 2 4435 -1
7856 7 4435 4432 -1
7884 5 4401 -1
7901 28 4401 4432 -1
7902 18 4432 -1
8005 2 4401 -1
8046 14 4432 4401 -1
8047 17 4432 4401 -1
8050 6 4432 -1
8085 16 4401 4432 -1
8107 11 4432 -1
8211 10 4401 4432 -1
8222 5 4401 -1
8227 1 4401 -1
8241 2 4432 -1
8242 1 4432 -1
8243 3 4432 -1