11 733 4261 4290 4263 4289 4269 4201 4256 4299 4266 4212 4247 4297 -1
12 54 4233 -1
14 105 4247 -1
24 270 4261 4276 -1
36 231 4201 -1
42 88 4261 -1
68 187 4290 4201 4212 -1
86 101 4247 4247 -1
122 193 4201 4263 4266 4247 4289 -1
166 77 4233 -1
178 52 4297 -1
182 59 4256 -1
203 26 4276 -1
265 30 4266 -1
291 30 4233 4261 4201 4266 -1
306 215 4299 4290 -1
308 144 4233 -1
319 193 4297 -1
335 48 4234 -1
336 28 4289 -1
346 27 4266 -1
432 155 4261 -1
457 640 4231 4233 4297 4256 4247 4269 4263 -1
467 7 4247 -1
549 3 4256 -1
556 117 4276 -1
582 29 4212 4261 -1
600 171 4276 -1
601 9 4234 -1
635 52 4261 -1
663 133 4269 -1
695 87 4201 -1
697 85 4266 4212 -1
742 85 4234 4261 -1
749 62 4289 -1
764 22 4269 -1
766 709 4299 4247 4297 4290 4212 4289 4266 4269 4263 4261 4256 -1
784 205 4263 4256 -1
788 52 4201 -1
789 209 4219 4266 4297 4212 -1
795 57 4289 4297 -1
805 82 4289 -1
813 261 4290 4269 4289 4263 4256 -1
816 25 4289 -1
825 139 4261 -1
865 45 4276 -1
879 108 4290 4212 4266 4261 -1
947 21 4297 -1
956 40 4201 -1
988 257 4256 4290 -1
993 233 4256 -1
996 279 4289 4266 -1
1009 43 4263 -1
1037 50 4266 -1
1062 157 4269 4263 4256 -1
1064 14 4212 -1
1075 59 4276 -1
1097 93 4256 4247 4247 -1
1111 42 4247 -1
1127 58 4297 -1
1133 282 4299 4247 4263 4289 4297 4269 4212 4256 4290 4261 -1
1137 104 4256 -1
1151 460 4234 4247 4247 4212 -1
1166 318 4201 4247 4299 4256 4297 4266 4247 -1
1184 57 4212 4261 -1
1210 221 4290 4289 -1
1211 66 4256 -1
1228 9 4299 -1
1236 98 4263 -1
1247 69 4299 -1
1305 227 4263 -1
1353 24 4276 -1
1356 18 4201 -1
1357 84 4256 -1
1374 385 4276 4247 4233 4269 -1
1395 192 4263 4261 -1
1462 30 4233 4247 -1
1466 24 4247 -1
1468 19 4212 -1
1470 115 4297 -1
1471 45 4263 -1
1473 70 4266 -1
1496 190 4261 -1
1522 90 4247 4256 4263 -1
1542 237 4233 4297 4247 -1
1549 522 4247 4266 4276 4247 4261 4263 4256 4289 -1
1552 50 4266 -1
1566 42 4256 -1
1596 31 4256 -1
1608 344 4234 4247 4247 4290 4256 -1
1621 76 4290 -1
1661 36 4269 -1
1691 47 4247 -1
1701 98 4276 -1
1767 75 4247 4247 4290 -1
1803 20 4297 -1
1807 6 4247 -1
1808 103 4256 -1
1814 79 4299 -1
1823 45 4247 -1
1835 55 4247 -1
1838 54 4233 4201 -1
1874 2 4276 -1
1875 26 4269 4289 -1
1891 23 4256 -1
1896 50 4266 -1
1922 126 4297 -1
1937 6 4276 -1
1972 184 4201 -1
1990 29 4233 -1
2009 46 4289 -1
2033 13 4276 -1
2109 27 4266 4247 -1
2118 114 4297 4299 4201 -1
2120 56 4261 -1
2129 42 4290 4234 4299 -1
2134 13 4299 4290 4256 4289 -1
2135 143 4266 4234 -1
2145 134 4289 4234 4266 -1
2174 49 4269 -1
2186 57 4269 -1
2210 16 4233 -1
2226 23 4266 -1
2237 254 4266 4263 4212 4256 4261 4234 4276 4299 4290 4289 4269 -1
2240 106 4256 -1
2256 125 4247 4201 -1
2264 51 4247 4261 4247 4234 -1
2297 150 4233 4269 4263 4299 -1
2298 26 4289 4269 -1
2326 249 4247 4256 4201 4298 4233 4290 4297 4269 4263 -1
2328 205 4256 4247 4269 -1
2356 57 4290 4269 -1
2369 134 4297 4219 -1
2371 93 4256 -1
2375 32 4289 -1
2379 46 4201 4269 4247 4233 -1
2381 37 4201 4269 -1
2384 65 4247 4201 4247 4289 -1
2411 96 4233 4247 4299 -1
2440 43 4261 -1
2475 2 4261 -1
2485 286 4290 4212 4256 4247 4266 -1
2488 20 4201 -1
2496 1 4261 -1
2504 82 4256 4263 -1
2506 28 4289 -1
2510 69 4256 -1
2535 24 4233 -1
2542 73 4247 4261 4233 -1
2547 64 4297 4266 -1
2557 77 4220 4298 -1
2560 89 4289 4256 -1
2564 49 4247 4297 -1
2565 827 4247 4297 4266 4233 4290 4297 4256 4201 4269 4299 4212 4234 4263 4261 4289 -1
2595 42 4276 -1
2611 8 4261 -1
2612 29 4290 -1
2645 5 4289 -1
2651 216 4256 4269 4263 4201 4299 4266 4290 4261 -1
2653 102 4256 4299 -1
2654 56 4233 -1
2655 30 4201 -1
2657 35 4299 -1
2658 231 4289 -1
2660 148 4261 -1
2667 93 4247 -1
2688 516 4266 4299 4297 4233 4212 4263 4256 4247 4261 4247 4269 -1
2689 34 4247 -1
2693 132 4201 4263 4247 4290 -1
2696 61 4261 4256 -1
2697 45 4256 4290 -1
2699 63 4212 4266 4219 -1
2700 113 4201 4269 4263 4256 4290 -1
2702 39 4247 -1
2704 40 4263 -1
2707 100 4297 4289 -1
2713 166 4256 4201 4247 4289 4233 4297 4269 4263 4299 4234 -1
2727 35 4256 -1
2747 65 4247 4233 -1
2774 45 4261 -1
2775 36 4266 -1
2832 27 4299 4289 4234 4264 -1
2842 93 4256 -1
2859 90 4297 4256 4290 4234 -1
2871 165 4261 4256 4212 4263 4297 -1
2883 18 4247 -1
2900 28 4247 -1
2932 50 4266 4261 -1
2940 91 4201 -1
2958 48 4256 4290 4299 -1
2964 59 4290 4256 4269 4263 4289 -1
2967 232 4261 4289 4269 4247 4256 4219 4201 4234 4297 4233 4212 4266 4263 4290 -1
2972 271 4266 4263 4269 4299 4247 4219 4212 4261 4297 -1
2988 56 4256 -1
2989 10 4256 -1
3024 47 4256 -1
3026 151 4256 4261 -1
3027 31 4247 4247 -1
3028 99 4256 4297 4201 -1
3032 205 4247 4289 4290 4247 4233 4299 4297 4266 4269 -1
3034 38 4212 -1
3057 36 4266 4261 -1
3059 34 4256 -1
3090 10 4201 -1
3144 66 4261 4212 -1
3145 17 4297 4263 4299 -1
3148 18 4263 4266 -1
3168 69 4290 -1
3173 6 4256 -1
3188 8 4234 4256 -1
3190 4 4276 -1
3191 55 4247 4219 -1
3192 39 4256 -1
3225 13 4256 -1
3227 20 4261 -1
3249 3 4263 4247 -1
3258 69 4233 -1
3274 60 4266 -1
3276 60 4233 4269 4289 4290 4256 -1
3290 29 4212 -1
3292 8 4201 -1
3334 11 4290 4299 -1
3350 55 4261 4299 -1
3352 165 4266 4256 4289 4269 4234 4299 4263 -1
3367 3 4263 -1
3373 12 4269 4263 -1
3375 36 4299 -1
3394 121 4297 4256 4297 4290 4289 4299 -1
3402 88 4299 4261 -1
3404 73 4289 -1
3433 8 4212 -1
3439 69 4269 -1
3445 15 4247 -1
3447 214 4266 4261 4212 -1
3449 306 4212 4297 4299 4247 4261 -1
3451 49 4212 4234 4201 4269 4289 4263 -1
3452 91 4212 4297 4266 -1
3453 241 4297 4299 4266 4212 4261 -1
3454 124 4297 4289 4269 4263 4290 4261 4212 4299 -1
3455 59 4297 4212 -1
3456 250 4263 4297 4290 4289 4269 4256 4299 -1
3457 97 4290 -1
3461 49 4269 4297 4266 -1
3462 36 4266 4212 -1
3463 54 4261 4266 4212 -1
3469 21 4201 -1
3478 42 4289 -1
3479 83 4289 4263 4299 4269 -1
3480 12 4201 -1
3519 49 4247 4263 -1
3541 62 4256 -1
3560 12 4299 -1
3562 38 4256 -1
3568 128 4201 4261 4297 4256 4269 4233 4299 4263 4289 -1
3571 39 4289 -1
3591 12 4299 -1
3593 26 4247 -1
3601 41 4297 -1
3614 187 4233 4290 4256 4297 -1
3615 113 4256 4233 4290 4263 4299 -1
3624 49 4290 4299 -1
3625 4 4201 -1
3630 30 4299 -1
3631 70 4290 4297 4233 -1
3633 26 4201 -1
3634 57 4247 4212 -1
3635 33 4256 4247 4201 -1
3639 11 4261 -1
3641 194 4247 4247 4298 4297 4269 -1
3642 291 4247 4201 -1
3643 35 4298 -1
3645 34 4263 4299 -1
3659 32 4289 4297 4263 -1
3660 67 4299 4234 4297 4256 4201 -1
3661 28 4289 -1
3666 125 4266 4256 -1
3667 5 4201 -1
3682 20 4256 -1
3691 70 4201 4234 4233 -1
3719 14 4290 4299 -1
3724 69 4299 4289 4263 4233 4247 4201 4256 4269 -1
3728 71 4261 4289 4201 -1
3743 8 4297 -1
3748 26 4299 4261 4256 -1
3782 2 4256 -1
3787 233 4266 4247 4263 4290 -1
3794 44 4297 4247 -1
3796 107 4297 4212 4261 4266 -1
3803 8 4212 -1
3804 4 4201 -1
3806 31 4263 4299 4290 -1
3813 72 4256 4263 4269 -1
3814 24 4269 4299 -1
3819 9 4233 4235 -1
3854 79 4256 4297 -1
3877 10 4266 -1
3902 16 4212 4261 -1
3912 15 4269 4247 4263 -1
3917 23 4263 -1
3945 2 4266 -1
3948 10 4233 4297 4263 -1
3955 2 4233 -1
3956 55 4261 -1
3958 16 4269 -1
3965 79 4299 4269 -1
3969 58 4261 4266 -1
3973 20 4201 4256 4263 4289 4290 4269 -1
3976 43 4212 -1
3977 13 4256 -1
3985 26 4261 -1
4001 27 4261 4219 4220 -1
4007 9 4269 -1
4020 6 4263 4256 -1
4037 7 4256 -1
4040 71 4266 -1
4041 54 4266 -1
4042 21 4233 4201 4247 -1
4044 53 4297 4261 4266 -1
4045 244 4299 4261 4212 4297 4266 -1
4046 40 4212 -1
4056 20 4234 -1
4063 26 4299 -1
4065 104 4269 4201 4299 4290 4263 -1
4070 56 4299 4297 -1
4073 90 4256 4266 4297 4298 -1
4074 33 4297 -1
4076 52 4263 4256 4290 4201 4212 4269 4266 4233 -1
4077 63 4247 4266 -1
4093 1 4235 -1
4098 7 4266 4269 4201 -1
4111 10 4269 4256 4263 4290 -1
4123 23 4256 4247 4263 4269 -1
4124 27 4247 4290 -1
4127 42 4256 4298 -1
4128 9 4237 4256 -1
4136 27 4233 4269 4247 4201 4256 4216 4290 4263 -1
4137 6 4256 -1
4138 59 4289 4234 4256 4299 4290 -1
4141 5 4299 -1
4142 30 4289 4299 4256 4290 -1
4144 38 4289 4256 -1
4151 79 4234 4247 -1
4152 34 4233 4266 4297 -1
4159 2 4220 -1
4162 15 4263 4289 4269 4290 -1
4189 9 4298 -1
4199 5 4247 4233 -1
4200 4 4201 -1
4202 1 4201 -1
4203 1 4201 -1
4204 2 4201 -1
4205 2 4297 4201 -1
4206 1 4201 -1
4208 1 4247 -1
4211 39 4234 4297 4212 4261 -1
4214 8 4234 -1
4219 101 4266 4261 4212 4297 -1
4224 5 4266 -1
4228 3 4231 -1
4229 4 4263 4269 -1
4232 2 4233 -1
4240 2 4247 4247 -1
4241 1 4247 -1
4242 1 4247 -1
4252 5 4299 -1
4255 9 4263 4297 4266 -1
4259 1 4263 -1
4260 1 4263 -1
4261 23 4212 4266 4263 -1
4266 11 4269 -1
4267 1 4269 -1
4273 19 4256 4299 -1
4276 47 4247 -1
4282 5 4256 -1
4283 1 4256 -1
4284 1 4256 -1
4285 2 4256 -1
4291 4 4290 -1
4292 4 4290 -1
4295 16 4299 4297 -1
4296 1 4299 -1
4297 32 4299 -1
4298 10 4261 4299 -1
4310 225 4247 -1
4315 19 4297 4297 -1
4329 9 4219 -1
4342 8 4212 -1
4371 4 4219 -1
4415 15 4220 -1
4428 12 4297 -1
4431 4 4261 -1
4433 17 4261 -1
4437 33 4261 -1
4441 186 4297 4219 -1
4442 15 4297 4266 -1
4455 16 4297 -1
4458 2 4220 -1
4467 1 4234 -1
4468 8 4234 -1
4477 1 4261 -1
4509 11 4297 -1
4511 9 4212 4266 -1
4536 58 4297 4219 -1
4547 41 4298 -1
4550 81 4247 -1
4564 30 4297 -1
4581 3 4297 -1
4587 25 4212 4261 -1
4588 9 4266 4261 -1
4632 202 4261 4212 4297 -1
4633 11 4261 4212 -1
4635 1 4220 -1
4661 19 4261 -1
4666 23 4247 -1
4682 14 4261 4298 -1
4687 19 4266 -1
4688 59 4266 4212 4261 -1
4692 1 4261 -1
4693 2 4261 -1
4694 1 4261 -1
4695 1 4261 -1
4696 1 4261 -1
4697 1 4261 -1
4698 1 4261 -1
4699 1 4261 -1
4700 1 4261 -1
4701 1 4261 -1
4702 1 4261 -1
4703 1 4261 -1
4704 1 4261 -1
4705 3 4261 -1
4706 3 4266 4261 -1
4707 1 4261 -1
4708 1 4261 -1
4709 24 4261 -1
4710 7 4261 -1
4711 1 4261 -1
4712 91 4247 -1
4726 12 4219 -1
4755 1 4266 -1
4756 32 4266 -1
4757 6 4266 -1
4774 12 4212 -1
4798 3 4212 -1
4818 15 4219 -1
4843 12 4247 -1
4862 1 4276 -1
4899 160 4247 4297 -1
4943 31 4297 -1
4948 194 4297 -1
4964 51 4297 -1
4966 25 4297 -1
4967 317 4297 4247 -1
4988 22 4247 -1
4993 3 4297 -1
5039 7 4297 -1
5071 1 4297 -1
5079 240 4219 4247 -1
5099 9 4276 -1
5119 18 4247 -1
5173 121 4247 -1
5175 20 4247 -1
5176 100 4247 -1
5179 212 4247 4276 -1
5181 29 4247 -1
5184 64 4247 -1
5188 211 4247 -1
5189 237 4247 -1
5190 56 4247 -1
5598 1 4247 -1
5599 1 4247 -1
5600 5 4247 -1
5612 38 4276 -1
5691 49 4211 -1
5787 29 4276 -1