3 23 182 152 178 108 -1
5 17 175 163 127 153 167 168 -1
6 258 182 154 132 127 178 151 135 140 163 168 183 -1
8 162 151 163 183 182 152 127 150 178 140 175 154 132 135 168 -1
9 71 168 151 135 -1
10 70 135 105 154 163 183 175 168 132 -1
11 733 163 154 183 178 171 171 151 127 105 168 132 -1
13 8 178 -1
14 105 182 183 178 150 152 127 -1
15 42 152 105 -1
17 37 135 127 108 183 -1
19 38 168 182 183 132 151 151 154 163 127 -1
20 153 105 132 140 135 182 183 151 168 -1
21 77 135 150 105 140 168 183 -1
23 48 127 183 168 135 175 163 -1
24 270 132 150 -1
25 63 182 152 -1
26 87 183 168 152 151 154 132 135 163 140 182 127 -1
27 89 183 140 182 135 132 152 -1
28 110 132 150 178 163 154 152 151 127 182 135 -1
29 136 183 150 154 127 140 151 105 152 151 -1
33 20 183 127 178 140 -1
35 64 151 132 135 183 152 -1
36 231 152 -1
37 21 168 -1
38 12 152 182 -1
39 39 182 163 135 168 127 152 -1
41 30 140 151 183 -1
42 88 105 178 -1
43 4 182 -1
44 42 154 -1
46 58 182 150 132 152 -1
47 113 163 140 151 152 127 168 182 178 135 154 -1
48 17 168 -1
50 12 154 -1
51 12 175 -1
55 53 152 135 -1
56 20 192 152 175 105 -1
58 35 127 163 154 132 183 -1
59 94 168 167 152 -1
66 41 183 152 -1
67 12 178 132 -1
68 187 127 -1
71 68 168 151 -1
72 113 182 178 -1
74 69 154 178 -1
75 24 152 154 -1
77 23 175 -1
80 55 151 150 168 -1
86 101 150 -1
87 164 183 151 154 150 -1
89 21 168 151 -1
90 63 171 -1
92 2 105 168 -1
93 1 153 -1
94 17 183 -1
95 1 108 -1
101 12 152 -1
103 55 182 -1
104 19 150 178 152 -1
113 68 140 132 152 -1
122 193 152 -1
127 83 152 178 -1
128 51 127 -1
130 12 182 152 -1
132 21 152 -1
133 8 135 -1
136 64 132 150 178 -1
138 69 168 163 132 151 -1
140 25 135 -1
142 12 182 -1
143 95 132 182 135 183 171 -1
150 22 178 -1
151 44 182 -1
152 18 182 -1
154 53 178 168 151 -1
156 3 168 -1
157 41 140 182 -1
158 2 152 -1
161 27 154 -1
162 3 168 -1
164 7 151 -1
165 2 152 -1
166 77 152 171 -1
173 332 175 -1
176 39 154 -1
177 16 183 135 -1
178 52 183 182 -1
179 15 183 135 -1
180 54 183 135 182 132 -1
181 2 183 -1
182 59 183 -1
187 32 135 -1
197 6 152 -1
202 3 135 -1
205 9 150 140 152 -1
215 84 178 -1
221 10 135 -1
224 10 152 -1
230 6 171 -1
231 44 178 132 175 -1
232 19 178 -1
236 39 178 150 151 182 -1
237 35 178 -1
241 8 132 -1
257 5 132 -1
263 21 182 -1
265 30 150 -1
268 3 178 -1
273 5 151 -1
275 47 182 152 -1
276 4 132 -1
280 76 178 152 132 -1
282 32 132 140 -1
283 2 132 -1
292 5 178 -1
310 236 171 -1
319 193 182 -1
324 13 135 -1
326 9 140 152 -1
329 3 135 -1
335 48 151 -1
336 28 151 135 -1
337 1 135 -1
338 1 135 -1
339 79 140 135 150 -1
340 30 151 135 178 -1
341 12 135 151 -1
342 2 135 -1
343 4 135 -1
344 3 135 -1
365 5 152 -1
383 19 182 140 -1
406 33 178 -1
410 5 140 -1
412 21 178 151 -1
418 1 140 -1
426 26 178 182 151 152 -1
430 5 151 -1
432 155 178 -1
438 1 178 -1
439 8 178 -1
440 8 178 -1
441 1 178 -1
453 1 192 -1
457 640 155 -1
458 3 105 -1
473 1 105 -1
488 4 105 -1
489 3 105 -1
490 1 105 -1
497 1 152 -1
556 117 150 -1
564 13 150 -1
575 3 152 -1
576 1 152 -1
577 1 152 -1
578 1 152 -1
580 28 182 -1
586 8 151 -1
597 2 151 -1
598 1 151 -1
599 1 151 -1
615 27 150 -1
663 133 171 -1
686 57 171 -1
766 709 155 -1
769 137 171 -1
795 57 171 -1
805 82 171 -1
810 19 171 171 -1
842 27 171 -1
870 37 171 -1
904 59 171 -1
941 74 171 -1
971 53 171 -1
978 54 171 -1
986 50 171 -1
993 233 171 -1
1114 40 171 171 -1
1129 53 171 -1
1133 282 171 -1
1135 112 171 -1
1160 24 171 -1
1167 78 171 -1
1204 58 171 -1
1211 66 171 -1
1234 15 171 -1
1248 22 171 -1
1252 2 171 -1
1279 126 171 -1
1374 385 171 -1
1395 192 171 -1
1487 115 171 -1
1492 159 171 -1
1549 522 171 -1
1587 4 171 -1
1594 108 171 -1
1615 109 171 -1
2481 8 155 -1
2565 827 155 -1
2658 231 155 -1
2778 16 155 -1
3274 60 155 -1
3586 135 155 -1
3642 291 155 -1
3787 233 155 -1
4036 139 155 -1
4632 202 155 -1
4926 5 155 -1
5173 121 155 -1
5179 212 155 -1
5445 39 155 -1
5446 21 155 -1
5524 402 155 -1
5531 224 155 -1
5821 18 155 -1
6461 5 155 -1
6619 77 155 -1
6713 4 155 -1
6714 92 155 -1
6759 2 155 -1
6766 16 155 -1
6772 49 155 -1
6907 183 155 -1
6914 52 155 -1
6934 51 155 -1
7052 114 155 -1
7055 95 155 -1
7057 100 155 -1
7090 6 155 -1
7225 24 155 -1
7227 9 155 -1
7231 87 155 -1
7262 9 155 -1
7294 37 155 -1
7344 3 155 -1
7350 20 155 -1
7378 40 155 -1
7569 3 155 -1
7570 3 155 -1