6 258 1657 1641 1619 1689 1654 1662 1652 1669 1692 1648 -1
9 71 1652 1618 -1
11 733 1697 1610 1622 1654 1692 1608 1669 1679 1649 1661 1619 1657 1648 1641 1637 1646 1621 1629 1652 1658 1638 1613 1662 1688 1689 1653 1628 1672 -1
12 54 1638 1629 -1
16 16 1672 -1
20 153 1604 1692 -1
24 270 1646 1641 1697 1669 1608 1658 1633 1622 -1
28 110 1608 1604 1608 1638 -1
36 231 1608 1621 -1
42 88 1604 -1
47 113 1603 -1
58 35 1697 -1
59 94 1604 1633 -1
68 187 1637 1633 1646 1688 -1
72 113 1621 1637 1622 -1
74 69 1633 -1
78 26 1662 1652 1654 -1
86 101 1672 -1
87 164 1604 -1
90 63 1628 1637 1638 -1
103 55 1669 -1
109 166 1622 1628 -1
113 68 1633 -1
122 193 1653 1637 -1
128 51 1669 1613 -1
132 21 1633 -1
136 64 1622 1633 -1
142 12 1661 -1
145 15 1633 -1
151 44 1649 -1
154 53 1628 -1
161 27 1633 -1
171 56 1689 1692 1619 1638 -1
172 120 1633 1679 -1
173 332 1654 1692 1613 1661 1621 1658 1649 1672 1638 1628 1619 1689 1652 1618 1633 1629 1603 1604 1641 1662 1697 -1
176 39 1603 -1
180 54 1622 -1
187 32 1638 -1
199 11 1662 -1
204 10 1608 -1
215 84 1628 1608 -1
230 6 1610 -1
236 39 1679 -1
237 35 1646 -1
249 13 1648 1638 1654 1652 -1
259 42 1652 -1
269 26 1661 -1
280 76 1608 -1
282 32 1603 -1
290 61 1622 -1
304 64 1652 1654 1622 1662 -1
306 215 1633 1646 -1
308 144 1661 1654 1672 1622 1604 -1
310 236 1672 1603 1641 1649 1646 1619 1633 -1
311 312 1658 1608 1649 1641 1603 1638 1622 1618 1697 1633 -1
312 223 1619 1641 1654 1638 1604 1661 1603 1649 1692 1672 -1
317 126 1622 1641 1661 1603 -1
319 193 1680 1622 1669 1697 -1
325 15 1688 -1
336 28 1633 -1
371 117 1633 -1
374 3 1652 -1
376 36 1633 -1
383 19 1646 -1
406 33 1661 1648 -1
407 101 1661 1654 1629 1622 1641 1658 -1
432 155 1661 1669 1648 1608 1622 1621 1628 -1
457 640 1679 1604 1633 1628 1654 1658 1638 1648 1622 1680 -1
546 107 1697 1658 1621 -1
560 8 1638 -1
575 3 1662 -1
582 29 1688 -1
584 5 1600 1638 -1
600 171 1633 1661 -1
613 1 1638 -1
634 106 1689 1688 -1
635 52 1621 -1
650 85 1608 -1
663 133 1688 1603 1661 -1
686 57 1603 1658 -1
691 24 1622 -1
695 87 1603 1638 -1
704 82 1633 1633 1603 -1
706 56 1652 1649 1661 1654 1662 1672 1669 -1
707 110 1661 1603 1662 1621 -1
710 88 1648 1633 1648 -1
712 18 1604 1622 1697 1603 -1
715 21 1637 -1
722 124 1646 1669 1641 1603 -1
749 62 1629 1637 -1
759 55 1697 -1
762 42 1697 -1
766 709 1621 1688 1653 1646 1622 1608 1633 -1
769 137 1652 1633 1604 1629 1637 -1
771 7 1641 -1
784 205 1652 1633 1662 1654 1610 1688 1622 1679 -1
789 209 1633 1646 1653 1658 1657 1680 -1
791 29 1633 -1
795 57 1653 1692 -1
798 12 1648 -1
805 82 1658 1603 1628 1604 1633 1633 -1
813 261 1608 1603 1653 1646 1658 1661 -1
816 25 1697 1648 -1
825 139 1680 -1
826 218 1619 1679 1622 1661 1604 1633 1653 1679 1641 1618 1638 1672 1613 1600 -1
836 26 1621 -1
841 22 1653 -1
842 27 1688 -1
844 35 1629 -1
852 25 1649 1692 1654 1638 -1
854 56 1672 -1
861 16 1608 -1
869 9 1654 -1
870 37 1641 1603 1654 -1
871 47 1633 -1
872 26 1672 1653 1689 1654 1662 -1
899 22 1637 1646 1653 -1
904 59 1649 1610 1629 -1
918 15 1633 -1
920 10 1669 -1
922 147 1633 1610 1621 1622 1661 1618 1687 1654 -1
937 33 1621 -1
941 74 1621 1622 -1
943 28 1633 1633 1622 -1
946 85 1653 1633 -1
954 8 1669 -1
956 40 1613 -1
960 17 1633 -1
971 53 1603 -1
978 54 1680 1641 1661 -1
981 16 1603 -1
988 257 1633 1608 1679 1688 -1
993 233 1608 1689 1661 1629 1637 1697 1622 1679 1633 1641 1621 1646 1603 -1
994 42 1633 -1
996 279 1621 1608 1678 1637 1648 1633 1653 1646 1613 1638 -1
998 25 1652 1662 1654 1603 1661 -1
1006 130 1600 1610 1603 1613 -1
1024 40 1637 1641 -1
1031 16 1621 -1
1032 34 1622 1603 1658 1680 -1
1034 34 1603 -1
1037 50 1613 1633 1622 -1
1038 6 1618 -1
1043 20 1658 -1
1051 48 1680 1629 1633 1662 -1
1055 139 1652 1661 1654 1649 1648 1633 1679 1638 1622 1662 -1
1062 157 1633 1658 1688 1621 -1
1063 29 1603 -1
1064 14 1654 -1
1075 59 1622 -1
1097 93 1637 1633 -1
1098 260 1608 1646 1633 1613 1653 -1
1127 58 1610 1633 1658 1604 1621 1653 1662 1652 1672 -1
1128 10 1641 -1
1129 53 1618 1689 1622 -1
1132 42 1637 -1
1133 282 1661 1679 1688 1622 1619 -1
1135 112 1664 1646 -1
1137 104 1637 1608 1646 -1
1142 28 1603 1689 -1
1143 15 1621 -1
1150 8 1622 -1
1151 460 1622 1680 1613 1608 1633 1646 1621 1697 1603 -1
1164 23 1653 1658 -1
1165 13 1679 -1
1166 318 1688 1697 1653 1622 1633 -1
1167 78 1661 1633 1618 1603 1641 -1
1169 24 1633 -1
1183 8 1653 -1
1185 25 1633 1648 1662 -1
1193 23 1669 1661 -1
1200 92 1637 1633 -1
1201 32 1603 -1
1202 68 1697 1622 1608 1661 1604 -1
1203 20 1692 1633 1697 1679 -1
1204 58 1633 1662 1679 1618 1648 -1
1207 24 1633 1680 1652 -1
1210 221 1658 1608 1678 -1
1211 66 1661 1648 -1
1215 40 1633 1621 -1
1221 75 1608 1688 1603 -1
1230 31 1621 -1
1236 98 1603 1622 1633 1618 1641 1610 1661 -1
1241 33 1618 1661 -1
1247 69 1633 1662 -1
1248 22 1649 -1
1253 21 1610 -1
1259 41 1633 -1
1267 61 1672 1608 -1
1278 51 1633 1622 1618 -1
1279 126 1608 1610 1654 1661 1672 1619 1641 1662 1652 1649 1618 1633 1638 1629 -1
1284 18 1697 1688 -1
1285 24 1688 -1
1286 55 1688 -1
1297 48 1679 1633 -1
1305 227 1604 1633 1646 1603 1648 1653 1600 1608 1679 -1
1319 185 1697 1680 1603 1622 1654 1633 1678 1604 1608 1641 1633 1618 1658 1648 1638 1628 -1
1322 12 1633 -1
1329 2 1638 1633 -1
1335 39 1672 1638 1628 -1
1350 114 1657 1633 1619 1621 1658 1610 1622 1628 1649 1652 1638 1661 1672 1662 1608 1678 -1
1352 118 1697 1622 1638 1658 1628 1618 1649 1603 1629 1608 1661 -1
1356 18 1638 -1
1357 84 1661 1619 1641 1622 1649 1603 1604 1672 -1
1367 17 1679 -1
1374 385 1653 1633 1637 1646 1680 1648 -1
1377 31 1652 1661 -1
1380 59 1621 1638 -1
1381 51 1610 1662 1613 1688 1622 -1
1386 56 1641 1622 1649 -1
1390 28 1679 -1
1395 192 1641 1669 1697 1621 1603 1628 1604 1608 1618 1613 -1
1416 6 1633 -1
1420 13 1654 1638 1633 -1
1423 5 1648 -1
1424 41 1603 1618 1622 -1
1428 159 1629 1662 1628 1613 1649 1672 1654 1648 1619 1622 1697 1661 1633 -1
1432 1 1697 -1
1447 7 1618 1641 -1
1451 4 1618 -1
1462 30 1633 1633 -1
1463 22 1653 -1
1466 24 1633 -1
1469 4 1603 1672 1608 -1
1470 115 1658 1603 1622 1641 1661 -1
1471 45 1672 1628 1661 1641 1603 -1
1473 70 1697 1688 1692 1646 -1
1480 44 1633 1622 1658 1628 -1
1482 26 1697 1621 1622 -1
1483 51 1649 1633 -1
1487 115 1658 1679 1654 1672 1669 1633 1641 1618 1619 1692 1648 1638 1661 1629 1622 1689 1662 1610 -1
1489 41 1621 1662 1653 1622 -1
1492 159 1603 1641 1652 1618 1658 1654 1619 1633 1661 1692 1689 1649 1600 1621 1622 -1
1496 190 1622 1697 1618 1648 1646 1654 1658 1653 1610 1603 1621 1633 -1
1499 10 1658 -1
1501 19 1633 -1
1503 2 1638 -1
1504 6 1633 1633 -1
1506 34 1649 1672 1654 1652 1662 -1
1521 104 1621 1633 1608 1679 1633 -1
1522 90 1688 1628 -1
1524 4 1692 -1
1525 33 1654 1669 1652 1649 1633 1628 -1
1535 2 1604 -1
1537 72 1622 -1
1538 75 1622 1610 1697 -1
1542 237 1648 1628 1608 -1
1549 522 1679 1622 1697 1618 1621 1641 1658 1619 1648 1613 1633 1628 1672 1608 1646 1661 1653 1688 1633 1603 -1
1552 50 1628 1646 1633 -1
1555 67 1672 1692 1633 1622 1658 1641 1629 1608 1689 1697 -1
1564 27 1622 1687 1679 -1
1566 42 1628 -1
1571 23 1638 1661 1621 1603 1652 -1
1582 9 1654 -1
1583 78 1608 1633 1621 1604 1608 1619 1637 1600 -1
1585 80 1646 1641 1622 1654 1672 1618 1697 1661 -1
1589 6 1603 -1
1594 108 1654 1622 1652 1629 1619 1610 1628 1662 1638 1641 1669 1689 1661 1697 1649 1658 1692 -1
1596 31 1633 -1
1599 3 1600 -1
1601 4 1603 -1
1602 1 1603 -1
1604 4 1603 -1
1605 10 1654 1657 -1
1607 2 1661 -1
1608 344 1622 1613 1604 1610 1654 1672 1669 1662 1628 1689 1692 1629 1641 1649 1619 1678 1621 -1
1610 12 1641 -1
1613 12 1610 -1
1614 71 1628 1669 1622 1621 -1
1615 109 1628 1661 1622 1689 1641 1633 1633 1657 1638 1658 1672 1649 1669 1619 1618 1697 -1
1617 1 1618 -1
1621 76 1697 1622 -1
1628 10 1669 1629 -1
1630 2 1633 -1
1631 5 1633 1610 -1
1632 3 1661 1633 -1
1637 1 1638 -1
1638 3 1661 1637 -1
1639 36 1638 1621 1637 -1
1644 46 1661 -1
1645 2 1648 -1
1651 1 1652 -1
1653 2 1654 -1
1658 5 1697 1661 -1
1659 1 1661 -1
1660 1 1661 -1
1667 32 1628 1669 -1
1668 5 1669 -1
1670 16 1646 -1
1683 2 1641 -1
1684 9 1653 1641 -1
1685 1 1641 -1
1690 2 1692 -1
1691 47 1622 1692 -1
1693 6 1610 -1
1696 3 1622 -1
1697 42 1633 -1
1700 48 1697 1622 -1
1701 98 1648 1621 -1
1707 29 1697 -1
1711 7 1697 -1
1717 98 1697 1622 1658 -1
1719 10 1622 -1
1734 47 1633 -1
1748 37 1646 1637 -1
1749 63 1633 1646 -1
1754 18 1658 -1
1756 82 1622 1697 1608 1628 1658 -1
1757 16 1628 -1
1763 1 1687 -1
1767 75 1628 -1
1772 95 1646 1621 1622 -1
1783 58 1621 -1
1789 11 1658 -1
1795 41 1633 -1
1799 42 1628 -1
1800 20 1628 -1
1803 20 1613 -1
1808 103 1621 1622 1608 -1
1811 37 1648 1633 -1
1813 33 1688 -1
1820 90 1633 1646 1621 1653 -1
1821 3 1633 -1
1836 16 1608 1622 -1
1838 54 1622 -1
1855 12 1622 1697 -1
1868 20 1613 -1
1886 3 1697 -1
1888 28 1646 1613 -1
1891 23 1633 -1
1914 2 1658 -1
1915 16 1658 -1
1916 1 1658 -1
1917 1 1658 -1
1919 113 1622 1613 1697 1608 -1
1922 126 1633 -1
1925 22 1633 -1
1948 8 1608 1621 -1
1952 3 1622 -1
1962 27 1697 1622 -1
1972 184 1633 -1
1977 33 1608 1621 -1
1980 44 1622 -1
1985 57 1622 1621 1633 -1
1988 1 1622 -1
1989 1 1622 -1
1990 29 1622 -1
1991 66 1637 1653 1646 1622 1633 -1
1992 16 1622 -1
1993 3 1622 -1
1997 88 1608 1697 1621 1613 -1
2003 42 1633 -1
2049 2 1697 -1
2050 4 1697 -1
2051 1 1697 -1
2052 13 1697 -1
2061 4 1646 -1
2062 118 1633 1613 1678 1621 -1
2065 45 1633 -1
2069 17 1608 -1
2072 121 1608 1653 1637 1621 1646 -1
2085 28 1608 -1
2093 52 1608 -1
2102 31 1633 -1
2111 4 1688 -1
2118 114 1633 1646 -1
2120 56 1608 1621 -1
2130 8 1646 -1
2133 122 1646 1621 1653 1637 1608 -1
2135 143 1633 -1
2145 134 1608 1653 1637 -1
2156 17 1608 1621 -1
2169 32 1621 -1
2172 24 1608 -1
2174 49 1621 -1
2206 4 1608 -1
2209 25 1653 1633 1646 -1
2221 1 1613 -1
2222 1 1613 -1
2223 13 1613 -1
2230 38 1633 1608 -1
2231 26 1608 -1
2233 34 1608 -1
2236 75 1679 -1
2237 254 1637 1688 1633 -1
2240 106 1608 1633 -1
2241 14 1621 -1
2249 38 1608 -1
2251 23 1679 -1
2256 125 1608 1653 1646 -1
2258 90 1648 -1
2264 51 1653 -1
2272 31 1633 1653 -1
2274 33 1608 -1
2280 1 1664 -1
2285 16 1679 1633 -1
2286 6 1621 -1
2297 150 1633 -1
2322 15 1621 -1
2323 54 1633 -1
2326 249 1688 1621 1633 -1
2328 205 1608 1621 1646 1637 1653 -1
2359 2 1621 -1
2360 2 1621 -1
2375 32 1608 1653 1637 1688 -1
2379 46 1688 -1
2387 52 1648 1680 -1
2407 4 1608 -1
2411 96 1633 1680 -1
2427 6 1608 -1
2435 29 1633 1646 1637 -1
2462 3 1608 -1
2472 76 1637 -1
2473 83 1646 1653 1688 1637 -1
2474 101 1646 -1
2480 3 1608 -1
2481 8 1608 -1
2482 3 1608 -1
2485 286 1648 1688 1637 -1
2488 20 1633 -1
2507 64 1646 1633 -1
2510 69 1633 1648 1653 -1
2542 73 1637 -1
2546 28 1633 -1
2549 63 1648 -1
2555 11 1653 -1
2557 77 1637 1646 -1
2565 827 1688 1637 1679 1633 1680 1653 1646 -1
2576 138 1680 1688 1679 1633 -1
2578 13 1646 1653 -1
2596 13 1646 -1
2605 58 1688 -1
2617 22 1653 1646 -1
2623 47 1633 -1
2647 16 1646 -1
2651 216 1688 -1
2653 102 1688 -1
2658 231 1688 1680 -1
2660 148 1633 -1
2686 120 1688 -1
2687 11 1633 -1
2688 516 1679 1680 1633 1648 1688 -1
2690 25 1679 -1
2692 18 1633 -1
2693 132 1633 -1
2696 61 1688 -1
2697 45 1633 -1
2700 113 1633 -1
2701 12 1633 -1
2702 39 1680 1633 -1
2703 42 1633 -1
2707 100 1633 1679 -1
2713 166 1633 -1
2719 20 1637 -1
2740 28 1653 1637 1646 -1
2744 36 1637 -1
2748 1 1637 -1
2749 1 1637 -1
2757 3 1653 -1
2764 1 1646 -1
2765 30 1646 -1
2766 1 1646 -1
2767 1 1646 -1
2768 29 1646 -1
2775 36 1633 -1
2790 145 1633 -1
2815 10 1633 -1
2819 12 1633 -1
2838 20 1633 -1
2842 93 1633 -1
2871 165 1688 -1
2872 54 1679 -1
2900 28 1633 -1
2903 5 1679 -1
2932 50 1648 1688 -1
2939 5 1633 -1
2940 91 1633 -1
2953 10 1688 -1
2967 232 1688 -1
2968 37 1633 -1
2972 271 1688 1680 -1
2999 6 1633 -1
3000 31 1633 -1
3010 118 1633 -1
3020 48 1679 1633 -1
3026 151 1633 1688 -1
3028 99 1633 -1
3031 42 1633 -1
3032 205 1680 -1
3039 14 1633 -1
3046 10 1633 -1
3053 8 1633 -1
3055 42 1633 -1
3081 14 1633 -1
3098 25 1679 -1
3103 3 1688 -1
3123 3 1679 -1
3144 66 1633 1688 -1
3145 17 1688 -1
3180 23 1633 -1
3189 9 1633 -1
3209 32 1679 -1
3225 13 1633 -1
3238 22 1688 -1
3258 69 1688 -1
3271 2 1688 -1
3290 29 1688 -1
3291 56 1679 1633 -1
3292 8 1679 -1
3297 39 1633 -1
3304 31 1633 -1
3326 12 1688 -1
3338 3 1633 -1
3345 36 1633 -1
3352 165 1688 1633 -1
3379 19 1633 -1
3388 11 1633 -1
3389 2 1633 -1
3391 4 1633 -1
3392 26 1633 -1
3393 10 1633 -1
3394 121 1633 1688 -1
3402 88 1688 -1
3404 73 1688 -1
3417 31 1688 -1
3447 214 1688 -1
3448 3 1688 -1
3449 306 1648 1688 1680 -1
3450 27 1688 -1
3452 91 1688 -1
3453 241 1680 1688 -1
3454 124 1688 -1
3455 59 1680 -1
3456 250 1688 -1
3457 97 1688 -1
3463 54 1688 -1
3556 11 1680 -1
3568 128 1688 -1
3571 39 1688 -1
3614 187 1648 -1
3615 113 1688 -1
3641 194 1688 1680 -1
3642 291 1648 -1
3665 13 1680 -1
3666 125 1680 1648 -1
3748 26 1688 -1
3787 233 1680 -1
3796 107 1648 1688 -1
3798 18 1688 -1
3854 79 1688 -1
3919 14 1680 -1
3965 79 1688 -1
3969 58 1680 -1
4036 139 1648 -1
4040 71 1688 -1
4044 53 1688 -1
4045 244 1688 1680 1648 -1
4065 104 1688 -1
4070 56 1648 -1
4142 30 1688 -1
4151 79 1688 -1
4152 34 1688 -1
4219 101 1680 -1
4222 28 1688 1648 -1
4261 23 1688 -1
4315 19 1680 -1
4379 5 1688 -1
4429 9 1688 -1
4433 17 1688 -1
4468 8 1688 -1
4483 137 1648 -1
4487 6 1680 -1
4509 11 1688 -1
4535 5 1688 -1
4545 1 1688 -1
4547 41 1688 -1
4632 202 1680 -1
4653 80 1680 -1
4686 40 1680 -1
4718 31 1680 -1
4756 32 1680 -1
4824 88 1648 -1
4859 29 1680 -1
4899 160 1648 1680 -1
4909 2 1648 -1
4948 194 1680 -1
4966 25 1680 -1
4967 317 1648 -1
5002 116 1680 -1
5006 16 1680 -1
5079 240 1680 -1
5106 24 1680 -1
5110 84 1680 -1
5155 16 1680 -1
5177 92 1648 -1
5180 47 1648 -1
5187 28 1648 -1
5188 211 1648 -1
5190 56 1648 -1
5232 1 1680 -1
5606 23 1648 -1
5691 49 1648 -1
5697 219 1648 -1
5787 29 1648 -1
5819 52 1648 -1
5824 29 1648 -1