36 231 8174 -1
72 113 8128 -1
87 164 8141 8174 -1
127 83 8178 -1
166 77 8134 8141 8163 -1
237 35 8121 -1
319 193 8163 8121 -1
395 37 8163 -1
457 640 8141 8198 8174 8121 8134 -1
600 171 8174 -1
737 120 8163 8168 8192 -1
769 137 8178 -1
854 56 8174 8192 -1
968 5 8174 -1
988 257 8192 8124 8174 8198 8122 8141 8130 8168 8121 8128 8163 -1
1051 48 8174 8192 -1
1098 260 8168 -1
1133 282 8134 -1
1179 8 8192 -1
1374 385 8198 8163 8168 8128 8174 8122 8121 8192 -1
1506 34 8134 -1
1530 10 8178 -1
1621 76 8121 -1
1667 32 8198 -1
1688 24 8174 -1
1814 79 8192 -1
2001 37 8121 -1
2003 42 8192 -1
2226 23 8168 -1
2240 106 8168 -1
2258 90 8198 -1
2299 65 8192 8174 -1
2452 29 8174 -1
2485 286 8192 8163 8174 -1
2502 22 8178 -1
2504 82 8174 -1
2516 36 8128 -1
2565 827 8141 8174 8121 8122 8192 8124 8128 8168 8198 8163 8178 -1
2658 231 8163 8134 8168 -1
2925 18 8178 -1
2941 6 8141 -1
2983 18 8192 8168 -1
3057 36 8174 -1
3088 24 8192 8174 -1
3142 41 8178 8192 8124 8134 -1
3238 22 8174 -1
3297 39 8122 -1
3381 177 8122 8134 -1
3453 241 8128 -1
3456 250 8192 8174 -1
3498 96 8178 -1
3586 135 8128 8121 -1
3634 57 8141 -1
3752 15 8192 -1
3786 72 8134 -1
3787 233 8122 8134 8141 8124 -1
3965 79 8168 8134 8174 -1
4036 139 8128 -1
4040 71 8174 8192 -1
4116 8 8168 -1
4140 10 8174 8192 8168 -1
4347 33 8174 8128 8168 8121 -1
4441 186 8192 8174 -1
4483 137 8128 8174 8163 -1
4532 6 8174 -1
4632 202 8163 8192 8122 8174 -1
4767 10 8163 -1
4771 2 8174 -1
4899 160 8128 -1
4926 5 8174 -1
4943 31 8192 8121 8134 8128 -1
4948 194 8122 8192 8128 8168 8124 8163 -1
5028 40 8124 -1
5053 53 8174 -1
5060 3 8174 -1
5068 10 8124 -1
5102 48 8141 8163 -1
5103 118 8122 8128 8192 8174 8168 8163 8178 -1
5106 24 8169 -1
5173 121 8198 8134 8128 8178 8174 -1
5179 212 8141 8124 8134 -1
5185 120 8128 -1
5188 211 8192 -1
5316 22 8168 -1
5342 22 8174 -1
5446 21 8174 -1
5479 12 8134 -1
5511 3 8198 -1
5524 402 8178 8122 8121 8163 8169 8124 8134 8168 8192 8174 8128 8141 -1
5529 31 8168 -1
5553 36 8121 8134 8124 -1
5655 48 8121 -1
5667 4 8128 8124 -1
5697 219 8121 8124 -1
5738 12 8163 8168 8192 -1
5771 3 8178 -1
5775 39 8122 -1
5796 173 8121 -1
5800 182 8168 8192 8163 8121 8122 8124 8134 -1
5802 248 8163 8174 8128 8168 8192 8124 -1
5806 45 8128 -1
5814 106 8134 8192 -1
5819 52 8121 -1
5857 62 8163 -1
5859 7 8141 -1
5872 25 8192 8163 8174 -1
5913 5 8128 -1
5920 9 8134 -1
5927 8 8128 -1
5940 12 8192 8174 -1
5982 3 8178 -1
5998 80 8168 -1
6000 8 8134 8124 -1
6016 10 8134 8174 -1
6032 70 8121 8192 -1
6043 38 8174 -1
6072 45 8141 8163 8128 8122 8168 -1
6151 13 8134 -1
6218 47 8121 -1
6305 147 8128 8141 -1
6320 17 8168 -1
6331 3 8134 -1
6347 11 8192 8174 -1
6367 2 8141 -1
6443 51 8134 -1
6458 22 8163 -1
6484 10 8174 8192 -1
6494 70 8174 -1
6502 12 8134 8174 -1
6510 54 8134 -1
6524 6 8178 -1
6538 7 8141 -1
6552 27 8121 -1
6560 42 8192 -1
6596 137 8168 8163 8121 8124 8174 8122 8128 8192 -1
6618 79 8121 -1
6624 122 8121 8124 8128 8122 -1
6627 12 8178 -1
6634 4 8163 -1
6657 9 8128 -1
6758 9 8121 -1
6801 5 8174 -1
6855 14 8128 -1
6859 10 8163 -1
6875 15 8168 8174 -1
6885 13 8168 -1
6900 29 8134 8121 -1
6902 20 8121 -1
6907 183 8128 8122 8121 8178 8141 8134 8168 8192 8174 8163 -1
6914 52 8134 -1
6916 30 8128 8168 -1
6924 12 8174 -1
6946 25 8121 8128 -1
7021 15 8121 8149 -1
7047 133 8122 8128 8141 8198 8174 8178 8168 8124 8121 8192 8163 8134 -1
7052 114 8192 8163 8168 -1
7053 19 8134 -1
7055 95 8192 8174 -1
7057 100 8134 8168 8121 -1
7080 58 8163 8168 8174 -1
7086 111 8174 8141 8168 8128 8192 8134 8198 8121 8163 8124 -1
7092 75 8121 8168 -1
7132 21 8121 -1
7153 7 8134 -1
7189 3 8174 -1
7225 24 8192 -1
7233 18 8192 8134 8121 8174 -1
7237 8 8192 8198 -1
7277 2 8121 -1
7279 17 8163 8192 -1
7280 71 8174 8124 8121 8141 -1
7294 37 8121 -1
7343 10 8134 -1
7357 5 8174 -1
7378 40 8198 8124 -1
7391 47 8174 8122 8198 8192 -1
7405 17 8163 -1
7421 9 8163 8192 -1
7441 3 8168 -1
7443 10 8192 -1
7449 20 8174 -1
7472 1 8178 -1
7490 25 8128 -1
7564 30 8121 8128 8124 8168 -1
7578 24 8122 8163 8174 -1
7588 7 8141 -1
7666 13 8121 -1
7675 16 8192 -1
7676 5 8178 -1
7682 15 8128 -1
7685 13 8124 8174 8198 -1
7697 12 8168 -1
7727 26 8174 8122 -1
7733 42 8174 8198 8121 -1
7743 10 8168 -1
7744 49 8174 8121 8178 -1
7772 15 8178 8192 8134 8174 -1
7774 30 8168 8134 8121 8192 8174 8128 8122 -1
7808 12 8174 8124 -1
7810 7 8174 -1
7818 15 8134 -1
7845 2 8121 -1
7853 2 8178 -1
7856 7 8168 8192 8121 -1
7862 8 8174 8192 -1
7865 22 8163 -1
7893 2 8174 -1
7900 27 8192 8128 8163 8169 8122 8134 8121 8168 -1
7901 28 8174 8192 -1
7902 18 8163 8192 8128 -1
7903 4 8174 -1
7907 10 8168 8163 8178 -1
7932 1 8168 -1
7945 4 8192 -1
7964 8 8122 -1
8036 19 8124 8128 8174 8121 8163 8168 8192 -1
8053 17 8178 -1
8060 5 8168 8121 8192 -1
8063 3 8121 8192 -1
8085 16 8198 8174 8192 8163 -1
8092 4 8192 -1
8097 1 8134 -1
8107 11 8141 8192 -1
8118 1 8121 -1
8119 1 8121 -1
8120 1 8121 -1
8135 1 8134 -1
8136 1 8134 -1
8137 1 8134 -1
8140 1 8141 -1
8156 5 8192 -1
8161 1 8163 -1
8162 9 8168 8192 8178 8198 8163 8174 -1
8170 1 8174 -1
8171 3 8174 8192 -1
8172 1 8174 -1
8173 6 8192 8174 8198 -1
8177 1 8178 -1
8179 1 8178 -1
8180 1 8178 -1
8181 1 8178 -1
8182 1 8178 -1
8183 1 8178 -1
8190 4 8192 -1
8193 2 8192 -1
8194 1 8192 -1
8195 1 8192 -1
8196 1 8198 -1
8197 1 8198 -1