11 733 2004 2079 2073 2085 2097 2066 2091 2062 2055 2007 2014 2076 2060 2071 2066 2095 -1
14 105 2066 2066 2016 -1
15 42 2066 -1
21 77 2085 -1
24 270 2066 -1
36 231 2066 2071 -1
42 88 2004 -1
44 42 2066 -1
47 113 2091 2079 2066 2007 -1
59 94 2066 2062 -1
62 11 2091 -1
66 41 2014 2062 -1
68 187 2001 -1
71 68 2095 -1
74 69 2004 -1
86 101 2016 -1
103 55 2014 -1
122 193 2066 2014 -1
127 83 2066 -1
136 64 2066 -1
147 50 2016 -1
166 77 2066 -1
172 120 2062 2016 -1
173 332 2097 2091 2095 2062 2079 2071 2085 2066 2073 -1
178 52 2073 -1
193 19 2066 -1
224 10 2066 -1
231 44 2097 -1
249 13 2055 -1
255 87 2066 -1
270 14 2079 -1
280 76 2071 2004 -1
290 61 2004 -1
291 30 2066 -1
306 215 2097 2079 2066 -1
308 144 2004 2066 -1
310 236 2097 2079 2066 -1
311 312 2079 2062 2071 -1
315 70 2014 -1
319 193 2004 -1
325 15 2066 -1
407 101 2073 2097 -1
412 21 2066 -1
417 8 2066 -1
432 155 2079 2066 2091 -1
457 640 2071 2004 2001 2091 -1
546 107 2073 2071 -1
556 117 2004 -1
559 3 2076 -1
588 23 2062 -1
600 171 2066 -1
626 31 2066 -1
634 106 2073 2079 2071 -1
635 52 2066 2073 -1
647 29 2062 -1
650 85 2053 -1
663 133 2066 -1
695 87 2066 -1
704 82 2066 -1
708 39 2066 -1
722 124 2097 -1
727 19 2066 -1
742 85 2095 2097 -1
762 42 2066 -1
763 45 2097 -1
764 22 2071 -1
766 709 2001 2071 2066 2014 2016 2004 2076 -1
769 137 2062 -1
784 205 2091 2053 2062 2097 2095 2076 2060 -1
788 52 2066 -1
795 57 2053 -1
801 4 2055 -1
805 82 2066 -1
813 261 2016 2073 2066 2076 2071 2079 -1
822 11 2016 -1
826 218 2076 2016 2053 2066 2076 -1
831 12 2091 2085 2095 -1
837 4 2071 -1
838 34 2053 -1
841 22 2014 -1
852 25 2066 -1
854 56 2091 2095 -1
865 45 2016 2060 -1
872 26 2073 -1
873 4 2062 -1
900 5 2007 -1
922 147 2066 2004 -1
928 13 2066 -1
935 19 2079 -1
937 33 2071 -1
943 28 2071 -1
946 85 2076 2066 -1
947 21 2066 -1
950 8 2001 -1
961 11 2073 -1
975 8 2071 -1
988 257 2016 2066 2097 -1
993 233 2071 2097 2066 2073 2062 -1
996 279 2066 2095 2091 2062 2014 2071 -1
1006 130 2085 2066 2073 2097 -1
1037 50 2066 -1
1042 38 2073 -1
1050 33 2053 -1
1062 157 2071 2085 -1
1086 8 2097 -1
1097 93 2066 -1
1098 260 2071 2072 2016 2066 2062 2079 2095 -1
1111 42 2073 2062 2066 2085 -1
1124 17 2062 -1
1125 22 2066 -1
1127 58 2062 2076 -1
1132 42 2016 2014 -1
1133 282 2014 2066 -1
1135 112 2076 2073 -1
1137 104 2073 2071 -1
1143 15 2062 -1
1151 460 2001 2073 2062 2004 2066 2095 2097 2016 2071 2066 2085 2091 -1
1164 23 2076 -1
1165 13 2066 -1
1166 318 2066 2053 2007 2076 -1
1169 24 2091 -1
1184 57 2053 2066 -1
1185 25 2004 -1
1200 92 2066 2053 -1
1201 32 2066 -1
1202 68 2053 2066 -1
1210 221 2097 2073 2062 2085 2076 2091 2079 2095 2066 -1
1211 66 2062 -1
1215 40 2066 -1
1221 75 2097 -1
1230 31 2066 -1
1233 9 2066 -1
1236 98 2097 2066 -1
1241 33 2066 -1
1248 22 2066 -1
1253 21 2071 -1
1267 61 2014 2097 2016 2085 -1
1279 126 2062 -1
1284 18 2079 -1
1285 24 2066 2079 -1
1286 55 2079 -1
1305 227 2016 -1
1319 185 2095 2097 2073 2066 -1
1326 6 2004 -1
1335 39 2076 -1
1336 8 2091 2014 -1
1350 114 2062 -1
1352 118 2073 2055 2066 2004 2060 -1
1353 24 2071 -1
1355 3 2066 -1
1374 385 2001 2071 2095 2066 -1
1378 13 2079 2071 -1
1380 59 2066 2062 2073 -1
1381 51 2016 -1
1386 56 2085 2071 -1
1395 192 2066 2085 2097 2062 2076 2071 -1
1403 3 2079 -1
1424 41 2073 -1
1428 159 2066 2066 2073 2095 2085 2091 2060 2004 -1
1441 23 2097 2073 -1
1462 30 2066 -1
1466 24 2073 -1
1473 70 2097 2004 -1
1482 26 2066 -1
1487 115 2073 -1
1489 41 2066 2060 2062 -1
1492 159 2066 2073 -1
1496 190 2073 2001 2066 2071 -1
1506 34 2062 -1
1507 2 2062 -1
1521 104 2062 2066 2066 -1
1522 90 2066 -1
1537 72 2066 2066 -1
1538 75 2066 -1
1542 237 2071 -1
1547 27 2066 -1
1549 522 2091 2085 2016 2071 2097 2062 2066 2066 2001 2076 2072 2073 -1
1552 50 2073 -1
1555 67 2066 -1
1566 42 2073 2071 2079 -1
1571 23 2071 2066 -1
1583 78 2073 -1
1585 80 2079 2066 2076 2091 2066 -1
1592 25 2073 -1
1594 108 2062 2097 -1
1608 344 2072 2079 2066 2091 2060 2076 2097 2071 2073 2066 2004 -1
1614 71 2071 -1
1615 109 2097 2095 2066 2073 2079 -1
1621 76 2071 -1
1639 36 2016 2079 2095 2071 2091 -1
1644 46 2091 2097 2004 -1
1661 36 2066 -1
1668 5 2091 -1
1693 6 2062 2073 -1
1697 42 2072 -1
1700 48 2066 2076 2066 2073 2071 -1
1705 44 2071 -1
1707 29 2076 -1
1717 98 2062 2053 2066 2004 -1
1722 14 2079 -1
1729 15 2014 -1
1730 29 2016 -1
1734 47 2066 -1
1738 3 2085 -1
1749 63 2062 2072 -1
1754 18 2066 -1
1756 82 2073 2071 -1
1766 19 2062 -1
1767 75 2066 2097 -1
1772 95 2066 2071 2095 -1
1783 58 2066 2071 2062 -1
1792 11 2095 2073 -1
1794 25 2071 -1
1795 41 2016 -1
1803 20 2071 -1
1808 103 2004 2066 -1
1811 37 2001 -1
1814 79 2001 -1
1816 10 2066 -1
1820 90 2062 2053 -1
1822 10 2073 -1
1835 55 2066 -1
1837 26 2076 2091 2060 2073 -1
1838 54 2060 2097 2066 2066 2079 2073 2071 2095 -1
1847 46 2066 2066 -1
1848 13 2062 -1
1868 20 2085 2071 2091 -1
1869 4 2062 -1
1885 43 2016 -1
1896 50 2066 -1
1899 6 2066 -1
1918 18 2066 2062 -1
1919 113 2091 2055 2060 2066 2085 2062 2007 2073 2071 -1
1922 126 2053 -1
1925 22 2004 -1
1928 3 2060 -1
1948 8 2004 -1
1962 27 2095 -1
1965 9 2079 -1
1966 17 2079 -1
1972 184 2062 2016 -1
1977 33 2062 2076 2004 -1
1980 44 2073 -1
1982 26 2004 2062 -1
1985 57 2062 -1
1990 29 2066 -1
1991 66 2097 -1
1997 88 2085 2062 2097 2073 2071 2095 2004 2066 2079 -1
2001 37 2004 2071 -1
2009 46 2014 -1
2010 11 2095 -1
2012 3 2014 -1
2014 11 2095 -1
2054 3 2066 2055 -1
2059 3 2060 -1
2062 118 2091 2073 2095 2097 2079 2066 2071 2085 -1
2063 16 2079 -1
2064 2 2066 2066 -1
2065 45 2066 2066 -1
2069 17 2076 -1
2070 1 2073 -1
2071 8 2066 2073 -1
2072 121 2097 2062 2091 2073 -1
2084 8 2095 2091 2085 2092 -1
2085 28 2095 2076 2091 -1
2086 1 2095 -1
2087 1 2095 -1
2088 4 2091 2095 2085 -1
2089 1 2095 -1
2090 1 2095 -1
2091 6 2095 -1
2092 6 2095 2091 2085 -1
2093 52 2095 -1
2099 21 2062 2092 2091 2085 -1
2109 27 2066 -1
2114 31 2016 -1
2117 18 2066 -1
2118 114 2071 -1
2120 56 2001 2071 -1
2133 122 2076 2062 -1
2135 143 2014 -1
2145 134 2066 -1
2156 17 2071 -1
2159 7 2071 -1
2160 11 2066 -1
2174 49 2066 -1
2184 3 2085 -1
2193 8 2062 -1
2196 3 2085 -1
2197 3 2085 -1
2198 3 2091 2085 -1
2199 1 2085 -1
2225 36 2071 -1
2227 4 2071 -1
2236 75 2071 -1
2237 254 2014 2091 2016 -1
2238 1 2091 -1
2240 106 2066 2071 -1
2249 38 2071 -1
2250 2 2071 -1
2251 23 2071 -1
2256 125 2066 2076 -1
2258 90 2066 -1
2297 150 2072 2066 -1
2323 54 2066 -1
2326 249 2066 2016 -1
2328 205 2066 2076 2062 2053 -1
2369 134 2014 -1
2371 93 2053 -1
2375 32 2066 -1
2376 22 2066 -1
2378 4 2062 -1
2379 46 2062 -1
2380 1 2062 -1
2411 96 2016 -1
2472 76 2076 -1
2474 101 2066 -1
2485 286 2014 2016 -1
2504 82 2066 -1
2506 28 2016 -1
2535 24 2066 -1
2542 73 2066 2016 -1
2557 77 2053 -1
2560 89 2066 2016 -1
2564 49 2066 -1
2565 827 2016 2014 2053 2066 -1
2576 138 2001 2053 -1
2585 46 2066 -1
2594 42 2066 2001 -1
2605 58 2001 -1
2618 50 2066 -1
2647 16 2053 -1
2651 216 2016 2001 2066 -1
2653 102 2066 2016 -1
2654 56 2053 -1
2658 231 2014 -1
2659 5 2066 -1
2660 148 2066 -1
2663 2 2076 -1
2672 12 2076 -1
2674 83 2016 -1
2680 6 2076 -1
2686 120 2016 -1
2688 516 2001 2016 2014 -1
2697 45 2066 -1
2700 113 2016 -1
2703 42 2016 -1
2707 100 2066 -1
2713 166 2016 2066 -1
2746 20 2066 -1
2760 20 2066 -1
2768 29 2053 -1
2778 16 2053 -1
2811 9 2066 -1
2819 12 2016 -1
2831 39 2001 -1
2842 93 2016 -1
2866 4 2053 -1
2871 165 2016 2066 -1
2900 28 2066 -1
2903 5 2053 -1
2904 16 2053 -1
2912 26 2072 -1
2940 91 2016 -1
2958 48 2066 -1
2964 59 2066 -1
2967 232 2066 2016 2014 -1
2972 271 2001 -1
2985 4 2016 -1
2988 56 2016 -1
3005 27 2066 -1
3015 30 2001 -1
3024 47 2066 -1
3026 151 2016 -1
3031 42 2016 -1
3032 205 2066 -1
3033 38 2016 -1
3059 34 2016 -1
3060 4 2014 -1
3073 33 2066 -1
3081 14 2066 -1
3087 7 2016 -1
3088 24 2066 -1
3101 2 2072 -1
3108 8 2016 -1
3144 66 2016 -1
3147 6 2066 -1
3150 9 2066 -1
3189 9 2066 -1
3192 39 2016 -1
3256 20 2066 -1
3349 9 2016 -1
3352 165 2066 -1
3379 19 2016 -1
3381 177 2016 -1
3386 11 2066 -1
3390 47 2001 -1
3392 26 2066 -1
3394 121 2066 -1
3396 2 2016 -1
3439 69 2016 -1
3449 306 2001 2014 -1
3453 241 2001 -1
3454 124 2014 -1
3455 59 2014 -1
3456 250 2001 2014 -1
3462 36 2014 -1
3478 42 2001 -1
3479 83 2066 -1
3498 96 2001 -1
3521 23 2066 -1
3522 53 2001 -1
3535 5 2016 -1
3536 4 2016 -1
3541 62 2066 -1
3562 38 2066 -1
3568 128 2066 -1
3601 41 2001 -1
3614 187 2001 -1
3615 113 2066 -1
3630 30 2066 -1
3642 291 2001 -1
3645 34 2066 -1
3659 32 2066 -1
3714 15 2066 -1
3720 9 2066 -1
3728 71 2001 2066 -1
3729 12 2066 -1
3767 3 2066 -1
3786 72 2001 -1
3787 233 2014 -1
3798 18 2066 -1
3804 4 2066 -1
3815 14 2014 -1
3872 10 2066 -1
3917 23 2014 -1
3956 55 2066 -1
3976 43 2001 -1
3977 13 2066 -1
4013 4 2066 -1
4036 139 2001 -1
4042 21 2066 -1
4065 104 2014 -1
4068 6 2066 -1
4070 56 2001 -1
4074 33 2066 -1
4076 52 2066 -1
4077 63 2014 -1
4123 23 2066 -1
4127 42 2066 -1
4128 9 2066 -1
4138 59 2001 -1
4144 38 2066 -1
4190 2 2066 -1
4191 14 2066 -1
4192 7 2066 -1
4276 47 2001 -1
4310 225 2001 -1
4338 11 2001 -1
4353 69 2001 -1
4355 40 2014 2001 -1
4547 41 2014 -1
4687 19 2014 -1
4688 59 2014 -1
4718 31 2001 -1
4756 32 2001 2014 -1
4760 5 2014 -1
4824 88 2001 -1
4893 5 2014 -1
4898 5 2014 -1
4899 160 2014 2001 -1
4900 1 2014 -1
4901 2 2014 -1
4948 194 2001 -1
4967 317 2001 -1
4981 49 2001 -1
5079 240 2001 -1
5118 9 2001 -1
5176 100 2001 -1
5179 212 2001 -1
5180 47 2001 -1
5189 237 2001 -1
5190 56 2001 -1
5196 29 2001 -1
5419 8 2001 -1
5427 34 2001 -1
5487 23 2001 -1
5495 4 2001 -1
5531 224 2001 -1
5691 49 2001 -1
5733 1 2001 -1