6 258 421 440 447 432 439 422 427 415 405 435 406 431 433 402 -1
8 162 422 402 432 406 488 440 421 428 405 433 431 427 439 -1
9 71 431 402 427 440 421 439 422 -1
10 70 432 405 -1
11 733 406 407 429 431 488 440 407 465 432 415 439 432 -1
12 54 432 427 432 428 -1
14 105 427 440 422 402 421 -1
15 42 417 -1
18 8 429 -1
20 153 429 447 465 425 427 402 -1
21 77 422 447 439 429 433 465 488 -1
24 270 407 415 407 407 465 -1
25 63 439 488 422 407 407 -1
26 87 427 415 431 419 422 433 421 -1
27 89 433 402 427 422 -1
28 110 428 405 402 415 439 488 406 -1
29 136 407 439 406 402 415 435 -1
31 6 405 -1
33 20 440 402 -1
35 64 422 402 415 -1
36 231 431 465 439 417 402 427 -1
38 12 415 -1
39 39 407 415 -1
41 30 422 402 -1
42 88 407 407 415 -1
44 42 465 -1
46 58 407 402 431 428 -1
47 113 427 415 415 447 428 431 405 -1
48 17 421 -1
55 53 439 447 407 488 402 -1
56 20 415 -1
57 12 415 -1
59 94 431 421 407 417 425 -1
62 11 415 -1
66 41 402 -1
67 12 405 -1
68 187 465 -1
71 68 447 402 427 439 -1
72 113 440 432 431 422 427 407 432 -1
74 69 447 488 -1
78 26 421 422 428 419 431 433 -1
80 55 402 439 433 -1
86 101 407 447 405 407 415 407 439 428 -1
87 164 407 439 -1
90 63 439 417 -1
101 12 405 -1
104 19 477 -1
107 3 477 -1
109 166 415 -1
110 59 429 488 -1
113 68 439 -1
122 193 465 403 -1
125 28 488 -1
126 22 447 439 -1
127 83 431 417 402 -1
129 3 427 -1
130 12 439 -1
132 21 428 -1
133 8 402 -1
135 6 402 -1
136 64 431 440 -1
138 69 439 440 488 -1
139 32 440 439 -1
140 25 435 428 415 402 431 -1
142 12 402 -1
143 95 402 432 -1
150 22 407 431 407 -1
151 44 402 -1
154 53 407 407 415 407 405 402 439 -1
166 77 439 417 465 -1
171 56 432 -1
173 332 447 432 415 -1
176 39 432 -1
177 16 427 -1
178 52 429 405 -1
179 15 407 -1
180 54 402 -1
182 59 427 -1
192 16 432 406 -1
193 19 402 439 417 465 -1
202 3 427 -1
203 26 407 -1
204 10 439 -1
221 10 402 -1
223 17 422 427 -1
224 10 402 407 -1
226 13 439 -1
228 7 415 -1
231 44 402 439 -1
232 19 402 -1
236 39 428 406 -1
237 35 465 -1
242 1 407 -1
247 5 422 421 428 -1
251 4 432 -1
255 87 432 439 405 -1
259 42 432 -1
261 6 405 -1
265 30 447 -1
266 13 429 -1
269 26 440 429 439 -1
275 47 405 417 -1
280 76 407 422 447 433 407 488 415 421 431 -1
282 32 428 440 -1
296 4 415 -1
306 215 429 415 439 406 -1
308 144 417 425 439 465 447 -1
310 236 407 429 488 432 407 432 447 439 407 -1
311 312 488 407 407 439 447 465 432 -1
312 223 406 488 432 439 447 429 407 -1
315 70 488 407 -1
317 126 429 439 488 447 432 -1
319 193 429 439 407 407 403 405 -1
321 22 439 488 -1
325 15 428 -1
326 9 488 407 -1
336 28 439 465 -1
339 79 439 402 -1
340 30 440 439 -1
341 12 431 -1
346 27 403 -1
347 6 407 -1
348 19 439 -1
351 11 439 -1
371 117 439 432 447 432 -1
374 3 419 -1
397 1 402 -1
398 6 402 -1
399 6 402 -1
400 8 402 -1
401 1 402 -1
403 18 402 425 -1
404 5 403 402 -1
405 17 402 -1
406 33 402 440 -1
407 101 415 402 429 -1
408 1 402 -1
409 1 402 -1
410 5 407 431 433 402 -1
411 1 402 -1
412 21 403 -1
413 1 402 -1
414 2 415 -1
415 4 405 -1
417 8 422 435 431 433 -1
423 6 427 -1
424 6 428 427 -1
425 49 427 -1
426 26 440 431 433 427 -1
430 5 431 -1
432 155 429 407 403 433 -1
434 6 435 -1
447 8 417 -1
476 1 477 -1
502 2 417 -1
521 5 407 -1
546 107 417 415 -1
556 117 407 405 439 432 -1
560 8 440 -1
586 8 439 403 -1
590 8 429 -1
600 171 488 407 439 -1
615 27 432 -1
618 8 407 -1
626 31 432 439 -1
633 48 439 407 -1
635 52 432 -1
639 28 439 -1
644 23 439 415 425 -1
645 17 407 407 -1
649 15 407 -1
650 85 488 429 -1
659 13 417 439 -1
663 133 439 -1
673 4 407 -1
679 3 407 -1
689 27 439 -1
691 24 429 -1
695 87 439 -1
699 7 407 407 407 -1
701 3 432 -1
706 56 407 407 -1
707 110 432 -1
708 39 407 447 -1
710 88 417 -1
713 2 432 -1
722 124 447 439 429 407 -1
730 29 439 -1
733 7 439 -1
736 3 439 -1
738 7 439 -1
742 85 447 -1
749 62 407 -1
759 55 429 432 -1
766 709 403 -1
769 137 432 447 -1
780 1 407 -1
781 5 407 -1
782 9 407 -1
783 1 407 -1
784 205 407 407 417 425 407 -1
785 1 407 -1
788 52 439 447 417 415 -1
789 209 407 447 -1
794 9 407 -1
795 57 447 -1
802 4 432 -1
804 6 403 -1
813 261 407 439 432 -1
816 25 488 -1
823 11 439 -1
825 139 465 -1
826 218 403 425 415 407 -1
832 2 407 -1
836 26 429 -1
838 34 417 -1
844 35 432 -1
852 25 417 -1
853 14 488 -1
865 45 407 -1
872 26 465 -1
879 108 432 -1
896 25 439 -1
899 22 403 -1
900 5 407 -1
904 59 407 407 -1
908 6 439 -1
909 6 439 -1
910 2 439 -1
911 24 439 447 -1
912 8 439 -1
913 3 439 -1
914 6 407 439 -1
920 10 407 407 -1
922 147 415 -1
941 74 417 -1
946 85 403 -1
949 9 425 -1
956 40 417 -1
974 30 417 -1
978 54 415 -1
988 257 465 -1
993 233 403 415 -1
996 279 425 403 -1
999 3 432 -1
1000 34 403 -1
1006 130 432 -1
1011 4 447 -1
1024 40 425 -1
1034 34 417 -1
1037 50 417 415 -1
1039 6 407 -1
1046 9 432 -1
1055 139 417 432 -1
1062 157 403 432 -1
1075 59 407 432 -1
1097 93 417 -1
1111 42 432 -1
1127 58 465 -1
1129 53 415 -1
1132 42 425 -1
1135 112 407 407 -1
1137 104 432 -1
1142 28 425 417 -1
1148 1 407 -1
1151 460 465 415 403 -1
1160 24 432 -1
1164 23 407 -1
1166 318 403 -1
1169 24 407 -1
1183 8 425 -1
1184 57 403 -1
1190 4 417 -1
1200 92 403 -1
1204 58 432 -1
1210 221 403 -1
1236 98 407 425 -1
1247 69 425 -1
1261 6 407 -1
1292 5 432 -1
1297 48 465 417 -1
1305 227 403 425 -1
1319 185 415 417 407 -1
1320 6 417 -1
1350 114 407 415 -1
1357 84 403 425 417 -1
1358 7 407 -1
1365 7 432 -1
1367 17 432 -1
1368 12 407 -1
1374 385 425 -1
1377 31 407 -1
1390 28 417 -1
1395 192 403 407 -1
1428 159 415 -1
1441 23 407 -1
1463 22 403 -1
1466 24 407 -1
1471 45 425 -1
1473 70 403 425 -1
1482 26 415 -1
1487 115 407 -1
1496 190 417 -1
1521 104 403 -1
1522 90 415 465 -1
1538 75 415 -1
1549 522 407 465 417 -1
1552 50 407 -1
1555 67 415 407 -1
1583 78 465 -1
1585 80 425 415 -1
1592 25 425 -1
1608 344 415 407 403 -1
1615 109 415 -1
1622 39 415 -1
1623 36 407 -1
1647 15 417 -1
1661 36 415 -1
1684 9 403 -1
1691 47 425 -1
1700 48 415 -1
1705 44 403 -1
1717 98 415 -1
1730 29 425 -1
1734 47 465 -1
1767 75 407 -1
1769 64 415 403 -1
1808 103 465 -1
1813 33 465 -1
1820 90 425 -1
1836 16 407 -1
1857 6 407 -1
1885 43 407 -1
1891 23 415 -1
1892 5 407 -1
1896 50 403 -1
1919 113 415 403 407 -1
1922 126 465 -1
1943 3 407 -1
1944 1 407 -1
1945 2 407 -1
1972 184 465 417 -1
1991 66 425 403 -1
1997 88 415 -1
2001 37 415 -1
2005 1 415 -1
2016 12 417 -1
2065 45 465 -1
2118 114 417 -1
2133 122 403 -1
2230 38 417 -1
2237 254 465 -1
2256 125 403 425 -1
2274 33 425 -1
2297 150 417 465 425 -1
2323 54 417 -1
2326 249 417 -1
2328 205 465 403 -1
2356 57 465 -1
2398 56 465 -1
2411 96 465 417 -1
2440 43 465 -1
2473 83 403 -1
2474 101 425 403 417 -1
2485 286 465 -1
2510 69 403 -1
2542 73 417 403 -1
2557 77 403 -1
2559 54 403 -1
2565 827 417 465 425 403 -1
2594 42 465 417 -1
2599 9 417 -1
2605 58 403 -1
2623 47 403 -1
2646 30 425 -1
2651 216 465 403 417 -1
2653 102 417 -1
2658 231 417 -1
2659 5 417 -1
2660 148 417 -1
2686 120 417 465 -1
2688 516 417 465 -1
2694 17 417 -1
2700 113 465 -1
2713 166 465 417 -1
2740 28 403 -1
2768 29 425 -1
2788 4 403 -1
2790 145 417 465 -1
2791 15 425 -1
2792 17 403 -1
2822 29 403 -1
2831 39 425 -1
2871 165 465 -1
2872 54 465 -1
2913 9 417 -1
2925 18 425 -1
2935 30 425 -1
2967 232 417 -1
2968 37 465 -1
3005 27 417 -1
3007 8 465 -1
3009 38 417 -1
3010 118 465 -1
3028 99 417 465 -1
3055 42 465 -1
3084 52 465 -1
3127 12 465 -1
3172 13 465 -1
3189 9 417 -1
3291 56 465 -1
3325 6 417 -1
3333 14 417 -1
3352 165 417 465 -1
3379 19 417 -1
3391 4 417 -1
3394 121 465 -1
3404 73 465 -1
3439 69 417 -1
3488 14 465 -1
3527 47 465 -1
3536 4 417 -1
3550 1 417 -1
3551 1 417 -1
3552 1 417 -1
3553 5 417 -1
3555 11 465 -1
3562 38 465 -1
3614 187 465 -1
3615 113 465 -1
3622 22 465 -1
3630 30 465 -1
3641 194 465 -1
3642 291 465 -1
3647 13 465 -1
3659 32 465 -1
3709 7 465 -1
3724 69 465 -1
3798 18 465 -1
3799 6 465 -1
3802 5 465 -1
3806 31 465 -1
3815 14 465 -1
3909 1 465 -1
3910 14 465 -1
3911 2 465 -1
3912 15 465 -1