11 733 2475 2485 2435 2470 2479 2411 2426 2400 2456 2410 -1
14 105 2475 2470 -1
21 77 2410 -1
28 110 2479 2470 -1
36 231 2485 2456 2470 -1
42 88 2475 -1
47 113 2485 2470 2470 -1
59 94 2470 2400 -1
62 11 2470 2470 -1
66 41 2470 2470 -1
68 187 2440 -1
71 68 2400 -1
87 164 2456 -1
109 166 2440 -1
110 59 2400 -1
113 68 2479 2410 -1
122 193 2456 2411 2440 2485 2474 -1
128 51 2470 -1
143 95 2474 -1
147 50 2485 -1
161 27 2474 -1
166 77 2411 -1
172 120 2470 2470 2411 -1
173 332 2400 -1
203 26 2470 2470 2456 -1
215 84 2400 -1
237 35 2470 -1
270 14 2485 -1
290 61 2474 -1
304 64 2499 -1
306 215 2485 -1
308 144 2474 -1
310 236 2400 2485 -1
311 312 2456 2485 -1
312 223 2400 -1
315 70 2470 2456 -1
403 18 2416 -1
407 101 2400 -1
425 49 2433 -1
432 155 2485 -1
457 640 2411 2435 2433 2440 2490 2456 -1
495 3 2470 -1
546 107 2474 2440 -1
582 29 2456 -1
600 171 2475 -1
633 48 2474 -1
634 106 2485 2440 -1
635 52 2475 -1
650 85 2400 -1
663 133 2485 -1
665 6 2470 -1
667 18 2470 -1
704 82 2400 -1
710 88 2474 -1
722 124 2410 2470 -1
737 120 2440 2433 -1
742 85 2435 -1
766 709 2485 2440 2456 2410 2433 2474 -1
784 205 2416 2470 2416 2400 2411 2411 2456 -1
789 209 2456 2400 -1
795 57 2400 -1
813 261 2470 2475 2400 2485 2410 -1
825 139 2456 2411 2485 2416 -1
826 218 2410 2474 2400 -1
838 34 2416 -1
842 27 2485 2411 -1
854 56 2470 -1
856 30 2411 -1
865 45 2490 -1
899 22 2410 -1
907 6 2470 -1
922 147 2411 -1
935 19 2470 2485 -1
937 33 2485 -1
946 85 2485 2400 -1
948 26 2485 -1
978 54 2435 -1
982 32 2470 2470 -1
988 257 2400 2479 2474 2485 2435 2416 2411 -1
993 233 2479 2475 2400 -1
996 279 2400 2479 2435 2470 2470 -1
1000 34 2410 -1
1006 130 2435 -1
1042 38 2470 -1
1051 48 2470 2470 2485 -1
1055 139 2416 -1
1059 3 2470 2470 -1
1062 157 2485 2400 2435 2411 2475 2474 -1
1074 75 2440 2433 -1
1097 93 2470 2479 2470 -1
1098 260 2400 2474 2410 2435 -1
1111 42 2400 -1
1114 40 2416 -1
1132 42 2470 2456 2440 2411 2470 -1
1133 282 2456 2474 -1
1135 112 2410 2435 2475 -1
1137 104 2485 -1
1143 15 2479 -1
1151 460 2470 2479 2485 2456 2435 2433 2470 2475 2410 -1
1166 318 2474 2400 2485 -1
1193 23 2470 2470 -1
1200 92 2416 2474 -1
1203 20 2400 -1
1207 24 2490 -1
1210 221 2400 2475 2470 2411 -1
1211 66 2474 -1
1215 40 2400 -1
1230 31 2400 -1
1259 41 2411 -1
1279 126 2400 -1
1282 3 2410 -1
1285 24 2485 -1
1286 55 2456 -1
1291 34 2474 2485 -1
1297 48 2474 -1
1305 227 2411 2410 2474 2470 2485 2416 -1
1319 185 2474 -1
1322 12 2400 -1
1336 8 2470 2470 -1
1340 3 2470 -1
1341 2 2470 -1
1342 4 2470 2470 -1
1350 114 2400 -1
1356 18 2416 -1
1368 12 2474 -1
1374 385 2490 2410 2485 2470 -1
1380 59 2400 -1
1381 51 2485 -1
1382 9 2485 -1
1395 192 2400 2435 2410 2456 -1
1424 41 2411 -1
1428 159 2411 -1
1468 19 2456 -1
1473 70 2475 -1
1487 115 2475 2474 -1
1492 159 2474 2411 -1
1496 190 2410 2474 -1
1521 104 2474 2485 2400 -1
1538 75 2410 -1
1547 27 2475 -1
1549 522 2485 2456 2410 2474 2435 2475 2470 2400 2440 -1
1566 42 2485 -1
1583 78 2470 2474 2470 -1
1585 80 2410 2400 -1
1592 25 2470 -1
1594 108 2485 -1
1596 31 2474 2485 -1
1603 8 2435 -1
1608 344 2475 2435 2400 2411 -1
1614 71 2456 2410 -1
1621 76 2474 -1
1622 39 2474 -1
1636 1 2499 -1
1639 36 2485 -1
1688 24 2485 -1
1701 98 2440 -1
1707 29 2485 -1
1717 98 2411 -1
1720 13 2485 -1
1730 29 2400 -1
1732 16 2474 -1
1734 47 2474 2485 -1
1747 3 2479 -1
1748 37 2456 -1
1749 63 2490 -1
1754 18 2456 -1
1756 82 2479 2470 2435 2426 2400 -1
1766 19 2435 -1
1769 64 2479 -1
1772 95 2410 2400 -1
1781 6 2410 -1
1783 58 2410 2474 -1
1794 25 2475 -1
1796 38 2440 -1
1800 20 2479 -1
1808 103 2485 2410 2475 -1
1814 79 2440 -1
1820 90 2400 2411 -1
1872 4 2485 -1
1885 43 2485 2475 -1
1888 28 2410 -1
1918 18 2411 -1
1919 113 2479 2470 2470 2400 2411 -1
1922 126 2474 2475 -1
1951 26 2485 2435 -1
1964 10 2485 -1
1966 17 2485 -1
1967 31 2485 -1
1972 184 2474 2485 -1
1976 6 2470 -1
1980 44 2400 -1
1991 66 2410 -1
1997 88 2475 2435 -1
2009 46 2485 2456 2470 2470 -1
2010 11 2470 2470 -1
2014 11 2470 2470 -1
2042 2 2470 2470 -1
2044 1 2470 -1
2052 13 2475 -1
2062 118 2400 -1
2063 16 2470 2475 -1
2069 17 2470 2475 -1
2072 121 2400 2470 2426 2479 2475 2410 -1
2085 28 2435 2400 -1
2093 52 2470 2475 2470 2435 -1
2094 1 2470 -1
2095 6 2470 -1
2102 31 2474 -1
2113 5 2420 -1
2117 18 2456 2470 -1
2118 114 2456 2435 2400 -1
2130 8 2470 -1
2133 122 2479 2435 2470 2400 2470 2475 2410 -1
2135 143 2485 2456 2433 2470 -1
2145 134 2456 -1
2172 24 2479 -1
2174 49 2435 2410 2470 2411 -1
2181 2 2475 -1
2206 4 2499 -1
2209 25 2410 -1
2215 12 2456 -1
2225 36 2474 -1
2226 23 2456 -1
2230 38 2411 -1
2231 26 2435 2400 -1
2233 34 2475 2400 -1
2236 75 2411 2474 -1
2237 254 2470 2456 2470 2485 -1
2240 106 2499 2435 -1
2249 38 2400 -1
2251 23 2435 -1
2255 31 2400 -1
2256 125 2475 2411 2410 2435 -1
2257 47 2440 -1
2258 90 2456 -1
2264 51 2433 -1
2272 31 2400 -1
2274 33 2411 2435 -1
2285 16 2485 -1
2290 95 2411 2485 -1
2297 150 2440 2456 2485 2474 -1
2299 65 2410 2485 -1
2323 54 2485 -1
2324 2 2485 -1
2326 249 2411 2485 2433 2416 -1
2328 205 2479 2485 2435 2470 2400 2411 2470 2410 2475 -1
2332 20 2411 -1
2364 10 2440 -1
2365 58 2411 -1
2367 8 2475 -1
2369 134 2411 -1
2370 2 2484 -1
2371 93 2470 2485 2400 -1
2372 5 2479 -1
2373 3 2470 2470 -1
2375 32 2470 2479 -1
2376 22 2474 -1
2378 4 2400 -1
2379 46 2411 2411 2485 -1
2384 65 2416 2416 -1
2398 56 2400 -1
2399 2 2400 -1
2411 96 2474 2433 -1
2416 22 2426 -1
2419 1 2420 -1
2427 6 2470 2470 -1
2433 2 2435 -1
2434 2 2435 -1
2437 3 2470 2470 -1
2438 2 2470 2470 -1
2439 2 2470 2470 -1
2440 43 2470 2470 -1
2441 1 2470 -1
2442 1 2470 -1
2443 1 2470 -1
2444 6 2470 2470 -1
2445 1 2470 -1
2446 1 2470 -1
2447 1 2470 -1
2448 1 2470 -1
2449 2 2470 2470 -1
2450 1 2470 -1
2451 3 2470 2470 -1
2452 29 2470 2470 -1
2453 1 2470 -1
2454 1 2470 -1
2455 2 2470 2470 -1
2456 31 2440 2470 -1
2457 2 2470 2470 -1
2458 7 2470 2470 -1
2459 1 2470 -1
2460 1 2470 -1
2461 1 2470 -1
2471 1 2475 -1
2472 76 2470 2475 -1
2473 83 2475 2410 -1
2474 101 2410 -1
2476 35 2479 2416 -1
2477 1 2479 -1
2478 2 2479 -1
2485 286 2456 2411 2433 -1
2497 37 2499 2485 -1
2506 28 2474 -1
2507 64 2410 2474 -1
2508 13 2470 -1
2510 69 2474 2485 2410 -1
2542 73 2456 -1
2547 64 2474 2485 2440 -1
2549 63 2474 -1
2555 11 2410 -1
2557 77 2416 2470 2411 -1
2559 54 2470 -1
2560 89 2485 -1
2564 49 2456 -1
2565 827 2410 2485 2470 2474 2411 2411 2416 2433 2456 2416 2433 -1
2576 138 2416 2474 2411 2470 -1
2578 13 2410 -1
2593 26 2411 -1
2594 42 2410 -1
2608 14 2470 2410 -1
2617 22 2410 -1
2618 50 2410 -1
2619 44 2474 2485 -1
2647 16 2416 2470 -1
2651 216 2411 -1
2653 102 2485 2411 -1
2654 56 2411 2470 2485 -1
2657 35 2485 2411 -1
2658 231 2485 2411 -1
2660 148 2474 2485 -1
2665 6 2410 -1
2667 93 2474 -1
2674 83 2474 2485 -1
2686 120 2485 -1
2688 516 2490 2433 2440 2411 2474 2433 2456 2485 -1
2689 34 2485 -1
2691 39 2485 -1
2693 132 2411 2485 2433 -1
2694 17 2474 -1
2696 61 2485 -1
2697 45 2411 -1
2700 113 2485 2416 -1
2703 42 2411 -1
2707 100 2474 -1
2713 166 2485 2474 2411 -1
2727 35 2474 2485 -1
2740 28 2410 -1
2744 36 2416 2490 -1
2746 20 2474 -1
2747 65 2485 2411 -1
2774 45 2474 -1
2775 36 2440 2410 -1
2778 16 2416 2433 -1
2788 4 2410 -1
2790 145 2474 2440 2411 -1
2791 15 2411 -1
2811 9 2433 2433 -1
2831 39 2474 -1
2840 11 2470 -1
2842 93 2485 2416 2474 -1
2851 45 2485 -1
2859 90 2485 -1
2862 4 2470 -1
2863 5 2470 -1
2871 165 2485 2474 2456 2470 -1
2872 54 2470 -1
2886 3 2470 -1
2887 1 2470 -1
2888 1 2470 -1
2889 11 2470 -1
2890 1 2470 -1
2891 1 2470 -1
2892 1 2470 -1
2893 1 2470 -1
2894 1 2470 -1
2895 1 2470 -1
2904 16 2411 -1
2909 51 2485 -1
2912 26 2456 2474 -1
2923 33 2474 2411 2485 -1
2932 50 2485 -1
2939 5 2411 -1
2940 91 2485 -1
2947 10 2485 -1
2953 10 2485 -1
2958 48 2474 2411 -1
2967 232 2456 2474 2411 2433 2485 -1
2972 271 2440 -1
2988 56 2485 -1
3000 31 2411 -1
3001 5 2485 -1
3005 27 2474 -1
3010 118 2411 2485 -1
3020 48 2474 -1
3024 47 2411 2485 -1
3026 151 2411 2485 2411 -1
3027 31 2456 -1
3028 99 2485 -1
3031 42 2485 -1
3032 205 2485 -1
3033 38 2485 2474 -1
3034 38 2440 -1
3041 14 2440 -1
3044 4 2474 -1
3046 10 2411 -1
3047 10 2411 -1
3053 8 2474 -1
3056 34 2485 2416 2411 -1
3059 34 2474 2485 -1
3062 30 2474 2485 -1
3073 33 2485 -1
3077 4 2411 -1
3078 1 2411 -1
3084 52 2411 2485 -1
3090 10 2485 -1
3107 10 2485 -1
3125 16 2485 -1
3144 66 2485 2456 -1
3175 34 2411 2485 -1
3192 39 2485 -1
3196 19 2485 -1
3199 13 2485 -1
3200 8 2411 -1
3225 13 2456 -1
3252 33 2485 -1
3256 20 2411 -1
3276 60 2485 -1
3290 29 2485 -1
3304 31 2411 2485 -1
3309 3 2474 -1
3310 18 2474 -1
3311 1 2474 -1
3333 14 2485 -1
3345 36 2440 -1
3352 165 2485 2411 -1
3375 36 2485 -1
3378 37 2456 2485 -1
3380 33 2411 2485 -1
3381 177 2433 -1
3394 121 2411 2485 -1
3404 73 2485 -1
3417 31 2411 -1
3422 2 2485 -1
3439 69 2440 -1
3443 13 2456 -1
3447 214 2456 -1
3449 306 2490 2456 -1
3451 49 2456 -1
3452 91 2456 -1
3453 241 2433 2456 2440 -1
3454 124 2456 -1
3456 250 2456 2440 2433 -1
3457 97 2485 -1
3458 61 2485 -1
3459 73 2440 -1
3462 36 2456 -1
3472 9 2440 -1
3477 45 2411 2485 -1
3479 83 2499 -1
3481 11 2485 -1
3482 10 2485 -1
3498 96 2490 2456 -1
3512 8 2485 -1
3519 49 2485 -1
3521 23 2485 -1
3523 15 2485 2411 -1
3526 6 2485 2411 -1
3527 47 2485 -1
3542 4 2485 -1
3567 17 2485 -1
3568 128 2485 -1
3571 39 2485 -1
3597 11 2485 -1
3611 19 2485 2411 -1
3615 113 2411 -1
3622 22 2485 -1
3624 49 2485 -1
3641 194 2433 -1
3642 291 2490 2433 2440 -1
3658 38 2485 -1
3666 125 2456 2490 -1
3731 12 2411 -1
3746 1 2485 -1
3747 3 2485 -1
3748 26 2485 -1
3749 3 2485 -1
3750 2 2485 -1
3751 10 2485 -1
3752 15 2485 -1
3753 1 2485 -1
3754 6 2485 -1
3765 1 2411 -1
3766 5 2411 -1
3785 15 2411 -1
3787 233 2456 -1
3794 44 2456 -1
3835 26 2456 -1
3854 79 2433 -1
3917 23 2456 2440 -1
3965 79 2499 -1
3969 58 2433 2433 -1
4036 139 2440 -1
4045 244 2433 2440 2456 -1
4076 52 2433 2456 -1
4211 39 2456 -1
4219 101 2456 2433 -1
4261 23 2456 -1
4297 32 2440 -1
4310 225 2440 -1
4326 5 2433 -1
4447 12 2456 -1
4448 32 2433 -1
4488 35 2440 -1
4500 2 2433 -1
4523 1 2433 -1
4598 34 2440 -1
4633 11 2456 -1
4664 5 2456 -1
4671 6 2456 -1
4673 68 2440 -1
4687 19 2456 2440 -1
4688 59 2456 -1
4717 57 2456 -1
4725 33 2456 -1
4739 11 2456 -1
4756 32 2456 -1
4757 6 2456 -1
4774 12 2456 -1
4781 28 2456 -1
4782 2 2456 -1
4813 45 2440 -1
4899 160 2440 -1
4934 6 2433 2433 -1
4967 317 2440 2433 2490 -1
4981 49 2440 -1
4988 22 2490 -1
5022 173 2433 2490 -1
5079 240 2440 2433 -1
5123 60 2490 -1
5140 50 2440 -1
5187 28 2490 -1
5188 211 2440 2433 -1
5193 15 2440 -1
5263 74 2490 -1
5437 24 2490 -1
5457 20 2490 -1
5524 402 2433 2440 -1
5531 224 2433 2440 -1
5582 105 2433 -1
5584 12 2440 -1
5612 38 2440 -1
5624 20 2440 -1
5691 49 2490 -1
5697 219 2490 2440 2433 -1
5739 37 2440 -1
5796 173 2440 -1
5802 248 2440 2433 -1
5810 26 2440 -1
5816 50 2440 -1
5817 30 2433 -1
5819 52 2440 -1
5821 18 2440 -1
5822 81 2440 -1
5864 1 2490 -1
5866 1 2490 -1
5868 3 2490 -1
5871 51 2440 -1
5952 14 2440 -1
6006 47 2433 2440 -1
6038 6 2440 -1
6179 7 2440 -1
6223 12 2440 -1
6271 8 2440 -1
6272 80 2440 -1
6305 147 2433 2440 -1
6359 72 2433 -1
6381 2 2433 -1
6443 51 2433 -1
6460 56 2440 -1
6519 1 2433 -1
6520 2 2433 -1
6521 1 2433 -1
6522 21 2433 -1
6523 31 2433 -1
6524 6 2433 -1
6525 13 2433 -1
6563 54 2440 -1
6577 10 2440 -1