20 153 5780 5714 5775 -1
24 270 5714 -1
27 89 5743 -1
36 231 5714 5799 -1
37 21 5780 -1
42 88 5775 -1
68 187 5732 5780 -1
71 68 5714 -1
87 164 5798 5732 5737 5775 5790 -1
109 166 5739 5798 5760 5714 5799 -1
122 193 5790 -1
136 64 5739 -1
173 332 5799 5714 -1
231 44 5743 -1
259 42 5714 -1
308 144 5714 -1
310 236 5721 5753 -1
311 312 5743 -1
335 48 5743 -1
371 117 5775 -1
398 6 5739 -1
425 49 5798 -1
457 640 5743 5739 5753 5775 5780 5776 5721 5737 5714 5760 5799 5798 5732 -1
469 8 5714 -1
600 171 5714 -1
689 27 5790 -1
695 87 5760 -1
697 85 5790 -1
737 120 5760 -1
766 709 5780 5732 5743 5753 5775 5790 5776 5739 5773 5714 5721 5799 5737 -1
789 209 5743 5753 -1
813 261 5753 -1
825 139 5743 5737 -1
879 108 5739 -1
896 25 5798 -1
996 279 5790 5784 -1
1000 34 5798 -1
1008 5 5714 -1
1041 31 5790 5743 -1
1042 38 5799 -1
1055 139 5790 5714 -1
1074 75 5739 5799 5714 -1
1097 93 5743 -1
1098 260 5773 5772 5776 5760 -1
1133 282 5780 5753 5775 -1
1151 460 5775 5721 5776 5714 5743 -1
1166 318 5780 5743 5714 -1
1210 221 5799 -1
1305 227 5739 -1
1374 385 5737 5790 5743 5780 5732 5721 5714 5773 5760 -1
1419 29 5732 -1
1470 115 5714 5798 -1
1473 70 5714 -1
1496 190 5732 -1
1542 237 5798 5780 5760 5739 5743 5799 5714 -1
1549 522 5721 5714 5775 5732 5776 -1
1601 4 5714 -1
1608 344 5714 -1
1621 76 5739 -1
1667 32 5737 -1
1674 7 5732 -1
1688 24 5798 -1
1691 47 5714 -1
1697 42 5714 5732 -1
1701 98 5775 5714 -1
1717 98 5780 -1
1733 40 5714 -1
1737 6 5760 -1
1762 37 5714 -1
1767 75 5714 -1
1795 41 5773 -1
1796 38 5739 -1
1799 42 5798 -1
1808 103 5714 -1
1814 79 5798 5737 -1
1835 55 5714 5799 -1
2096 2 5799 -1
2102 31 5780 -1
2109 27 5790 -1
2115 12 5721 -1
2135 143 5743 -1
2226 23 5773 -1
2246 7 5714 -1
2257 47 5732 -1
2258 90 5760 5790 5773 5784 5732 5798 5753 -1
2264 51 5714 5775 -1
2297 150 5714 -1
2299 65 5714 -1
2328 205 5714 -1
2331 2 5714 -1
2365 58 5773 5775 -1
2369 134 5775 5739 5714 5799 -1
2381 37 5721 -1
2384 65 5790 5753 5775 -1
2387 52 5780 -1
2410 27 5743 -1
2440 43 5760 -1
2456 31 5760 5760 -1
2485 286 5790 -1
2516 36 5743 -1
2542 73 5714 -1
2549 63 5790 5784 5743 -1
2564 49 5714 -1
2565 827 5776 5714 5760 5739 5773 -1
2576 138 5721 5732 5739 -1
2595 42 5760 -1
2605 58 5721 -1
2651 216 5775 5780 -1
2660 148 5732 5790 -1
2667 93 5753 5798 -1
2674 83 5743 -1
2677 37 5739 5773 -1
2688 516 5753 5775 5743 5732 5790 5780 5739 5784 5737 -1
2693 132 5714 5739 5780 -1
2696 61 5743 -1
2707 100 5737 5775 5721 -1
2713 166 5732 5721 -1
2744 36 5784 -1
2760 20 5784 -1
2871 165 5737 5775 -1
2908 11 5753 -1
2972 271 5775 5776 5737 5732 5721 5743 -1
2974 15 5743 -1
2988 56 5775 -1
3010 118 5780 -1
3015 30 5732 5775 5780 -1
3032 205 5799 5776 -1
3034 38 5790 -1
3057 36 5775 -1
3092 52 5714 5775 -1
3110 19 5743 -1
3142 41 5738 -1
3145 17 5790 -1
3168 69 5790 -1
3191 55 5775 5743 5737 -1
3309 3 5721 -1
3345 36 5775 5784 -1
3375 36 5743 -1
3381 177 5760 5798 5714 5739 5776 -1
3390 47 5737 5743 5732 5775 -1
3404 73 5732 -1
3447 214 5760 5743 5737 5775 -1
3449 306 5775 5732 5737 5743 5753 5798 5780 5790 -1
3452 91 5753 -1
3453 241 5721 5743 5775 5739 5714 5737 5780 -1
3456 250 5775 5760 5743 5739 5714 -1
3457 97 5753 -1
3459 73 5739 5780 -1
3478 42 5775 5799 5732 -1
3479 83 5743 5737 5732 -1
3498 96 5743 5721 5780 5790 5753 -1
3522 53 5790 -1
3571 39 5799 -1
3586 135 5753 5760 5799 5714 5739 -1
3593 26 5776 -1
3601 41 5737 5743 5732 -1
3614 187 5798 5739 5732 5753 5737 5775 5714 5743 -1
3641 194 5739 5743 5753 5714 -1
3642 291 5773 5775 5790 5714 5732 5739 5780 5753 5737 5743 5760 5721 5799 -1
3643 35 5743 -1
3658 38 5799 -1
3666 125 5790 5743 -1
3691 70 5739 5760 -1
3728 71 5780 5775 -1
3747 3 5790 -1
3786 72 5780 5721 5790 5737 5760 -1
3787 233 5760 5790 5784 5798 -1
3792 19 5714 -1
3794 44 5753 -1
3796 107 5780 5775 5743 5737 -1
3813 72 5743 5721 5739 5780 -1
3815 14 5732 -1
3854 79 5737 -1
3910 14 5799 5780 -1
3916 25 5714 5775 -1
3956 55 5775 -1
3995 53 5743 5780 -1
4036 139 5780 5743 5737 5790 5732 -1
4040 71 5732 5743 -1
4041 54 5737 -1
4045 244 5780 5773 5739 5799 5776 5775 5753 5790 -1
4065 104 5760 -1
4070 56 5732 5775 -1
4071 15 5775 -1
4082 15 5784 5790 -1
4099 101 5714 5760 5743 -1
4138 59 5732 5737 -1
4144 38 5732 -1
4151 79 5799 5743 5714 -1
4212 30 5737 -1
4221 41 5714 -1
4222 28 5790 -1
4266 11 5780 -1
4276 47 5743 5775 5737 -1
4295 16 5743 -1
4310 225 5732 5760 5739 5798 5743 5775 -1
4326 5 5714 -1
4338 11 5714 -1
4353 69 5775 5732 5743 -1
4355 40 5737 5775 5780 -1
4416 5 5714 -1
4437 33 5775 5776 -1
4441 186 5780 5798 5799 -1
4443 4 5799 -1
4483 137 5739 5799 5753 5760 5743 5790 -1
4488 35 5743 -1
4524 7 5773 -1
4530 6 5743 -1
4536 58 5743 5775 -1
4557 15 5743 5780 -1
4598 34 5790 5776 -1
4616 6 5799 -1
4632 202 5798 5780 5753 5743 5760 -1
4653 80 5743 5737 -1
4662 44 5760 -1
4673 68 5798 5799 -1
4686 40 5743 -1
4709 24 5775 -1
4712 91 5776 5743 5753 -1
4714 3 5775 -1
4715 8 5790 -1
4717 57 5760 5743 -1
4718 31 5743 -1
4756 32 5737 5760 -1
4764 52 5721 -1
4792 45 5739 5732 -1
4795 66 5773 -1
4813 45 5799 -1
4824 88 5732 5721 5743 5753 5780 5775 5737 -1
4825 2 5775 -1
4828 105 5739 5714 -1
4829 57 5739 -1
4843 12 5714 -1
4879 20 5760 -1
4883 4 5714 -1
4894 34 5799 -1
4899 160 5799 5753 5780 5743 5775 -1
4948 194 5732 5737 5721 5743 5773 -1
4960 8 5799 -1
4964 51 5760 -1
4967 317 5743 5799 5780 5732 5714 5721 5753 5790 5798 5739 5776 5737 5775 -1
4974 41 5775 5743 -1
4981 49 5714 -1
4988 22 5790 -1
4994 17 5760 -1
5002 116 5737 5773 5721 -1
5006 16 5743 -1
5015 9 5760 -1
5020 45 5760 -1
5022 173 5760 5798 5753 5799 5738 5739 -1
5037 18 5743 -1
5051 8 5775 -1
5053 53 5775 5760 -1
5079 240 5760 5799 5775 5737 5780 5743 5714 5739 5732 5798 -1
5102 48 5773 -1
5103 118 5714 5799 -1
5110 84 5798 -1
5118 9 5743 -1
5123 60 5760 5775 5799 5737 -1
5125 16 5753 -1
5150 14 5775 5743 -1
5153 5 5753 -1
5166 41 5714 -1
5171 40 5775 -1
5172 18 5780 -1
5173 121 5773 5738 5784 5714 5790 5772 -1
5175 20 5775 5743 -1
5176 100 5721 5737 5732 5743 5780 5775 5756 -1
5177 92 5714 5798 -1
5178 15 5753 -1
5179 212 5798 5776 5760 5739 5721 5737 5753 5775 5732 5743 -1
5180 47 5780 5790 5775 5743 -1
5182 14 5743 -1
5184 64 5775 5743 -1
5185 120 5798 5753 5760 5799 5714 -1
5187 28 5721 5775 5784 -1
5188 211 5799 5737 5776 5780 5798 5732 5743 5790 5775 5714 5739 -1
5189 237 5760 5737 5799 5753 5798 5775 5743 -1
5217 17 5760 5743 -1
5254 34 5714 -1
5263 74 5721 5743 5790 5756 5705 5784 -1
5295 23 5780 -1
5296 15 5732 -1
5301 42 5753 -1
5313 11 5780 5775 -1
5316 22 5714 -1
5317 10 5780 -1
5320 6 5743 -1
5398 2 5714 -1
5419 8 5705 5775 5737 -1
5423 36 5798 5799 -1
5439 39 5739 5773 5799 -1
5452 18 5739 -1
5454 19 5743 -1
5457 20 5780 -1
5462 7 5780 -1
5484 18 5780 -1
5489 10 5780 -1
5495 4 5737 -1
5524 402 5760 5776 5739 5714 5773 -1
5531 224 5753 5732 5776 5739 5780 5714 5760 5775 5799 -1
5532 16 5780 -1
5534 11 5775 -1
5543 128 5798 5753 5739 -1
5549 7 5714 -1
5552 8 5780 -1
5582 105 5714 5799 5776 -1
5591 21 5799 -1
5606 23 5780 5775 -1
5612 38 5757 -1
5616 12 5732 5760 -1
5630 31 5739 -1
5655 48 5714 -1
5660 2 5799 -1
5684 17 5743 5798 -1
5691 49 5784 5790 5743 5753 5780 -1
5692 19 5773 -1
5697 219 5743 5798 5739 5773 5799 5714 5776 -1
5701 1 5701 -1
5709 4 5799 -1
5714 42 5760 5743 5799 5798 -1
5720 3 5721 -1
5721 8 5776 -1
5722 2 5737 -1
5729 1 5732 -1
5730 1 5732 -1
5731 2 5732 -1
5741 9 5743 -1
5747 2 5799 -1
5755 1 5756 -1
5761 8 5780 5784 -1
5763 4 5775 -1
5766 1 5767 -1
5770 5 5784 -1
5771 3 5775 -1
5772 10 5775 -1
5773 63 5760 5775 5773 -1
5774 1 5775 -1
5775 39 5773 -1
5787 29 5753 -1
5788 4 5790 -1
5789 1 5790 -1
5796 173 5714 5760 5739 -1
5800 182 5739 5760 -1
5802 248 5798 5773 5714 5760 5739 5799 5776 -1
5805 10 5799 -1
5807 16 5776 -1
5809 20 5753 -1
5811 65 5760 5739 -1
5812 42 5760 -1
5814 106 5714 5760 5739 -1
5815 4 5798 -1
5818 40 5798 -1
5819 52 5753 -1
5822 81 5799 -1
5823 13 5798 -1
5824 29 5773 5739 -1
5834 6 5753 -1
5857 62 5714 5799 -1
5871 51 5739 -1
5932 35 5799 -1
5934 32 5753 -1
5981 6 5799 -1
5998 80 5776 5773 5799 -1
6006 47 5714 5799 5776 -1
6023 16 5799 -1
6032 70 5739 -1
6045 3 5773 -1
6068 30 5753 -1
6075 16 5753 -1
6082 4 5714 5799 -1
6094 11 5753 -1
6108 4 5753 -1
6123 18 5760 -1
6156 20 5714 5798 -1
6218 47 5799 5798 -1
6229 18 5714 -1
6241 64 5760 -1
6243 32 5739 -1
6270 57 5799 5773 5714 5739 -1
6271 8 5799 -1
6272 80 5739 -1
6280 31 5773 5760 -1
6299 70 5760 5776 5773 -1
6305 147 5760 5739 5773 5799 5714 -1
6323 49 5739 -1
6327 71 5773 5776 5772 5714 -1
6347 11 5773 -1
6356 2 5714 -1
6359 72 5739 5714 -1
6360 35 5798 -1
6377 18 5798 -1
6378 1 5798 -1
6423 1 5738 -1
6424 2 5738 -1
6456 3 5714 -1
6458 22 5760 -1
6479 13 5714 -1
6486 57 5773 5739 -1
6488 19 5739 -1
6494 70 5799 5760 5714 -1
6500 5 5714 5799 -1
6501 10 5739 5799 -1
6502 12 5799 -1
6503 4 5799 -1
6523 31 5714 -1
6555 33 5760 -1
6560 42 5776 -1
6563 54 5714 5773 5739 -1
6611 11 5739 -1
6615 119 5773 5776 5760 5739 -1
6618 79 5776 5773 -1
6619 77 5760 5773 -1
6620 91 5739 5776 5773 -1
6624 122 5760 -1
6645 2 5714 -1
6649 23 5739 5760 -1
6671 4 5760 -1
6714 92 5714 5760 -1
6736 31 5739 -1
6747 3 5773 -1
6772 49 5714 5773 5739 -1
6774 23 5739 -1
6797 1 5714 -1
6798 1 5714 -1
6800 1 5714 -1
6801 5 5714 5773 -1
6855 14 5773 -1
6859 10 5776 -1
6865 16 5739 -1
6883 4 5776 -1
6902 20 5739 -1
6906 49 5773 5776 5760 -1
6907 183 5760 5773 5776 -1
6913 34 5776 5773 -1
6914 52 5760 5773 -1
6923 2 5739 -1
6924 12 5739 -1
6976 37 5776 -1
7038 4 5772 -1
7045 36 5760 -1
7052 114 5760 5776 -1
7080 58 5773 -1
7086 111 5738 -1
7092 75 5773 -1
7099 15 5760 -1
7120 10 5776 -1
7121 6 5776 -1
7126 2 5773 -1
7130 2 5773 -1
7142 4 5773 -1
7174 1 5773 -1
7175 1 5773 -1
7176 3 5773 -1
7177 1 5773 -1
7189 3 5760 -1
7233 18 5760 -1
7281 12 5760 -1
7317 4 5760 -1
7335 13 5760 -1
7374 1 5760 -1
7744 49 5738 -1
8162 9 5738 -1