3 23 611 604 -1
4 8 650 -1
6 258 613 604 673 656 643 600 665 659 659 659 609 691 617 611 668 -1
8 162 659 636 631 613 617 628 664 665 674 668 607 667 637 657 650 656 600 622 627 673 609 675 604 681 611 659 677 616 658 624 -1
9 71 658 626 664 611 -1
10 70 659 600 658 681 631 628 627 609 667 664 665 636 668 622 617 675 656 657 659 -1
11 733 613 673 677 667 644 677 673 622 675 631 607 668 659 664 674 627 628 659 624 609 643 659 658 608 611 617 681 600 647 636 637 684 -1
12 54 668 644 609 675 677 663 631 697 677 -1
14 105 609 613 617 650 656 619 616 631 665 626 -1
15 42 667 600 -1
16 16 637 -1
17 37 667 658 624 675 656 -1
18 8 643 -1
20 153 650 636 626 631 667 658 611 624 600 681 609 697 675 656 677 657 -1
21 77 664 637 611 657 613 667 656 -1
23 48 667 664 616 617 601 656 674 -1
24 270 626 696 636 663 633 681 647 667 643 697 600 644 -1
25 63 667 650 696 675 659 604 673 600 -1
26 87 675 673 684 673 681 636 -1
27 89 667 681 636 628 627 613 609 684 673 604 664 624 656 631 616 668 -1
28 110 627 636 600 667 675 616 673 631 658 681 656 -1
29 136 670 627 668 659 611 677 665 667 600 684 673 681 604 656 674 -1
35 64 644 647 -1
36 231 637 667 681 636 665 697 663 656 644 643 626 600 -1
37 21 608 608 609 656 -1
38 12 609 -1
39 39 628 611 659 613 659 631 -1
41 30 681 -1
42 88 658 656 -1
46 58 624 609 681 656 664 -1
47 113 656 675 664 644 667 609 -1
48 17 664 -1
49 12 664 -1
51 12 656 609 -1
55 53 696 697 673 -1
56 20 622 -1
57 12 656 675 -1
59 94 600 643 -1
66 41 607 600 -1
68 187 608 650 -1
71 68 631 600 -1
72 113 667 659 637 -1
74 69 626 637 643 665 -1
75 24 600 -1
77 23 644 604 624 -1
79 28 600 697 637 -1
80 55 656 636 681 631 643 657 658 664 675 684 600 -1
86 101 696 674 626 600 -1
87 164 656 647 608 658 667 600 696 -1
90 63 644 600 -1
94 17 613 656 -1
98 5 664 -1
103 55 681 667 656 600 657 -1
104 19 664 667 -1
105 1 677 -1
110 59 667 656 665 616 613 -1
111 26 636 600 668 611 -1
122 193 608 -1
125 28 637 -1
126 22 697 696 -1
127 83 607 616 656 650 -1
130 12 656 650 657 -1
132 21 656 -1
135 6 656 -1
138 69 600 656 637 659 663 668 681 673 -1
139 32 611 681 -1
143 95 647 644 697 633 -1
145 15 626 -1
150 22 607 609 -1
151 44 643 637 659 -1
152 18 667 665 656 -1
154 53 609 617 636 -1
157 41 663 696 697 626 -1
161 27 677 -1
164 7 628 677 -1
166 77 659 659 673 647 -1
168 7 663 -1
171 56 644 -1
173 332 600 665 626 691 647 697 644 -1
176 39 647 -1
177 16 677 677 -1
178 52 600 673 616 -1
179 15 673 -1
180 54 677 -1
182 59 600 644 667 650 656 647 -1
187 32 601 600 664 657 658 -1
192 16 600 -1
193 19 656 -1
201 20 681 -1
203 26 600 -1
204 10 611 -1
205 9 600 658 613 -1
208 3 626 -1
209 9 686 696 626 697 -1
215 84 636 663 684 -1
221 10 604 -1
223 17 636 607 -1
231 44 650 657 656 600 613 673 686 611 617 -1
232 19 600 665 -1
236 39 636 600 622 656 611 684 -1
237 35 636 -1
241 8 626 -1
254 15 677 -1
255 87 636 637 677 628 624 677 643 608 681 631 656 659 600 668 659 673 627 673 667 675 697 657 607 633 658 -1
256 8 644 626 -1
259 42 600 626 -1
261 6 607 609 -1
265 30 675 677 600 -1
266 13 665 -1
269 26 609 697 -1
275 47 604 664 650 667 657 656 -1
280 76 697 667 677 626 -1
282 32 664 604 606 675 656 607 609 -1
290 61 633 -1
304 64 696 -1
305 6 659 -1
306 215 677 659 659 667 637 636 656 682 673 643 609 684 600 681 664 675 613 697 -1
308 144 697 663 600 643 626 647 673 644 -1
310 236 682 674 659 677 665 697 626 686 600 637 633 -1
311 312 674 697 626 643 637 663 647 -1
312 223 657 647 636 631 691 697 686 643 673 681 626 624 673 677 664 682 658 675 677 600 674 696 667 668 670 628 684 656 644 -1
313 41 644 697 -1
315 70 637 677 659 643 673 663 -1
317 126 637 647 663 696 697 644 626 686 643 677 -1
319 193 647 622 600 627 675 637 673 659 659 673 656 633 -1
321 22 696 -1
325 15 607 -1
328 10 626 -1
334 41 643 697 -1
336 28 600 636 -1
339 79 673 616 627 628 624 611 659 609 644 631 659 647 643 600 668 675 613 -1
340 30 627 663 656 628 -1
343 4 656 -1
345 8 600 -1
346 27 659 -1
348 19 686 697 -1
349 1 613 -1
350 2 696 -1
364 11 670 658 -1
366 11 656 -1
371 117 664 643 658 686 627 600 659 677 -1
376 36 697 643 636 -1
381 2 622 -1
387 3 600 -1
400 8 686 -1
405 17 697 637 658 677 -1
406 33 670 677 675 681 684 636 668 667 -1
407 101 696 673 697 -1
412 21 681 -1
414 2 656 -1
432 155 664 665 691 697 637 675 618 -1
439 8 644 -1
457 640 696 608 697 663 633 -1
469 8 608 -1
499 11 626 -1
501 9 664 -1
513 2 636 -1
545 25 644 647 -1
553 19 626 600 -1
556 117 628 675 643 631 659 686 627 611 624 697 658 626 659 656 617 657 650 600 667 665 668 -1
564 13 656 673 604 -1
574 3 673 -1
579 3 626 -1
583 9 633 628 -1
584 5 604 -1
586 8 667 673 -1
591 2 673 -1
592 8 657 611 628 624 -1
600 171 647 677 626 601 637 -1
601 9 600 -1
602 1 604 -1
604 8 636 600 -1
606 3 611 607 -1
608 3 609 -1
612 1 613 -1
614 7 600 616 659 659 -1
615 27 627 675 636 628 650 677 668 656 684 664 624 657 617 616 622 -1
618 8 673 600 -1
620 10 622 643 628 673 -1
624 2 628 627 -1
625 3 624 -1
626 31 627 600 673 -1
633 48 636 644 656 626 600 -1
634 106 644 686 697 647 626 608 -1
635 52 659 656 643 600 -1
636 9 663 -1
639 28 674 668 696 -1
640 3 644 -1
641 2 686 -1
642 3 657 656 -1
643 44 673 600 -1
644 23 677 636 -1
645 17 659 -1
647 29 626 600 -1
649 15 650 600 -1
650 85 637 677 657 667 682 -1
651 1 656 -1
652 2 656 -1
653 2 656 -1
654 1 656 -1
658 6 667 664 -1
661 2 658 -1
662 2 658 -1
663 133 643 637 667 675 697 696 600 664 684 677 636 -1
665 6 667 -1
666 2 665 667 -1
667 18 665 -1
672 1 673 -1
674 16 675 -1
682 3 684 636 -1
686 57 644 663 -1
689 27 644 -1
691 24 696 -1
693 1 694 -1
695 87 600 691 -1
697 85 663 643 691 600 696 -1
698 7 665 -1
699 7 647 -1
704 82 663 647 673 -1
705 23 674 -1
706 56 663 600 626 -1
707 110 697 663 696 626 -1
708 39 696 -1
710 88 644 663 697 686 -1
715 21 644 647 -1
722 124 643 637 -1
728 4 600 -1
730 29 600 696 -1
742 85 663 643 697 659 -1
749 62 600 697 -1
759 55 600 643 659 626 -1
760 1 600 -1
762 42 626 659 600 691 663 659 697 644 -1
763 45 637 -1
764 22 600 -1
766 709 608 644 673 659 600 659 633 -1
767 1 600 -1
768 1 600 -1
769 137 626 600 -1
770 3 600 -1
771 7 600 626 -1
772 3 600 -1
781 5 673 -1
782 9 659 673 677 -1
784 205 647 663 697 665 -1
788 52 644 643 697 696 -1
789 209 697 637 673 663 -1
791 29 647 -1
795 57 643 -1
796 5 644 -1
797 4 644 -1
803 5 659 -1
805 82 644 -1
810 19 647 -1
813 261 691 608 -1
816 25 644 -1
823 11 686 697 677 626 -1
824 1 677 -1
826 218 665 633 -1
836 26 665 -1
838 34 643 -1
844 35 637 663 -1
848 7 643 -1
853 14 663 674 697 -1
860 7 643 -1
862 3 637 -1
863 1 637 -1
865 45 626 -1
869 9 674 -1
870 37 674 -1
871 47 697 -1
872 26 686 -1
873 4 643 -1
879 108 608 -1
886 2 643 -1
896 25 696 -1
911 24 697 626 -1
918 15 665 -1
922 147 647 691 -1
931 2 665 -1
932 1 665 -1
940 1 682 -1
941 74 691 647 682 697 -1
946 85 663 697 -1
947 21 697 -1
948 26 633 -1
954 8 626 -1
956 40 696 663 686 697 -1
960 17 626 697 696 663 -1
967 12 697 -1
970 10 626 -1
971 53 663 -1
978 54 644 -1
981 16 696 626 697 -1
982 32 663 -1
984 4 644 -1
986 50 626 -1
988 257 633 -1
993 233 697 626 663 -1
994 42 663 696 697 -1
996 279 647 608 633 644 -1
998 25 697 686 696 663 -1
1003 17 663 -1
1006 130 696 686 -1
1013 9 644 626 -1
1022 13 663 -1
1024 40 697 626 -1
1027 6 697 -1
1028 6 626 697 -1
1032 34 647 663 -1
1037 50 686 -1
1046 9 647 -1
1050 33 697 -1
1051 48 644 -1
1055 139 697 691 -1
1062 157 644 647 663 -1
1074 75 686 -1
1075 59 686 -1
1078 5 626 -1
1084 3 626 -1
1085 3 626 -1
1086 8 665 626 -1
1087 1 626 -1
1088 1 626 -1
1114 40 663 -1
1124 17 696 -1
1125 22 696 608 663 -1
1126 2 696 -1
1127 58 665 -1
1129 53 691 -1
1132 42 665 -1
1133 282 608 663 633 -1
1135 112 647 644 -1
1137 104 644 -1
1146 1 663 -1
1147 3 663 -1
1151 460 608 -1
1166 318 633 608 -1
1200 92 633 -1
1201 32 644 -1
1210 221 644 633 -1
1221 75 633 -1
1245 10 644 -1
1246 7 644 -1
1247 69 633 -1
1267 61 665 -1
1278 51 644 -1
1279 126 644 -1
1297 48 647 -1
1305 227 647 691 633 -1
1308 4 644 -1
1309 1 644 -1
1310 2 644 -1
1311 2 644 -1
1312 1 644 -1
1319 185 691 -1
1320 6 647 -1
1328 1 665 -1
1336 8 665 -1
1340 3 665 -1
1374 385 608 633 -1
1428 159 665 -1
1492 159 691 -1
1496 190 633 -1
1500 26 633 -1
1522 90 608 608 -1
1525 33 665 -1
1538 75 691 -1
1549 522 633 -1
1550 20 608 -1
1596 31 633 -1
1605 10 691 -1
1608 344 633 665 -1
1614 71 665 -1
1674 7 633 -1
1697 42 633 -1
1701 98 608 -1
1717 98 665 -1
1751 13 665 -1
1919 113 665 -1
1922 126 633 -1
1927 2 665 -1
1967 31 665 -1
1972 184 608 -1
1991 66 633 -1
1997 88 665 -1
2008 1 665 -1
2010 11 665 -1
2011 2 665 -1
2012 3 665 -1
2013 1 665 -1
2014 11 665 -1
2015 1 665 -1
2016 12 665 -1
2017 1 665 -1
2018 1 665 -1
2019 1 665 -1
2020 1 665 -1
2021 1 665 -1
2023 1 665 -1
2024 1 665 -1
2025 1 665 -1
2026 1 665 -1
2027 1 665 -1
2029 2 665 -1
2030 1 665 -1
2031 1 665 -1
2032 1 665 -1
2033 13 665 -1
2034 1 665 -1
2035 1 665 -1
2036 1 665 -1
2037 6 665 -1
2038 5 665 -1
2065 45 633 -1
2229 17 633 -1
2236 75 633 -1
2237 254 608 -1
2297 150 608 -1
2326 249 608 -1
2332 20 633 -1
2472 76 633 -1
2473 83 633 -1
2474 101 633 -1
2507 64 633 -1
2559 54 633 -1
2564 49 608 -1
2565 827 633 -1
2651 216 608 -1
2653 102 608 -1
2660 148 633 -1
2667 93 633 -1
2674 83 633 -1
2686 120 633 -1
2688 516 608 608 633 -1
2690 25 633 -1
2696 61 633 -1
2699 63 633 608 -1
2700 113 608 -1
2703 42 633 -1
2704 40 633 -1
2790 145 633 -1
2859 90 608 -1
2871 165 633 608 -1
2872 54 608 -1
2964 59 633 -1
2972 271 608 608 -1
2981 36 608 -1
3010 118 608 -1
3020 48 633 -1
3024 47 633 -1
3026 151 608 -1
3028 99 608 -1
3055 42 608 -1
3062 30 633 -1
3092 52 633 -1
3095 25 633 -1
3098 25 633 -1
3192 39 608 -1
3246 2 633 -1
3247 1 633 -1
3248 1 633 -1
3249 3 633 -1
3252 33 608 -1
3258 69 608 -1
3352 165 608 608 -1
3402 88 608 -1
3449 306 608 -1
3453 241 608 -1
3454 124 608 -1
3456 250 608 -1
3457 97 608 -1
3488 14 608 -1
3498 96 608 -1
3527 47 608 -1
3568 128 608 -1
3614 187 608 -1
3633 26 608 -1
3635 33 608 -1
3643 35 608 -1
3724 69 608 -1
3786 72 608 -1
3842 12 608 -1
3943 1 608 -1
3944 1 608 -1
4077 63 608 -1
4138 59 608 -1
4550 81 608 -1
4813 45 608 -1
4824 88 608 -1
4828 105 608 -1
4899 160 608 -1
4948 194 608 -1
4967 317 608 -1
4988 22 608 -1
5008 23 608 -1
5029 21 608 -1
5176 100 608 -1
5184 64 608 -1
5189 237 608 -1
5190 56 608 -1
5285 20 608 -1
5324 12 608 -1
5405 3 608 -1
5475 1 608 -1
5476 1 608 -1