6 258 730 723 700 704 779 761 798 739 789 733 -1
8 162 719 706 725 715 739 756 749 723 779 798 760 -1
9 71 715 733 -1
10 70 700 739 756 748 719 725 746 743 750 706 779 715 760 -1
11 733 717 700 741 733 760 741 706 730 725 743 710 791 756 705 722 762 705 719 793 749 762 798 763 771 746 761 779 764 739 748 715 750 707 744 723 -1
12 54 765 725 706 748 -1
14 105 797 -1
15 42 737 756 762 -1
16 16 789 749 -1
17 37 750 739 -1
20 153 706 704 749 700 723 722 765 756 746 707 -1
21 77 765 760 794 723 725 -1
23 48 760 700 706 725 794 -1
24 270 722 706 763 750 762 756 760 719 769 739 707 710 742 -1
25 63 739 723 706 -1
26 87 756 -1
27 89 719 743 746 700 737 748 -1
28 110 715 756 730 798 723 750 743 746 739 725 789 748 -1
29 136 733 700 761 704 719 722 756 739 715 789 -1
36 231 733 762 704 707 719 730 737 722 710 -1
37 21 762 -1
39 39 793 779 706 756 -1
41 30 756 -1
42 88 743 756 710 748 -1
46 58 749 715 704 -1
47 113 761 789 704 -1
49 12 749 762 -1
51 12 750 739 -1
55 53 730 733 793 795 784 739 -1
56 20 750 762 -1
57 12 756 789 -1
59 94 763 733 723 -1
66 41 784 756 -1
67 12 756 -1
68 187 762 700 -1
71 68 706 789 -1
72 113 794 756 733 719 -1
74 69 784 710 749 789 794 769 -1
75 24 756 739 -1
77 23 700 -1
78 26 793 -1
79 28 733 704 789 -1
80 55 779 789 723 798 725 730 739 719 746 733 -1
86 101 719 733 794 795 761 750 -1
87 164 762 762 704 765 737 756 761 761 789 -1
89 21 756 -1
90 63 761 737 756 750 749 733 -1
94 17 756 -1
101 12 756 761 761 -1
103 55 700 719 739 746 -1
110 59 794 733 722 789 730 -1
111 26 730 -1
113 68 762 722 -1
122 193 765 737 -1
125 28 710 730 704 784 -1
126 22 733 756 789 742 -1
127 83 762 700 737 -1
128 51 761 730 -1
130 12 733 -1
132 21 756 730 -1
136 64 761 -1
138 69 723 719 798 730 749 746 -1
139 32 748 756 760 741 743 793 -1
142 12 700 -1
143 95 704 710 762 -1
145 15 769 -1
147 50 704 794 798 737 -1
151 44 707 733 719 749 723 -1
154 53 733 795 750 -1
157 41 762 707 743 704 756 762 -1
166 77 733 789 -1
168 7 742 789 -1
171 56 762 -1
172 120 761 762 743 744 -1
173 332 794 771 769 704 789 764 733 742 763 -1
176 39 710 -1
177 16 739 -1
178 52 798 730 704 719 723 -1
179 15 756 739 -1
182 59 723 750 -1
187 32 779 761 706 760 733 -1
192 16 756 -1
193 19 733 -1
201 20 706 760 705 -1
204 10 756 -1
215 84 784 -1
226 13 789 -1
231 44 756 739 -1
232 19 737 742 739 -1
236 39 746 749 725 -1
237 35 746 765 -1
249 13 700 784 -1
251 4 719 -1
254 15 756 739 706 -1
255 87 749 746 719 763 779 789 765 730 798 725 760 748 743 723 706 765 739 -1
259 42 769 -1
263 21 733 762 746 -1
265 30 700 748 737 -1
266 13 715 -1
269 26 730 704 789 -1
280 76 795 719 794 789 739 -1
282 32 762 -1
283 2 771 -1
285 5 763 -1
290 61 765 -1
304 64 763 789 761 761 704 742 795 -1
305 6 715 -1
306 215 704 794 739 748 723 798 765 749 707 730 700 746 750 733 795 742 706 743 719 722 760 715 756 762 -1
308 144 730 750 710 739 762 746 704 733 707 789 -1
310 236 763 756 730 779 760 704 719 733 749 707 710 794 769 748 739 765 789 725 798 784 742 723 -1
311 312 730 710 722 704 762 795 769 707 742 784 765 789 705 762 -1
312 223 704 749 715 706 719 769 725 794 722 743 750 795 789 798 730 700 733 707 710 705 739 742 784 723 746 -1
313 41 704 795 761 762 -1
315 70 779 765 798 742 730 749 -1
317 126 789 795 762 704 707 769 794 730 742 -1
319 193 765 746 706 704 725 789 730 739 733 798 749 765 -1
321 22 769 704 750 -1
324 13 746 739 742 789 704 -1
325 15 739 -1
328 10 789 -1
329 3 733 -1
334 41 704 789 -1
335 48 737 -1
339 79 733 762 746 725 719 706 730 750 -1
346 27 765 -1
348 19 704 769 -1
351 11 733 -1
352 5 756 -1
356 16 769 -1
371 117 704 756 717 789 733 739 762 762 730 737 746 -1
376 36 789 706 -1
383 19 746 -1
399 6 715 -1
400 8 769 -1
403 18 739 -1
406 33 756 -1
407 101 722 762 763 -1
412 21 715 -1
432 155 722 719 798 715 700 743 769 765 723 749 -1
439 8 733 -1
457 640 763 764 722 707 789 737 762 762 741 -1
493 2 739 -1
499 11 789 -1
501 9 704 749 -1
513 2 739 -1
530 5 733 -1
545 25 710 -1
546 107 764 762 761 763 762 -1
553 19 769 -1
556 117 730 733 710 722 769 -1
560 8 748 760 750 -1
564 13 730 756 739 -1
575 3 765 -1
583 9 737 789 -1
586 8 733 -1
587 14 704 794 -1
600 171 762 763 750 769 742 746 760 733 739 730 723 749 722 704 706 794 798 -1
604 8 725 746 -1
614 7 715 798 -1
615 27 719 739 750 760 700 -1
620 10 778 -1
626 31 733 707 -1
633 48 704 749 706 746 760 789 798 769 -1
634 106 737 -1
635 52 779 722 710 730 704 -1
636 9 739 715 750 -1
637 26 789 762 742 -1
639 28 719 749 760 761 794 -1
643 44 756 719 715 749 746 733 725 750 798 -1
644 23 762 -1
645 17 706 -1
646 15 762 -1
647 29 739 -1
649 15 798 794 719 715 723 -1
650 85 794 779 748 700 798 733 762 765 -1
659 13 761 -1
663 133 704 739 707 789 798 737 750 730 710 794 762 715 719 769 725 761 700 760 743 746 -1
664 6 749 -1
674 16 749 733 -1
677 2 760 -1
684 1 756 -1
686 57 710 769 -1
688 5 743 -1
689 27 798 749 -1
695 87 761 762 733 769 789 756 762 730 737 -1
697 85 730 789 704 742 748 794 -1
703 1 714 -1
704 82 765 723 789 762 -1
705 23 710 795 -1
706 56 765 748 789 710 -1
707 110 795 762 784 710 794 742 769 -1
708 39 764 789 707 784 -1
710 88 784 707 795 769 789 704 -1
712 18 795 -1
715 21 719 -1
716 1 715 -1
717 1 715 -1
718 1 715 -1
719 4 715 723 -1
720 1 715 -1
722 124 789 760 769 762 733 737 763 719 765 723 746 748 -1
723 1 719 -1
724 3 725 -1
725 4 749 789 -1
726 2 756 739 -1
727 19 737 739 -1
728 4 739 706 -1
729 1 739 -1
730 29 743 704 739 733 750 749 -1
731 1 739 -1
732 3 739 -1
733 7 739 -1
734 1 739 -1
735 1 739 -1
738 7 748 -1
742 85 707 762 722 762 704 789 769 -1
744 1 746 -1
745 2 746 750 -1
749 62 789 730 750 798 -1
751 1 756 -1
752 1 756 -1
753 1 756 -1
758 2 760 -1
759 55 760 704 789 762 763 730 769 -1
762 42 704 789 -1
763 45 765 733 -1
766 709 706 722 749 789 765 737 -1
769 137 707 742 749 722 710 -1
772 3 798 -1
782 9 749 798 -1
784 205 710 765 705 789 705 704 707 -1
788 52 761 742 707 769 762 733 762 -1
789 209 730 769 762 795 794 798 722 749 710 704 705 -1
791 29 794 769 793 -1
792 1 733 -1
794 9 795 789 723 -1
795 57 723 704 789 794 -1
796 5 798 742 -1
797 4 798 -1
801 4 749 -1
802 4 769 -1
804 6 749 -1
805 82 789 749 704 710 -1
810 19 704 -1
813 261 733 704 722 763 -1
816 25 784 763 742 -1
823 11 789 -1
825 139 737 -1
826 218 761 765 -1
836 26 765 763 -1
838 34 730 -1
841 22 765 -1
844 35 730 795 794 -1
852 25 762 762 -1
853 14 789 -1
860 7 730 -1
861 16 707 762 -1
865 45 730 -1
870 37 730 761 733 -1
871 47 710 717 784 -1
873 4 730 -1
879 108 737 -1
883 2 730 -1
885 6 794 -1
895 2 794 -1
904 59 763 -1
907 6 704 733 -1
911 24 704 795 769 789 794 -1
918 15 763 -1
921 7 761 -1
922 147 761 710 762 763 -1
926 5 769 -1
928 13 762 -1
933 10 704 795 -1
937 33 795 -1
946 85 765 762 762 722 704 707 -1
947 21 764 737 -1
956 40 784 764 722 742 765 -1
967 12 742 -1
970 10 784 -1
971 53 710 794 789 762 -1
974 30 762 -1
978 54 761 -1
981 16 704 789 -1
982 32 794 705 -1
984 4 704 789 -1
985 5 789 704 -1
986 50 791 789 704 722 -1
988 257 737 722 762 -1
992 1 794 -1
993 233 762 789 722 765 761 -1
994 42 707 762 742 710 789 -1
996 279 762 722 765 764 -1
998 25 789 -1
999 3 789 -1
1000 34 765 789 -1
1001 1 789 -1
1002 1 789 -1
1003 17 789 -1
1004 8 789 -1
1006 130 762 762 -1
1009 43 707 -1
1013 9 769 -1
1023 9 742 722 -1
1035 10 742 -1
1037 50 722 -1
1038 6 710 707 -1
1042 38 769 -1
1043 20 769 763 762 -1
1044 9 769 -1
1045 1 769 -1
1046 9 769 -1
1047 1 769 -1
1048 2 769 -1
1049 3 769 -1
1051 48 762 -1
1055 139 761 762 737 762 -1
1058 1 784 -1
1059 3 784 -1
1060 1 784 -1
1062 157 722 707 764 705 763 765 705 710 -1
1075 59 763 -1
1097 93 762 737 762 -1
1098 260 722 764 -1
1111 42 722 -1
1114 40 710 705 705 -1
1125 22 737 -1
1129 53 761 761 -1
1133 282 761 761 762 737 -1
1135 112 710 722 765 -1
1137 104 763 -1
1142 28 762 -1
1151 460 765 764 761 737 763 722 -1
1156 2 762 -1
1166 318 762 764 761 762 765 737 763 -1
1167 78 762 710 -1
1184 57 765 -1
1185 25 762 -1
1193 23 762 -1
1200 92 765 -1
1202 68 722 -1
1204 58 710 -1
1210 221 722 762 764 763 765 737 762 -1
1211 66 762 761 710 -1
1215 40 762 -1
1221 75 765 791 -1
1230 31 710 763 -1
1235 20 762 717 -1
1236 98 763 -1
1247 69 765 762 -1
1259 41 791 -1
1261 6 763 -1
1267 61 722 763 -1
1278 51 717 710 -1
1279 126 762 771 762 717 710 762 -1
1286 55 765 737 -1
1290 15 762 -1
1297 48 710 762 -1
1305 227 765 -1
1319 185 717 764 762 -1
1322 12 710 -1
1350 114 763 -1
1352 118 761 717 763 -1
1360 10 762 763 -1
1362 3 771 -1
1373 3 762 -1
1374 385 762 765 762 737 -1
1380 59 717 762 -1
1384 20 762 -1
1386 56 763 771 -1
1390 28 762 -1
1395 192 763 722 -1
1420 13 761 761 -1
1428 159 765 -1
1441 23 761 -1
1463 22 765 762 -1
1468 19 762 -1
1470 115 737 762 -1
1473 70 763 -1
1480 44 763 -1
1483 51 771 -1
1487 115 763 -1
1492 159 764 763 -1
1496 190 764 763 722 765 -1
1497 18 771 -1
1500 26 737 -1
1506 34 771 -1
1510 16 771 -1
1522 90 763 762 -1
1525 33 763 -1
1537 72 762 737 762 -1
1540 1 771 -1
1541 1 771 -1
1542 237 771 762 722 737 -1
1547 27 722 -1
1549 522 762 763 762 722 761 764 737 765 -1
1564 27 764 -1
1583 78 762 764 -1
1594 108 762 763 -1
1608 344 762 761 765 737 763 -1
1613 12 763 -1
1614 71 763 -1
1615 109 763 761 -1
1623 36 737 -1
1634 1 797 -1
1635 1 797 -1
1644 46 762 737 762 -1
1667 32 737 -1
1697 42 762 -1
1700 48 762 762 -1
1701 98 737 -1
1705 44 765 -1
1717 98 722 762 762 -1
1722 14 737 -1
1730 29 762 -1
1734 47 764 -1
1754 18 762 762 -1
1756 82 763 744 722 -1
1766 19 722 -1
1767 75 762 -1
1769 64 765 -1
1772 95 763 764 -1
1783 58 761 764 -1
1803 20 762 -1
1808 103 762 722 765 -1
1811 37 722 -1
1814 79 762 737 -1
1820 90 762 762 -1
1823 45 763 737 765 -1
1836 16 722 -1
1838 54 761 764 -1
1847 46 761 -1
1868 20 764 -1
1885 43 765 -1
1887 2 763 -1
1888 28 764 -1
1891 23 762 -1
1897 1 763 -1
1918 18 764 -1
1919 113 765 764 -1
1964 10 765 -1
1979 2 762 -1
1985 57 762 762 -1
1986 13 761 -1
1991 66 765 -1
1992 16 764 -1
1997 88 761 764 -1
2001 37 764 -1
2003 42 762 -1
2061 4 765 -1
2062 118 764 761 722 -1
2072 121 722 -1
2110 3 762 -1
2118 114 737 765 764 -1
2119 4 765 -1
2120 56 764 765 737 -1
2128 3 764 -1
2133 122 722 765 -1
2135 143 762 737 762 -1
2144 17 737 -1
2161 1 761 -1
2163 2 761 -1
2225 36 764 -1
2236 75 762 764 -1
2237 254 762 737 762 -1
2240 106 737 -1
2255 31 722 -1
2256 125 765 -1
2257 47 765 737 -1
2258 90 762 -1
2274 33 722 -1
2297 150 737 -1
2323 54 737 -1
2326 249 762 -1
2328 205 722 744 765 -1
2364 10 762 -1
2369 134 737 -1
2371 93 722 -1
2375 32 765 762 -1
2379 46 762 -1
2387 52 737 -1
2407 4 722 -1
2410 27 737 -1
2416 22 762 -1
2440 43 737 -1
2472 76 765 -1
2473 83 765 -1
2474 101 765 762 -1
2485 286 737 765 762 -1
2504 82 737 762 -1
2507 64 765 -1
2510 69 765 -1
2541 27 762 -1
2542 73 765 -1
2547 64 762 -1
2549 63 762 -1
2550 16 765 -1
2555 11 765 -1
2557 77 765 -1
2559 54 765 -1
2564 49 737 -1
2565 827 762 737 765 762 -1
2576 138 765 -1
2578 13 765 -1
2593 26 765 -1
2594 42 737 -1
2596 13 765 -1
2599 9 762 -1
2608 14 765 -1
2612 29 737 765 -1
2613 17 737 -1
2617 22 765 -1
2623 47 737 -1
2646 30 765 -1
2651 216 762 737 -1
2653 102 737 -1
2655 30 762 762 -1
2658 231 762 -1
2660 148 737 762 -1
2667 93 737 -1
2688 516 737 -1
2689 34 737 -1
2693 132 737 -1
2696 61 762 737 -1
2719 20 765 -1
2727 35 737 -1
2740 28 765 -1
2758 1 765 -1
2765 30 762 765 -1
2790 145 762 -1
2792 17 765 -1
2802 3 765 -1
2822 29 762 765 737 -1
2826 1 765 -1
2827 1 765 -1
2851 45 737 -1
2859 90 762 -1
2871 165 762 737 -1
2889 11 737 -1
2909 51 737 -1
2948 23 762 -1
2967 232 762 -1
2968 37 762 762 -1
2972 271 737 -1
2974 15 762 -1
2981 36 737 -1
2988 56 737 -1
3006 29 762 -1
3026 151 737 -1
3027 31 737 -1
3028 99 737 762 -1
3032 205 737 762 762 -1
3088 24 737 -1
3092 52 737 -1
3109 4 737 -1
3168 69 762 762 -1
3191 55 737 -1
3227 20 737 -1
3290 29 737 -1
3325 6 762 -1
3345 36 737 -1
3350 55 737 -1
3352 165 762 -1
3375 36 737 -1
3378 37 762 737 -1
3388 11 737 -1
3394 121 737 -1
3404 73 737 -1
3417 31 762 -1
3443 13 762 -1
3447 214 737 -1
3449 306 737 -1
3452 91 737 -1
3454 124 737 -1
3456 250 737 -1
3458 61 737 -1
3469 21 737 -1
3498 96 737 -1
3519 49 737 -1
3541 62 762 -1
3568 128 737 -1
3601 41 737 -1
3607 24 762 -1
3614 187 737 -1
3631 70 737 762 -1
3634 57 737 -1
3639 11 762 -1
3641 194 737 -1
3643 35 737 -1
3645 34 737 -1
3648 3 778 -1
3658 38 737 -1
3660 67 762 -1
3666 125 737 -1
3723 7 762 -1
3728 71 737 762 -1
3743 8 737 -1
3749 3 737 -1
3786 72 737 -1
3787 233 762 737 -1
3794 44 737 -1
3796 107 737 -1
3813 72 737 -1
3830 18 737 -1
3843 7 762 -1
3854 79 737 -1
3877 10 737 -1
3902 16 737 -1
3956 55 737 -1
3965 79 737 -1
3969 58 737 -1
3976 43 762 737 -1
3982 17 737 -1
4001 27 737 -1
4040 71 737 -1
4041 54 737 -1
4063 26 737 -1
4072 21 762 -1
4076 52 762 -1
4077 63 737 -1
4099 101 737 -1
4124 27 737 -1
4127 42 762 -1
4138 59 737 -1
4144 38 762 -1
4152 34 737 -1
4189 9 737 -1
4191 14 737 -1
4212 30 737 -1
4219 101 762 -1
4222 28 762 -1
4276 47 737 -1
4292 4 737 -1
4297 32 737 -1
4298 10 737 -1
4310 225 737 -1
4319 4 737 -1
4335 28 737 -1
4343 4 762 -1
4353 69 737 -1
4371 4 762 -1
4415 15 762 -1
4433 17 762 -1
4448 32 762 -1
4486 9 762 -1
4488 35 762 737 -1
4489 11 762 -1
4490 1 762 -1
4491 1 762 -1
4534 16 737 -1
4550 81 737 -1
4564 30 737 -1
4665 8 737 -1
4712 91 737 -1
4714 3 737 -1
4717 57 737 -1
4781 28 737 -1
4792 45 737 -1
4795 66 737 -1
4796 3 737 -1
4813 45 737 -1
4818 15 737 -1
4824 88 737 -1
4828 105 737 -1
4829 57 737 -1
4846 24 737 -1
4938 13 737 -1
4943 31 737 -1
4948 194 737 -1
4964 51 737 -1
4967 317 737 -1
4974 41 737 -1
4988 22 737 -1
5002 116 737 -1
5008 23 737 -1
5029 21 737 -1
5069 4 737 -1
5079 240 737 -1
5099 9 737 -1
5102 48 737 -1
5119 18 737 -1
5171 40 737 -1
5175 20 737 -1
5176 100 737 -1
5179 212 737 -1
5184 64 737 -1
5188 211 737 -1
5189 237 737 -1
5190 56 737 -1
5203 12 737 -1
5233 19 737 -1
5250 5 737 -1
5285 20 737 -1
5312 9 737 -1
5352 2 737 -1
5382 19 737 -1
5462 7 737 -1
5478 9 737 -1
5482 12 737 -1
5484 18 737 -1
5515 6 737 -1
5521 3 737 -1
5526 7 737 -1
5531 224 737 -1
5532 16 737 -1
5534 11 737 -1
5543 128 737 -1
5584 12 737 -1
5606 23 737 -1
5612 38 737 -1
5620 6 737 -1
6710 2 737 -1
7522 1 737 -1
7523 1 737 -1
7524 1 737 -1
7525 1 737 -1