6 258 7632 -1
15 42 7632 -1
36 231 7632 -1
60 9 7624 -1
68 187 7620 7632 -1
87 164 7649 7662 -1
99 15 7632 -1
103 55 7618 -1
109 166 7694 7620 7662 7649 -1
113 68 7651 -1
122 193 7699 -1
127 83 7632 -1
133 8 7632 -1
136 64 7620 -1
155 16 7651 7647 -1
166 77 7695 -1
173 332 7649 -1
178 52 7699 -1
280 76 7632 -1
311 312 7624 7632 -1
335 48 7688 -1
425 49 7632 -1
457 640 7662 7649 7624 -1
545 25 7646 7620 7620 -1
580 28 7662 -1
737 120 7620 7632 7694 7649 7618 7651 -1
742 85 7662 -1
749 62 7632 7618 -1
762 42 7620 7620 7632 -1
766 709 7646 7651 7695 7699 7649 7683 7624 7632 7662 7694 7618 -1
850 4 7632 -1
852 25 7632 -1
886 2 7699 -1
948 26 7624 -1
988 257 7620 -1
1003 17 7699 -1
1098 260 7620 7651 7662 7646 7618 7620 -1
1132 42 7699 -1
1151 460 7649 -1
1166 318 7662 -1
1215 40 7632 -1
1374 385 7646 7699 7620 7620 7683 7649 7651 7632 -1
1385 24 7694 7699 -1
1395 192 7649 -1
1496 190 7632 -1
1498 4 7651 -1
1539 3 7673 -1
1542 237 7662 7649 -1
1621 76 7620 -1
1707 29 7632 -1
1733 40 7699 7632 -1
1734 47 7632 7651 -1
1762 37 7647 -1
1769 64 7683 -1
1814 79 7699 -1
1816 10 7620 -1
1879 13 7624 -1
1982 26 7620 -1
2120 56 7632 -1
2135 143 7632 -1
2144 17 7632 -1
2145 134 7699 7632 -1
2174 49 7620 -1
2233 34 7695 -1
2240 106 7620 7651 7662 -1
2276 21 7632 -1
2297 150 7632 -1
2369 134 7620 7649 7632 -1
2371 93 7632 -1
2384 65 7694 -1
2410 27 7632 -1
2452 29 7662 7632 -1
2456 31 7624 -1
2481 8 7649 -1
2485 286 7624 7649 -1
2511 4 7649 -1
2560 89 7699 7695 7651 7649 -1
2565 827 7624 7695 7651 7699 7649 7662 7683 7632 7694 7646 7618 7620 7620 -1
2576 138 7699 7620 -1
2599 9 7632 -1
2651 216 7632 -1
2658 231 7620 7683 7624 7651 7647 7694 7695 -1
2694 17 7620 7618 -1
2707 100 7647 -1
2765 30 7649 -1
2774 45 7632 -1
2886 3 7694 -1
2907 2 7632 -1
2908 11 7632 7620 -1
2940 91 7618 -1
2958 48 7620 -1
2981 36 7632 -1
3032 205 7620 7620 -1
3057 36 7649 -1
3073 33 7632 -1
3084 52 7649 -1
3092 52 7699 -1
3142 41 7620 -1
3238 22 7624 7632 -1
3321 16 7694 -1
3378 37 7694 -1
3381 177 7695 7647 7662 7632 7646 7624 7618 7694 7651 -1
3392 26 7620 -1
3394 121 7620 -1
3404 73 7624 -1
3439 69 7632 -1
3447 214 7662 7694 -1
3453 241 7624 7632 -1
3456 250 7620 7620 -1
3458 61 7618 -1
3498 96 7632 -1
3562 38 7632 -1
3586 135 7651 7662 7632 -1
3601 41 7632 7620 -1
3615 113 7683 -1
3641 194 7632 -1
3642 291 7620 7620 7632 -1
3691 70 7632 -1
3723 7 7632 -1
3752 15 7662 -1
3786 72 7632 -1
3787 233 7632 7620 7699 -1
3813 72 7632 -1
3956 55 7632 7651 -1
3965 79 7632 7620 -1
3969 58 7624 -1
4036 139 7699 -1
4040 71 7662 -1
4046 40 7683 -1
4071 15 7632 -1
4099 101 7632 -1
4116 8 7632 -1
4162 15 7620 7632 -1
4191 14 7632 -1
4221 41 7699 -1
4297 32 7620 7620 7632 -1
4310 225 7618 7651 -1
4335 28 7632 -1
4347 33 7620 -1
4441 186 7620 7624 7662 7683 7649 7695 7620 7699 7646 7618 7632 -1
4455 16 7632 -1
4483 137 7651 7624 7632 7694 7662 -1
4530 6 7632 -1
4536 58 7649 7632 -1
4574 37 7632 -1
4604 3 7624 -1
4616 6 7632 -1
4632 202 7695 7618 7624 7699 7646 -1
4662 44 7620 7699 -1
4712 91 7632 7699 -1
4717 57 7618 -1
4764 52 7662 -1
4788 15 7649 -1
4792 45 7632 -1
4795 66 7699 -1
4829 57 7624 -1
4884 4 7632 -1
4948 194 7695 7694 7632 -1
4966 25 7624 7699 -1
4974 41 7624 -1
4988 22 7632 -1
4994 17 7649 -1
5002 116 7662 7620 7652 7620 -1
5015 9 7620 7646 -1
5020 45 7632 -1
5028 40 7620 7618 7632 -1
5053 53 7620 7662 7651 7620 7632 7624 -1
5079 240 7699 7632 -1
5102 48 7620 7618 -1
5103 118 7618 7651 7649 7647 7694 7624 -1
5123 60 7632 -1
5143 8 7651 -1
5173 121 7647 7632 7620 -1
5177 92 7620 7632 7620 -1
5179 212 7620 7683 7646 7699 7620 7632 7662 -1
5188 211 7695 -1
5189 237 7624 7699 7662 7683 7632 7618 7695 -1
5196 29 7646 7632 -1
5199 19 7649 -1
5201 12 7632 -1
5246 29 7620 -1
5254 34 7632 7620 7620 -1
5273 12 7632 -1
5295 23 7620 7632 7620 -1
5316 22 7662 -1
5342 22 7632 -1
5404 13 7646 7699 7620 -1
5423 36 7646 -1
5445 39 7699 7651 -1
5446 21 7699 -1
5524 402 7620 7695 7620 7646 7662 7683 7649 7618 7651 7624 7694 7632 7699 -1
5529 31 7699 7649 7618 -1
5551 8 7624 -1
5605 10 7632 -1
5612 38 7683 -1
5617 7 7632 -1
5620 6 7688 -1
5655 48 7632 7695 -1
5658 10 7699 -1
5697 219 7620 7620 -1
5768 11 7620 -1
5773 63 7632 7662 -1
5775 39 7632 -1
5796 173 7651 7632 7620 -1
5800 182 7694 7620 7646 7651 7620 -1
5802 248 7694 7632 7649 7620 7651 7662 7618 7620 7624 7646 -1
5806 45 7620 -1
5810 26 7620 -1
5814 106 7632 7620 7620 7618 7651 -1
5816 50 7632 7683 -1
5819 52 7620 -1
5822 81 7651 7649 7646 7699 7683 7662 7632 -1
5827 14 7662 -1
5839 36 7649 7662 7620 7620 7632 -1
5857 62 7632 -1
5871 51 7632 7620 7620 -1
5872 25 7618 7624 -1
5915 39 7694 7649 -1
5928 4 7620 -1
5934 32 7651 -1
5940 12 7632 -1
5952 14 7632 7620 -1
5969 5 7649 -1
5999 16 7620 7632 -1
6000 8 7632 -1
6006 47 7699 -1
6029 2 7699 -1
6032 70 7618 -1
6043 38 7694 -1
6068 30 7620 -1
6071 1 7632 -1
6097 24 7651 7632 -1
6123 18 7632 7624 -1
6151 13 7632 7624 7620 -1
6216 5 7624 -1
6218 47 7620 7632 7620 -1
6221 26 7620 7632 -1
6229 18 7649 -1
6241 64 7694 7632 7651 7695 7662 7620 7620 -1
6243 32 7699 7632 -1
6272 80 7662 7620 7699 7620 7632 -1
6274 6 7649 -1
6280 31 7618 7620 7632 -1
6298 4 7632 -1
6299 70 7632 7620 -1
6320 17 7646 -1
6323 49 7620 7620 -1
6414 15 7632 7620 -1
6443 51 7699 7646 7632 -1
6474 1 7649 -1
6486 57 7632 -1
6494 70 7624 7618 7695 -1
6502 12 7624 -1
6510 54 7694 7647 7620 -1
6523 31 7620 -1
6538 7 7632 -1
6552 27 7620 7632 7699 7620 -1
6555 33 7632 7651 -1
6560 42 7632 -1
6563 54 7646 7651 7618 7620 -1
6595 12 7632 -1
6596 137 7695 7694 7620 7618 7649 7646 7683 7624 7651 7699 7668 7662 7620 7632 -1
6613 8 7620 -1
6615 119 7695 -1
6618 79 7683 7620 7604 7632 -1
6619 77 7632 7624 7662 7651 -1
6620 91 7632 -1
6624 122 7646 7695 7683 7694 7618 7624 7651 7649 7632 7662 -1
6635 11 7662 7699 -1
6665 25 7620 7618 7624 -1
6676 5 7620 -1
6695 1 7632 -1
6712 8 7675 -1
6714 92 7632 7620 7662 7646 7651 7618 -1
6734 2 7632 -1
6736 31 7620 -1
6758 9 7632 -1
6766 16 7695 7624 -1
6772 49 7662 -1
6784 41 7651 7620 -1
6812 1 7662 -1
6865 16 7620 -1
6866 4 7695 -1
6885 13 7646 7620 -1
6900 29 7620 -1
6902 20 7683 -1
6907 183 7683 7694 7662 7647 7651 7646 7620 7624 7649 7632 7618 7695 -1
6916 30 7620 -1
6918 23 7632 -1
6934 51 7683 7620 -1
6941 35 7624 7632 7618 -1
6946 25 7683 -1
6951 26 7666 -1
6976 37 7649 -1
6993 75 7649 -1
7005 13 7620 -1
7045 36 7683 7699 7694 7662 7620 7624 7618 7695 -1
7046 19 7695 7662 7646 7620 7642 -1
7047 133 7646 7651 7695 7662 7649 7683 7699 7694 7620 -1
7049 27 7694 -1
7050 3 7632 -1
7052 114 7618 7694 7632 7624 7695 7683 7662 7651 7646 7699 -1
7053 19 7699 -1
7054 21 7695 7646 7632 7651 7620 -1
7055 95 7683 7662 7624 7699 7651 7618 7646 7632 7649 7695 7620 7620 7694 -1
7056 29 7618 7694 7620 -1
7057 100 7620 7699 7620 7647 -1
7062 3 7620 -1
7063 15 7620 -1
7080 58 7666 7624 7620 7647 -1
7086 111 7646 7620 -1
7088 3 7699 7632 -1
7092 75 7651 7632 7662 7624 7649 7618 -1
7120 10 7651 7695 7699 -1
7150 10 7683 7649 -1
7171 6 7662 7632 -1
7172 2 7649 -1
7176 3 7620 -1
7199 1 7632 -1
7225 24 7699 7652 7662 7632 -1
7228 4 7620 7662 -1
7230 4 7632 -1
7231 87 7694 7649 7699 7620 7683 7662 7632 7651 7624 7646 7695 7618 -1
7233 18 7683 -1
7236 16 7662 7695 7699 7620 -1
7238 9 7624 7620 -1
7239 21 7620 -1
7279 17 7694 -1
7280 71 7649 7620 7662 7699 7683 -1
7281 12 7632 -1
7294 37 7651 7620 7632 7620 -1
7301 18 7694 -1
7350 20 7695 7618 7624 -1
7362 5 7618 -1
7378 40 7620 7620 7632 -1
7386 14 7649 -1
7390 18 7620 7646 7632 7651 -1
7391 47 7620 7649 7683 -1
7393 10 7651 7695 7662 -1
7400 15 7662 7632 -1
7402 5 7632 -1
7405 17 7618 7624 -1
7409 10 7646 7632 -1
7425 7 7649 -1
7444 3 7632 7620 -1
7449 20 7649 -1
7471 9 7649 7632 -1
7490 25 7699 7647 7695 7618 7662 -1
7492 3 7624 -1
7493 2 7646 -1
7511 14 7620 -1
7520 3 7624 7649 -1
7554 2 7624 -1
7564 30 7618 7624 7662 7646 -1
7569 3 7618 7624 -1
7579 5 7620 -1
7580 7 7662 7651 -1
7586 6 7683 -1
7588 7 7618 7624 -1
7593 3 7624 7618 -1
7597 4 7620 7620 -1
7598 26 7699 7649 7695 7632 7683 7694 -1
7601 2 7646 -1
7609 2 7620 -1
7614 37 7624 7658 7632 7620 -1
7615 1 7620 -1
7616 2 7620 7620 -1
7617 1 7620 -1
7621 1 7621 -1
7625 5 7632 -1
7629 1 7632 -1
7644 1 7646 -1
7645 1 7646 -1
7647 2 7662 -1
7649 8 7651 -1
7650 2 7662 -1
7659 6 7662 -1
7660 1 7662 -1
7661 4 7662 -1
7665 5 7683 7695 -1
7666 13 7669 7699 -1
7679 21 7694 7695 7699 -1
7682 15 7683 -1
7684 2 7683 -1
7685 13 7683 -1
7686 1 7683 -1
7691 18 7694 -1
7696 3 7695 -1
7697 12 7649 7695 -1
7698 1 7699 -1
7727 26 7620 -1
7733 42 7620 -1
7744 49 7620 -1
7755 10 7620 -1
7810 7 7620 -1
7812 4 7649 -1
7821 1 7649 -1
7822 1 7649 -1
7865 22 7620 -1
7884 5 7620 -1
7900 27 7620 -1
7907 10 7620 -1
7964 8 7620 -1
8041 3 7620 -1
8069 4 7620 -1
8152 10 7620 -1
8155 1 7620 -1
8156 5 7620 -1
8157 2 7620 -1