6 258 1758 1701 1798 1787 1752 1768 1774 1788 -1
9 71 1717 -1
11 733 1706 1729 1726 1769 1714 1707 1747 1717 1791 1701 1732 1746 1798 1757 1717 1774 1772 1787 1752 1780 1758 1718 1788 1749 1716 1730 1783 1768 1783 1700 -1
20 153 1758 1730 1787 1774 -1
21 77 1717 1707 1726 -1
24 270 1705 1717 1723 1729 1781 1772 1734 1754 1769 -1
29 136 1772 -1
33 20 1717 -1
36 231 1769 1701 1707 1783 1726 -1
42 88 1783 -1
44 42 1717 1717 -1
46 58 1758 -1
47 113 1723 1726 1787 -1
53 25 1744 -1
59 94 1781 -1
60 9 1717 1726 -1
66 41 1729 1717 -1
68 187 1792 -1
72 113 1717 1717 -1
83 7 1749 -1
86 101 1718 -1
87 164 1717 1718 -1
103 55 1706 -1
109 166 1758 -1
110 59 1700 -1
113 68 1701 1717 -1
122 193 1792 1723 1729 -1
127 83 1744 -1
128 51 1705 1730 1780 1787 1787 1714 -1
138 69 1718 1726 -1
147 50 1754 1730 1705 1729 -1
154 53 1718 -1
161 27 1754 1718 -1
163 9 1726 -1
166 77 1705 -1
171 56 1726 1746 1768 -1
172 120 1757 1792 1734 1717 1754 1717 -1
173 332 1788 1707 1783 1747 1798 1752 1746 1772 1787 1701 1774 1758 1791 1714 1730 1732 1726 -1
178 52 1799 1733 -1
180 54 1754 1701 -1
182 59 1754 -1
204 10 1787 1718 -1
215 84 1726 1747 1791 1700 1783 1758 1768 1774 1798 1746 1783 1732 1788 -1
230 6 1701 -1
237 35 1798 -1
266 13 1726 1723 -1
269 26 1717 1726 -1
275 47 1734 1792 1717 -1
280 76 1718 1723 -1
290 61 1754 1774 1717 1734 1706 1788 1726 -1
296 4 1718 -1
304 64 1717 -1
306 215 1714 1701 1700 1732 -1
310 236 1754 1774 1749 1746 1757 1726 1718 1717 1723 -1
311 312 1734 1774 1787 1717 1769 1758 1752 1729 1754 1772 1714 1700 -1
312 223 1726 1700 1701 -1
313 41 1772 -1
315 70 1718 -1
316 3 1717 -1
317 126 1774 1726 -1
319 193 1723 1799 -1
324 13 1757 -1
334 41 1774 -1
335 48 1729 -1
339 79 1717 -1
346 27 1777 -1
371 117 1706 1726 -1
400 8 1723 -1
403 18 1744 1746 1705 -1
404 5 1746 1744 -1
407 101 1752 1718 1723 1758 -1
423 6 1747 -1
425 49 1777 1730 -1
432 155 1723 1746 1769 1717 1706 -1
457 640 1705 1734 1729 1758 1768 1717 1772 1783 1788 1752 1733 1791 1774 1754 1726 1799 -1
546 107 1772 1734 1717 -1
556 117 1729 -1
580 28 1733 -1
600 171 1717 -1
634 106 1723 1717 1774 1707 -1
643 44 1758 1718 -1
646 15 1781 1734 1754 -1
650 85 1734 -1
663 133 1769 1754 -1
664 6 1718 -1
665 6 1729 -1
667 18 1729 -1
679 3 1798 -1
686 57 1717 -1
695 87 1732 1717 1718 -1
697 85 1700 -1
704 82 1757 1787 -1
706 56 1772 -1
707 110 1774 1726 1701 -1
710 88 1734 1754 1705 1774 -1
712 18 1774 -1
722 124 1717 1754 1734 1705 1733 -1
749 62 1744 -1
763 45 1717 -1
764 22 1754 1772 1700 1734 -1
766 709 1772 1774 1723 1769 1754 1777 1717 1734 1705 1706 1733 1781 1799 -1
769 137 1787 1718 1726 -1
771 7 1726 1701 -1
784 205 1729 1792 1706 1769 1758 1752 1707 -1
789 209 1774 1799 -1
795 57 1717 1717 1718 -1
798 12 1729 -1
804 6 1744 1746 1732 -1
805 82 1783 -1
810 19 1758 -1
813 261 1705 1754 1726 1734 1746 1730 1723 1717 -1
825 139 1754 1769 1706 -1
826 218 1754 1768 1705 1734 1781 1749 1717 1792 1717 1772 1732 1774 1723 1718 -1
836 26 1734 1754 1705 1723 -1
838 34 1718 1752 1746 1717 1732 1747 -1
841 22 1723 -1
842 27 1726 1706 -1
844 35 1717 1717 1723 1726 -1
853 14 1726 -1
865 45 1717 -1
870 37 1746 1768 -1
872 26 1730 1780 -1
879 108 1744 -1
899 22 1723 -1
904 59 1757 1774 1732 1783 1746 1798 1752 1791 1747 1717 1768 1788 -1
907 6 1734 -1
915 7 1717 1717 -1
918 15 1793 1717 -1
922 147 1787 1718 1787 1774 1772 1768 -1
935 19 1726 1717 1723 -1
937 33 1781 1754 1723 -1
941 74 1700 1774 1701 1754 1768 -1
944 5 1752 -1
948 26 1714 1726 -1
960 17 1781 -1
961 11 1701 -1
971 53 1758 1774 1780 1752 -1
975 8 1714 -1
978 54 1718 -1
982 32 1730 -1
986 50 1730 1758 1734 -1
988 257 1734 1792 1754 1781 1769 1744 1700 1706 1777 -1
993 233 1707 1772 1774 1700 1758 1749 1730 1788 1726 1717 1787 1768 -1
994 42 1706 -1
996 279 1705 1749 1734 1792 1729 1783 1723 -1
998 25 1717 -1
1000 34 1734 1781 1754 -1
1006 130 1747 1787 1793 1798 1788 1783 1718 1774 -1
1023 9 1700 -1
1034 34 1718 -1
1037 50 1758 1783 1734 -1
1042 38 1744 -1
1043 20 1734 -1
1050 33 1758 1726 1714 -1
1052 2 1781 -1
1055 139 1758 1774 1768 1752 1700 -1
1062 157 1754 1723 1714 1705 1706 1700 1772 1734 -1
1063 29 1799 -1
1083 2 1783 -1
1089 2 1717 -1
1097 93 1700 -1
1098 260 1781 1754 1730 1700 1734 1714 1783 1772 -1
1114 40 1787 1752 1718 1787 -1
1124 17 1772 -1
1125 22 1783 1772 -1
1127 58 1706 1734 1758 1754 1701 -1
1128 10 1799 -1
1129 53 1774 -1
1132 42 1729 -1
1133 282 1772 1718 1752 1791 1729 1733 1799 -1
1135 112 1700 1758 1752 1717 1781 1792 1774 -1
1137 104 1723 1734 1700 1754 1706 1781 1772 -1
1151 460 1757 1732 1768 1791 1769 1705 1772 1781 1733 1788 1754 1746 1723 1752 1714 1747 1758 1749 1774 1700 1717 1707 1783 1730 -1
1164 23 1707 -1
1166 318 1781 1772 1799 1717 1734 1747 1749 1754 1791 1717 1705 1783 -1
1167 78 1774 1754 1730 -1
1184 57 1705 -1
1185 25 1758 1717 1752 -1
1193 23 1798 -1
1200 92 1754 1792 1723 1781 -1
1201 32 1726 -1
1202 68 1717 1752 1793 1717 1700 1758 1701 -1
1210 221 1758 1749 1717 1783 1754 1730 1792 1787 1707 1772 1717 1744 1777 -1
1211 66 1705 1701 1787 1798 1772 -1
1215 40 1734 1754 -1
1221 75 1754 1774 -1
1230 31 1774 1701 1700 -1
1236 98 1754 1701 1783 1734 -1
1241 33 1758 -1
1247 69 1754 -1
1253 21 1729 1788 -1
1267 61 1717 1707 1791 1700 -1
1278 51 1772 1774 -1
1279 126 1716 1726 1774 1780 1768 1732 -1
1281 10 1707 1772 -1
1284 18 1726 1723 -1
1285 24 1723 1726 -1
1286 55 1706 -1
1297 48 1705 -1
1305 227 1754 1734 1792 1723 1781 1769 -1
1306 19 1726 -1
1319 185 1758 1734 1774 1768 1772 1754 1793 1706 1729 1700 1714 -1
1335 39 1798 1772 1726 -1
1350 114 1757 1717 1783 1732 1788 1758 1718 1798 1700 1726 1774 1768 1791 1793 1701 -1
1352 118 1752 1780 1757 1714 1717 1746 1791 1783 1726 1758 1787 1774 1747 -1
1353 24 1783 -1
1356 18 1780 1732 -1
1357 84 1792 1758 1701 1747 1726 1734 1774 -1
1362 3 1701 -1
1374 385 1799 1772 1705 1746 1730 1774 1733 1788 1717 1792 -1
1377 31 1774 1783 -1
1378 13 1726 1723 -1
1380 59 1774 1787 1772 1705 1754 -1
1381 51 1780 1705 -1
1382 9 1777 -1
1386 56 1717 1774 1772 1791 -1
1390 28 1705 -1
1395 192 1700 1798 1734 1792 1730 1714 1705 1781 1723 1729 1701 1754 -1
1407 3 1772 -1
1420 13 1780 1752 -1
1424 41 1792 -1
1428 159 1781 1714 1787 1746 1798 1772 1726 1788 1747 1793 1734 1701 1791 1754 1717 1774 -1
1442 17 1780 1774 -1
1465 8 1798 -1
1466 24 1718 1701 -1
1470 115 1799 1701 1774 1700 -1
1471 45 1768 1726 1701 1758 1752 -1
1473 70 1793 1783 1754 1730 1747 -1
1480 44 1791 1788 1717 1758 1798 1780 1772 1700 -1
1482 26 1701 -1
1483 51 1758 1717 1791 1774 1716 1798 1726 1768 -1
1487 115 1752 1707 1718 1732 1701 1746 1747 1726 -1
1489 41 1772 1701 1700 -1
1492 159 1747 1783 1726 1734 1774 1754 1700 1772 1701 -1
1495 10 1734 -1
1496 190 1783 1718 1772 1780 1774 1726 1798 1754 1791 1734 1700 1701 -1
1499 10 1774 -1
1500 26 1717 -1
1501 19 1788 -1
1506 34 1717 -1
1521 104 1747 1772 1706 1700 1746 1787 1714 1744 1768 1780 1791 -1
1522 90 1791 1758 1700 1754 1780 -1
1525 33 1793 1791 1788 1798 1780 1717 -1
1537 72 1729 1754 1734 -1
1538 75 1700 1701 1746 1726 1732 1768 1774 1747 1752 1734 -1
1542 237 1783 1799 1798 1783 1700 -1
1549 522 1706 1733 1777 1798 1730 1768 1726 1723 1774 1714 1787 1717 1729 1701 1783 1734 1772 1705 1700 1799 1781 1717 1793 1754 1746 1744 1749 1747 1792 -1
1550 20 1729 -1
1552 50 1788 1707 1717 1734 1700 -1
1553 10 1788 1758 -1
1555 67 1780 1700 1718 1774 1768 1701 -1
1564 27 1700 1772 1783 1701 -1
1565 7 1749 1798 -1
1566 42 1705 1734 -1
1569 4 1793 1718 -1
1582 9 1774 1752 -1
1583 78 1757 1754 1706 1787 -1
1585 80 1772 1787 1754 1723 1726 1700 -1
1592 25 1792 -1
1594 108 1732 1726 1783 1707 1788 1752 1746 1791 1758 1717 1774 1701 1747 1718 1717 1714 -1
1596 31 1772 -1
1599 3 1774 -1
1608 344 1700 1746 1718 1788 1791 1754 1792 1732 1701 1781 1752 1717 1749 1723 1772 1734 1798 1717 1714 1707 1747 1730 1758 -1
1610 12 1726 1747 -1
1614 71 1734 1780 1774 1717 1787 -1
1615 109 1707 1798 1788 1747 1752 1774 1768 1746 1730 1791 1772 1726 1717 -1
1619 4 1726 -1
1621 76 1783 1754 1729 1734 1700 1714 1749 -1
1622 39 1788 1772 1701 1700 -1
1631 5 1758 -1
1639 36 1783 -1
1644 46 1787 1717 1717 -1
1661 36 1754 -1
1688 24 1726 1723 -1
1689 2 1787 -1
1691 47 1769 1723 -1
1694 1 1701 -1
1695 1 1701 -1
1696 3 1701 -1
1697 42 1701 -1
1698 1 1701 -1
1699 1 1701 -1
1700 48 1772 1714 1701 1787 -1
1701 98 1734 1700 1723 1754 -1
1705 44 1707 1723 -1
1706 4 1705 -1
1707 29 1705 1723 -1
1715 1 1718 -1
1716 4 1747 1718 -1
1717 98 1752 1744 1718 -1
1719 10 1726 1772 -1
1720 13 1726 -1
1721 1 1726 -1
1722 14 1726 -1
1723 1 1726 -1
1724 1 1726 -1
1725 1 1726 -1
1729 15 1754 -1
1730 29 1772 1732 -1
1732 16 1772 1730 -1
1733 40 1799 -1
1734 47 1754 -1
1741 6 1723 -1
1742 5 1780 1746 -1
1743 1 1746 -1
1744 5 1746 -1
1745 1 1746 -1
1746 7 1744 1788 -1
1748 37 1747 -1
1749 63 1783 -1
1751 13 1717 1734 1730 1717 -1
1753 1 1758 -1
1754 18 1758 1729 -1
1755 1 1758 -1
1756 82 1787 1780 1788 1791 1749 1798 1783 1758 1700 1717 -1
1757 16 1758 1783 1791 1730 1788 -1
1758 2 1788 -1
1759 3 1780 -1
1762 37 1774 -1
1766 19 1700 1768 1791 -1
1767 75 1706 1774 1772 1768 1780 -1
1769 64 1754 1781 -1
1772 95 1730 1700 1774 1798 1723 1791 1780 1783 -1
1775 1 1777 -1
1778 4 1791 1780 -1
1782 2 1781 -1
1783 58 1700 1749 1754 -1
1789 11 1783 -1
1790 2 1791 -1
1794 25 1706 -1
1795 41 1798 1717 -1
1796 38 1798 -1
1797 1 1798 -1
1800 20 1787 -1
1808 103 1723 1705 1783 1717 1772 1700 1734 -1
1814 79 1734 1781 1754 -1
1820 90 1734 1792 1754 -1
1823 45 1749 -1
1829 2 1717 -1
1835 55 1792 -1
1837 26 1754 -1
1838 54 1757 1772 1707 1730 1714 -1
1847 46 1787 -1
1848 13 1787 -1
1868 20 1749 1783 1714 -1
1869 4 1717 1717 -1
1870 1 1717 -1
1871 2 1717 1717 -1
1872 4 1717 -1
1873 1 1717 -1
1875 26 1705 1730 -1
1918 18 1700 -1
1919 113 1787 1714 1749 1734 1783 1757 -1
1922 126 1706 1781 1723 1705 1717 1734 1754 -1
1925 22 1717 -1
1962 27 1787 -1
1966 17 1706 1723 -1
1967 31 1734 1723 1754 -1
1972 184 1734 1706 1781 1792 1799 1754 -1
1977 33 1772 1707 -1
1980 44 1700 1772 -1
1985 57 1734 1700 1749 1754 -1
1986 13 1772 1787 -1
1991 66 1705 1723 1754 1734 1792 -1
1992 16 1700 -1
1997 88 1772 1707 1783 1700 1717 1730 1787 1757 1749 -1
2001 37 1700 1783 -1
2009 46 1717 1707 -1
2028 1 1729 -1
2050 4 1730 -1
2052 13 1717 -1
2062 118 1783 1714 1749 1757 1754 1772 1717 1707 1700 -1
2063 16 1707 1730 -1
2065 45 1772 -1
2068 2 1783 -1
2069 17 1717 -1
2072 121 1717 1749 1772 1700 1707 1787 1730 1757 1723 -1
2081 1 1707 -1
2082 1 1707 -1
2085 28 1792 -1
2093 52 1717 1792 1772 -1
2096 2 1730 -1
2099 21 1700 -1
2102 31 1777 1769 -1
2114 31 1781 1754 1734 1706 -1
2116 14 1723 -1
2118 114 1714 1772 1700 1769 1792 -1
2120 56 1700 1714 1772 1783 1781 -1
2130 8 1723 -1
2133 122 1772 1723 1705 1700 1717 -1
2135 143 1729 1792 -1
2141 2 1772 -1
2145 134 1734 -1
2156 17 1700 1772 -1
2169 32 1772 1705 -1
2170 2 1772 -1
2171 9 1772 -1
2172 24 1772 -1
2173 1 1772 -1
2186 57 1769 1705 -1
2209 25 1787 -1
2210 16 1787 1749 -1
2215 12 1714 -1
2216 1 1714 -1
2217 6 1714 -1
2225 36 1700 -1
2229 17 1754 1717 -1
2230 38 1700 1792 -1
2231 26 1706 -1
2233 34 1717 -1
2235 1 1783 -1
2236 75 1734 1754 1781 1792 1783 -1
2237 254 1734 1729 1706 1781 1769 1754 1744 -1
2241 14 1700 -1
2242 3 1749 -1
2252 15 1744 -1
2255 31 1700 -1
2256 125 1723 1705 -1
2257 47 1734 -1
2258 90 1733 -1
2264 51 1729 -1
2272 31 1700 1792 -1
2274 33 1700 -1
2286 6 1700 -1
2290 95 1744 1777 -1
2297 150 1754 1723 1734 1700 1792 -1
2298 26 1792 -1
2322 15 1700 -1
2323 54 1729 -1
2326 249 1777 1729 1744 1706 1769 -1
2328 205 1700 1723 -1
2356 57 1706 1734 -1
2357 12 1700 1754 -1
2365 58 1706 1754 1792 1705 -1
2369 134 1799 -1
2371 93 1754 1781 1705 1792 1734 -1
2372 5 1700 -1
2379 46 1777 1744 -1
2398 56 1706 1734 -1
2399 2 1700 -1
2410 27 1799 1700 -1
2411 96 1700 1754 -1
2414 5 1700 -1
2416 22 1723 -1
2435 29 1723 -1
2472 76 1723 1781 1754 1705 1734 -1
2473 83 1792 1723 1705 1781 1754 1734 -1
2474 101 1792 1734 1754 1705 1723 1781 -1
2476 35 1734 1754 1705 -1
2485 286 1705 1723 1792 1754 1769 1729 -1
2488 20 1769 -1
2497 37 1744 -1
2504 82 1769 1799 -1
2506 28 1706 -1
2507 64 1781 -1
2510 69 1792 -1
2541 27 1754 -1
2542 73 1723 -1
2546 28 1734 -1
2547 64 1792 -1
2549 63 1734 1754 -1
2550 16 1717 -1
2557 77 1723 1705 1769 -1
2559 54 1754 1729 1744 1734 -1
2560 89 1754 -1
2564 49 1799 -1
2565 827 1734 1754 1799 1792 1777 1781 1723 1744 1729 1769 1706 1705 -1
2566 6 1792 -1
2570 1 1717 -1
2576 138 1705 1781 -1
2578 13 1717 -1
2592 8 1799 -1
2593 26 1734 1754 -1
2608 14 1723 -1
2613 17 1777 -1
2618 50 1734 -1
2619 44 1754 1781 -1
2626 3 1717 -1
2646 30 1734 -1
2651 216 1769 1754 1777 1729 1706 -1
2653 102 1734 -1
2654 56 1792 1781 1744 -1
2655 30 1792 -1
2658 231 1744 1729 1769 -1
2660 148 1754 1734 1781 -1
2667 93 1799 -1
2674 83 1754 1734 -1
2686 120 1777 1792 -1
2688 516 1799 1754 1781 1706 1744 1734 1792 1733 1769 -1
2689 34 1799 -1
2690 25 1754 -1
2691 39 1799 -1
2693 132 1792 1744 -1
2696 61 1799 -1
2697 45 1769 -1
2699 63 1706 1744 -1
2700 113 1706 -1
2702 39 1734 -1
2704 40 1754 1723 -1
2707 100 1733 -1
2713 166 1729 1777 1706 -1
2719 20 1729 -1
2727 35 1754 -1
2747 65 1729 1744 -1
2752 5 1744 -1
2765 30 1729 -1
2768 29 1723 1705 -1
2774 45 1706 1705 -1
2775 36 1799 -1
2790 145 1754 1706 1744 -1
2792 17 1723 -1
2815 10 1734 -1
2822 29 1723 -1
2830 7 1723 -1
2842 93 1754 -1
2845 2 1723 -1
2846 1 1723 -1
2847 1 1723 -1
2848 1 1723 -1
2849 1 1723 -1
2850 1 1723 -1
2851 45 1754 1723 -1
2852 2 1723 -1
2859 90 1769 -1
2871 165 1769 1706 1781 -1
2872 54 1706 -1
2883 18 1799 -1
2900 28 1706 1754 1705 -1
2904 16 1734 1754 -1
2909 51 1754 -1
2912 26 1734 1769 1754 -1
2913 9 1705 -1
2914 4 1754 -1
2916 1 1705 -1
2917 2 1705 -1
2918 3 1705 -1
2919 2 1705 -1
2923 33 1734 -1
2948 23 1734 1781 1754 -1
2953 10 1706 -1
2964 59 1734 -1
2967 232 1729 1754 1734 1769 -1
2968 37 1754 -1
2972 271 1769 1799 1733 -1
2976 7 1777 -1
2981 36 1799 -1
2987 7 1754 1734 -1
3000 31 1744 -1
3006 29 1792 -1
3009 38 1733 -1
3010 118 1744 1734 1754 1799 1706 -1
3015 30 1733 -1
3018 18 1754 -1
3020 48 1792 1754 1734 1781 -1
3024 47 1754 -1
3026 151 1754 1706 1799 1792 1729 -1
3031 42 1754 1734 -1
3032 205 1792 1777 1799 1744 -1
3033 38 1734 1781 -1
3047 10 1781 1792 -1
3055 42 1754 -1
3056 34 1744 -1
3059 34 1734 1754 -1
3062 30 1754 1792 1734 1781 -1
3072 24 1754 1792 1781 -1
3075 2 1754 -1
3081 14 1754 -1
3089 4 1754 -1
3092 52 1769 -1
3095 25 1781 1754 1734 -1
3098 25 1754 1781 -1
3109 4 1734 -1
3110 19 1734 -1
3111 1 1734 -1
3125 16 1792 -1
3142 41 1744 -1
3144 66 1792 1729 -1
3153 1 1781 -1
3154 1 1781 -1
3168 69 1777 -1
3175 34 1777 -1
3180 23 1744 -1
3181 3 1799 -1
3192 39 1729 -1
3199 13 1729 -1
3239 2 1706 -1
3258 69 1777 -1
3290 29 1706 -1
3291 56 1744 -1
3304 31 1744 -1
3313 5 1777 -1
3333 14 1744 -1
3343 10 1706 -1
3352 165 1706 1769 1799 1729 -1
3394 121 1706 1729 -1
3402 88 1729 1744 -1
3404 73 1799 -1
3435 3 1744 -1
3447 214 1799 -1
3449 306 1799 1769 1733 -1
3451 49 1729 -1
3452 91 1799 1769 -1
3453 241 1799 1769 1733 -1
3454 124 1729 1769 1706 -1
3455 59 1769 -1
3456 250 1769 1729 1799 -1
3457 97 1706 1799 1729 -1
3458 61 1744 -1
3459 73 1799 -1
3470 21 1744 -1
3477 45 1706 -1
3479 83 1729 1744 -1
3488 14 1706 -1
3498 96 1799 -1
3512 8 1706 -1
3526 6 1706 -1
3527 47 1706 1777 -1
3601 41 1799 -1
3610 4 1744 -1
3611 19 1744 -1
3614 187 1733 1799 1769 -1
3615 113 1729 1769 1706 -1
3622 22 1706 1744 -1
3624 49 1733 1744 -1
3630 30 1729 -1
3633 26 1777 -1
3634 57 1799 -1
3635 33 1729 -1
3639 11 1777 -1
3641 194 1769 -1
3642 291 1733 -1
3646 9 1777 -1
3647 13 1706 -1
3658 38 1729 -1
3659 32 1729 1706 -1
3660 67 1769 1777 -1
3661 28 1706 1729 -1
3666 125 1729 1799 -1
3678 13 1777 -1
3682 20 1744 -1
3691 70 1799 -1
3702 1 1744 -1
3703 1 1744 -1
3704 1 1744 -1
3705 2 1744 -1
3706 1 1744 -1
3707 1 1744 -1
3724 69 1729 -1
3786 72 1777 -1
3787 233 1799 -1
3794 44 1769 -1
3796 107 1733 1769 -1
3803 8 1769 -1
3835 26 1799 -1
3917 23 1729 -1
3965 79 1769 -1
3969 58 1729 1799 -1
4001 27 1729 -1
4036 139 1769 -1
4044 53 1769 -1
4045 244 1733 1769 -1
4046 40 1769 -1
4065 104 1729 1769 -1
4070 56 1733 -1
4072 21 1769 -1
4074 33 1729 -1
4077 63 1799 -1
4142 30 1729 -1
4151 79 1799 1769 -1
4211 39 1729 -1
4219 101 1769 -1
4276 47 1733 -1
4310 225 1799 -1
4315 19 1729 -1
4353 69 1799 -1
4355 40 1733 -1
4366 2 1729 -1
4441 186 1769 -1
4536 58 1733 -1
4547 41 1769 -1
4550 81 1733 1799 -1
4632 202 1799 -1
4653 80 1799 -1
4662 44 1769 -1
4682 14 1769 -1
4688 59 1769 -1
4712 91 1799 -1
4718 31 1799 -1
4725 33 1769 -1
4824 88 1799 1733 -1
4829 57 1799 -1
4898 5 1769 -1
4899 160 1733 1799 -1
4948 194 1799 -1
4963 5 1769 -1
4967 317 1733 1799 -1
4969 1 1769 -1
4970 6 1769 -1
4971 1 1769 -1
4972 1 1769 -1
4973 7 1769 -1
4974 41 1769 -1
5020 45 1799 -1
5079 240 1799 -1
5118 9 1799 -1
5119 18 1799 -1
5171 40 1799 -1
5176 100 1733 1799 -1
5179 212 1733 -1
5180 47 1733 -1
5184 64 1799 1733 -1
5188 211 1733 -1
5189 237 1799 -1
5190 56 1799 -1
5203 12 1799 -1
5296 15 1799 -1
5428 3 1799 -1
5457 20 1799 -1
5462 7 1733 -1
5468 7 1799 -1
5675 8 1733 -1
5691 49 1733 -1
5761 8 1733 -1