11 733 3529 3557 3537 3568 3562 -1
14 105 3562 -1
24 270 3537 3568 3586 -1
27 89 3537 -1
36 231 3537 3562 3586 -1
46 58 3506 -1
53 25 3568 -1
68 187 3586 -1
71 68 3529 -1
86 101 3529 3537 -1
103 55 3537 -1
113 68 3586 3537 -1
122 193 3537 3587 3580 3520 3568 -1
127 83 3587 -1
150 22 3568 -1
157 41 3506 -1
166 77 3562 -1
172 120 3516 3580 3529 3506 3587 -1
173 332 3537 -1
180 54 3587 3567 -1
182 59 3537 -1
265 30 3587 -1
306 215 3529 3537 3567 3562 -1
308 144 3562 -1
319 193 3537 -1
346 27 3537 -1
383 19 3529 3537 -1
407 101 3580 -1
457 640 3562 3529 3557 3586 3568 3537 -1
465 9 3562 -1
546 107 3562 -1
556 117 3537 -1
582 29 3557 -1
600 171 3568 -1
634 106 3554 -1
710 88 3537 -1
737 120 3568 -1
742 85 3568 -1
749 62 3537 -1
759 55 3587 -1
763 45 3529 -1
766 709 3587 3516 3562 3580 3537 3537 3557 3586 -1
784 205 3568 3587 -1
789 209 3537 3586 -1
798 12 3568 -1
813 261 3537 3520 3537 3587 3580 -1
822 11 3537 -1
825 139 3587 3568 3562 3537 -1
826 218 3506 3516 -1
838 34 3516 -1
865 45 3554 -1
872 26 3587 -1
879 108 3568 3537 3516 -1
974 30 3580 3587 -1
988 257 3541 3537 3580 3529 3557 -1
993 233 3537 -1
994 42 3537 3529 -1
996 279 3557 3554 3562 -1
1000 34 3586 -1
1006 130 3568 -1
1009 43 3529 -1
1032 34 3587 -1
1041 31 3586 -1
1055 139 3554 -1
1062 157 3529 -1
1063 29 3568 -1
1097 93 3580 3554 3562 -1
1098 260 3580 3529 -1
1133 282 3537 3586 3568 3557 -1
1137 104 3537 3537 -1
1151 460 3537 -1
1166 318 3554 3586 3537 3538 3537 -1
1204 58 3537 -1
1210 221 3586 3537 3557 3580 3587 -1
1247 69 3537 -1
1248 22 3562 -1
1259 41 3506 3529 -1
1286 55 3537 -1
1296 9 3537 3537 -1
1305 227 3516 3580 3541 3587 3529 3506 -1
1367 17 3520 -1
1374 385 3529 3554 -1
1381 51 3537 3537 -1
1384 20 3537 3587 -1
1419 29 3516 -1
1470 115 3537 -1
1492 159 3537 3568 -1
1496 190 3562 3586 -1
1537 72 3568 -1
1538 75 3580 -1
1542 237 3537 3586 3554 -1
1549 522 3562 3580 3529 3568 3587 3537 -1
1553 10 3568 -1
1566 42 3537 3537 -1
1596 31 3562 -1
1608 344 3520 3562 -1
1621 76 3568 -1
1623 36 3580 -1
1647 15 3587 -1
1667 32 3537 -1
1688 24 3537 -1
1691 47 3562 -1
1701 98 3537 3537 3586 -1
1717 98 3587 3516 -1
1734 47 3537 -1
1749 63 3562 3538 3516 -1
1769 64 3537 -1
1783 58 3537 3580 3562 -1
1803 20 3537 -1
1808 103 3516 -1
1813 33 3557 -1
1814 79 3516 -1
1821 3 3516 -1
1838 54 3562 -1
1872 4 3529 -1
1891 23 3568 -1
1899 6 3516 -1
1922 126 3537 -1
1925 22 3587 -1
1947 7 3562 -1
1967 31 3587 3520 3580 3537 -1
1972 184 3562 3587 3529 3516 3580 -1
1990 29 3562 -1
2001 37 3554 -1
2065 45 3587 -1
2109 27 3562 -1
2116 14 3529 -1
2118 114 3580 -1
2129 42 3529 3568 -1
2135 143 3537 3568 -1
2145 134 3537 3587 -1
2209 25 3587 -1
2210 16 3562 -1
2217 6 3568 -1
2230 38 3541 -1
2237 254 3529 3541 3557 3537 3568 3580 3537 -1
2240 106 3580 -1
2252 15 3576 3520 -1
2256 125 3562 -1
2258 90 3568 3586 -1
2289 13 3568 -1
2290 95 3587 3580 3516 3568 3520 3541 3567 3529 3537 -1
2297 150 3537 3516 3568 3562 3587 3529 -1
2299 65 3580 3541 -1
2323 54 3562 3580 -1
2326 249 3568 3567 3537 3520 3516 3580 3587 3506 3562 3529 3557 3541 -1
2328 205 3537 3529 3568 3562 -1
2332 20 3562 -1
2365 58 3516 3580 -1
2369 134 3541 3554 -1
2371 93 3537 3537 3516 -1
2379 46 3541 -1
2398 56 3516 3580 -1
2410 27 3586 -1
2411 96 3580 3529 3537 -1
2416 22 3587 -1
2474 101 3562 -1
2485 286 3537 3516 3587 3557 3529 3568 3580 -1
2497 37 3548 3529 3547 -1
2504 82 3568 -1
2508 13 3562 -1
2510 69 3529 3557 3516 -1
2544 9 3568 -1
2546 28 3567 -1
2548 12 3568 -1
2559 54 3516 3580 3568 -1
2564 49 3537 -1
2565 827 3529 3537 3557 3548 3506 3562 3587 3516 3557 3537 3580 3547 3520 3567 3568 3541 3538 -1
2576 138 3516 -1
2585 46 3562 3537 -1
2587 12 3568 -1
2594 42 3580 3562 -1
2595 42 3537 3586 -1
2605 58 3568 -1
2612 29 3587 -1
2613 17 3541 -1
2617 22 3580 -1
2618 50 3562 -1
2623 47 3516 3586 -1
2651 216 3580 3541 3548 3516 3562 -1
2653 102 3516 3568 3529 3580 3537 3548 3537 3587 -1
2654 56 3537 3529 3562 -1
2657 35 3580 3568 3562 3516 -1
2658 231 3537 3537 3587 3580 3541 3557 -1
2660 148 3541 3537 3529 3580 -1
2667 93 3586 -1
2674 83 3562 -1
2686 120 3538 -1
2688 516 3529 3586 3587 3580 3568 3557 3537 3562 3516 3541 -1
2689 34 3529 -1
2691 39 3568 -1
2693 132 3516 3580 3562 3537 3537 3529 3568 3587 -1
2696 61 3568 3537 3537 -1
2697 45 3537 3562 -1
2699 63 3580 3587 -1
2700 113 3529 3520 3580 -1
2702 39 3537 -1
2703 42 3516 -1
2706 13 3537 3587 -1
2707 100 3568 3516 3537 -1
2713 166 3562 3516 3580 3529 3506 3568 -1
2719 20 3562 -1
2727 35 3529 3516 -1
2737 16 3516 -1
2740 28 3520 -1
2746 20 3562 -1
2747 65 3580 3529 3516 3568 -1
2775 36 3568 -1
2790 145 3516 3548 3537 3580 -1
2819 12 3516 -1
2831 39 3529 -1
2832 27 3568 -1
2838 20 3516 3587 -1
2842 93 3580 3587 3506 3538 -1
2859 90 3562 3568 -1
2871 165 3537 3568 -1
2872 54 3557 -1
2923 33 3537 3516 3568 -1
2932 50 3537 3568 -1
2935 30 3537 -1
2939 5 3529 -1
2958 48 3516 -1
2967 232 3520 3562 3580 3529 3587 3568 -1
2972 271 3568 3562 3537 3557 -1
2974 15 3562 -1
2975 2 3541 -1
2976 7 3541 -1
2981 36 3568 3537 -1
2986 3 3537 -1
2988 56 3537 3537 -1
2991 6 3562 -1
3000 31 3568 -1
3005 27 3562 3580 3529 -1
3010 118 3580 3587 3520 3529 3557 3537 -1
3018 18 3557 3537 -1
3020 48 3516 -1
3024 47 3562 3580 -1
3026 151 3568 3529 3587 3537 3537 -1
3028 99 3567 3580 3529 3568 -1
3031 42 3567 3516 3537 3580 -1
3032 205 3541 3557 3587 3520 3516 3568 3567 -1
3033 38 3568 -1
3034 38 3568 -1
3036 4 3592 3516 -1
3040 6 3576 -1
3044 4 3516 -1
3053 8 3516 -1
3055 42 3587 -1
3056 34 3516 3587 3520 -1
3059 34 3537 3537 -1
3081 14 3516 -1
3084 52 3537 3562 3568 -1
3094 5 3537 -1
3120 4 3520 -1
3127 12 3541 -1
3144 66 3568 3529 -1
3168 69 3568 3562 3516 3557 -1
3173 6 3537 3529 -1
3175 34 3541 3537 3529 -1
3180 23 3529 3516 3537 -1
3188 8 3567 -1
3189 9 3587 -1
3192 39 3537 3537 -1
3196 19 3529 -1
3202 6 3516 -1
3225 13 3516 -1
3252 33 3516 3587 -1
3258 69 3587 3541 3568 -1
3274 60 3537 -1
3275 10 3516 -1
3276 60 3562 3529 -1
3284 7 3516 3557 -1
3290 29 3587 -1
3291 56 3516 3506 3587 3562 -1
3301 15 3576 -1
3304 31 3557 3529 3516 3580 -1
3317 15 3568 -1
3333 14 3587 -1
3343 10 3541 -1
3345 36 3586 -1
3349 9 3580 3587 -1
3350 55 3516 -1
3352 165 3529 3537 3568 -1
3374 3 3516 -1
3375 36 3562 3516 -1
3377 4 3587 -1
3378 37 3562 -1
3379 19 3516 -1
3380 33 3516 -1
3384 3 3580 -1
3390 47 3537 -1
3392 26 3529 -1
3394 121 3537 3516 3541 3562 3529 3568 -1
3402 88 3537 3516 -1
3404 73 3529 3586 3587 -1
3406 4 3541 -1
3439 69 3548 3516 3567 -1
3447 214 3537 -1
3449 306 3557 3537 -1
3450 27 3557 -1
3452 91 3537 3586 -1
3453 241 3537 3568 -1
3454 124 3537 3568 -1
3455 59 3537 -1
3456 250 3568 3537 -1
3457 97 3537 3568 -1
3458 61 3586 3529 3537 -1
3461 49 3557 -1
3469 21 3587 3567 3529 -1
3470 21 3580 3587 -1
3477 45 3529 3557 3587 3506 -1
3478 42 3586 -1
3479 83 3537 3580 3568 3587 -1
3496 7 3562 -1
3498 96 3586 -1
3510 1 3516 -1
3511 1 3516 -1
3512 8 3516 -1
3513 3 3516 -1
3514 1 3516 -1
3519 49 3568 3529 -1
3520 1 3529 -1
3521 23 3568 3529 -1
3522 53 3529 3554 3557 -1
3523 15 3529 -1
3524 1 3529 -1
3525 13 3529 3541 -1
3526 6 3529 -1
3527 47 3576 3529 -1
3536 4 3520 -1
3541 62 3562 -1
3553 5 3587 -1
3556 11 3541 -1
3561 2 3562 -1
3562 38 3537 3580 3541 -1
3568 128 3537 3562 -1
3569 2 3580 -1
3571 39 3586 -1
3578 1 3580 -1
3581 1 3587 -1
3582 1 3587 -1
3583 3 3587 -1
3584 1 3587 -1
3585 2 3587 -1
3586 135 3587 -1
3591 12 3568 -1
3595 2 3537 -1
3614 187 3568 3586 3557 3562 3537 -1
3615 113 3562 3568 3557 3541 -1
3624 49 3568 -1
3625 4 3520 -1
3629 4 3537 -1
3630 30 3562 -1
3631 70 3562 3568 -1
3633 26 3557 -1
3635 33 3568 -1
3641 194 3562 3537 3568 -1
3642 291 3586 -1
3645 34 3562 3568 -1
3651 1 3537 -1
3652 1 3537 -1
3658 38 3537 3568 -1
3659 32 3568 -1
3660 67 3557 3568 3562 -1
3661 28 3562 3568 -1
3666 125 3562 3586 3568 3554 -1
3674 2 3557 -1
3691 70 3537 3568 -1
3714 15 3562 -1
3719 14 3541 3562 -1
3720 9 3562 3568 -1
3724 69 3562 3568 -1
3729 12 3562 -1
3731 12 3557 -1
3748 26 3537 -1
3777 7 3568 -1
3785 15 3562 -1
3786 72 3541 -1
3787 233 3537 3557 3554 3568 -1
3794 44 3568 3537 -1
3796 107 3568 3537 -1
3798 18 3586 -1
3800 3 3568 -1
3806 31 3554 -1
3813 72 3568 3537 3562 -1
3814 24 3568 -1
3823 1 3541 -1
3824 1 3541 -1
3839 5 3562 -1
3845 7 3554 -1
3854 79 3562 3537 -1
3862 2 3562 -1
3863 5 3537 -1
3894 1 3576 -1
3897 7 3568 -1
3916 25 3586 -1
3917 23 3568 -1
3949 26 3562 -1
3956 55 3537 3568 -1
3965 79 3568 -1
3969 58 3537 -1
3976 43 3537 -1
3977 13 3562 -1
3991 4 3562 -1
3995 53 3586 -1
4001 27 3568 -1
4036 139 3586 3562 -1
4039 9 3562 -1
4040 71 3586 3562 -1
4044 53 3537 -1
4045 244 3586 3537 -1
4059 3 3562 -1
4061 1 3562 -1
4062 4 3562 -1
4063 26 3568 3562 -1
4064 1 3562 -1
4065 104 3568 3562 -1
4066 5 3568 3562 -1
4067 1 3562 -1
4068 6 3562 -1
4069 1 3562 -1
4070 56 3586 3562 -1
4071 15 3562 -1
4072 21 3562 3557 -1
4073 90 3537 3562 -1
4074 33 3562 -1
4075 1 3562 -1
4077 63 3537 3568 -1
4098 7 3568 -1
4124 27 3568 3537 -1
4137 6 3568 -1
4138 59 3568 -1
4141 5 3568 -1
4151 79 3537 3568 3586 -1
4152 34 3568 -1
4211 39 3537 3568 -1
4212 30 3537 -1
4214 8 3568 -1
4261 23 3568 3537 -1
4273 19 3568 -1
4275 4 3537 -1
4276 47 3586 -1
4292 4 3568 -1
4310 225 3586 -1
4312 5 3568 -1
4313 1 3568 -1
4314 3 3568 -1
4315 19 3568 -1
4316 8 3568 -1
4317 3 3568 -1
4318 2 3568 -1
4319 4 3568 -1
4320 2 3568 -1
4321 1 3568 -1
4338 11 3537 -1
4347 33 3554 -1
4355 40 3537 -1
4364 14 3554 -1
4428 12 3537 -1
4433 17 3557 -1
4441 186 3537 -1
4483 137 3537 -1
4509 11 3537 -1
4527 6 3537 -1
4535 5 3537 -1
4547 41 3537 -1
4557 15 3586 -1
4563 11 3554 -1
4574 37 3586 -1
4587 25 3537 -1
4632 202 3586 3554 -1
4653 80 3537 -1
4665 8 3537 -1
4671 6 3554 -1
4709 24 3586 -1
4746 7 3537 -1
4824 88 3537 3586 -1
4828 105 3586 -1
4859 29 3537 -1
4879 20 3537 -1
4899 160 3537 3586 -1
4937 14 3537 -1
4943 31 3537 -1
4947 8 3537 -1
4948 194 3537 -1
4964 51 3586 3537 -1
4967 317 3537 3586 -1
4973 7 3537 -1
4974 41 3537 3586 -1
4981 49 3586 -1
4982 27 3537 -1
5024 4 3537 -1
5036 3 3537 -1
5039 7 3537 -1
5040 2 3537 -1
5059 15 3537 -1
5060 3 3537 -1
5061 4 3537 -1
5062 1 3537 -1
5063 1 3537 -1
5079 240 3586 -1
5123 60 3586 -1
5176 100 3586 -1
5177 92 3586 -1
5180 47 3586 -1
5189 237 3586 -1
5191 5 3554 -1
5246 29 3586 -1
5296 15 3554 -1
5316 22 3586 -1
5342 22 3586 -1
5343 1 3586 -1
5427 34 3586 -1
5437 24 3586 -1
5452 18 3554 -1
5484 18 3586 -1
5524 402 3586 -1
5543 128 3586 -1
5624 20 3586 -1
5655 48 3586 -1
5697 219 3586 -1
5714 42 3586 -1
5770 5 3586 -1
5796 173 3586 -1
5819 52 3586 -1
5836 8 3586 -1
5857 62 3586 -1
5883 2 3586 -1
5981 6 3586 -1
5982 3 3586 -1
5983 1 3586 -1
5984 3 3586 -1
5985 1 3586 -1
5986 1 3586 -1
5987 1 3586 -1
5988 4 3586 -1
5989 1 3586 -1
5990 1 3586 -1