3 23 286 271 214 -1
4 8 243 -1
5 17 299 -1
6 258 271 299 227 219 271 232 258 271 252 259 286 216 257 280 243 226 298 290 273 228 274 236 250 261 -1
7 20 299 271 299 259 228 -1
8 162 243 226 255 299 286 216 214 232 219 250 258 282 252 236 280 224 274 299 271 -1
9 71 261 274 228 271 250 226 299 258 -1
10 70 271 280 261 286 219 250 252 214 274 216 255 -1
11 733 228 271 299 261 227 216 246 255 224 274 282 257 299 250 271 219 286 214 259 230 252 298 -1
12 54 259 250 255 282 286 236 299 257 232 274 219 -1
13 8 250 271 252 216 232 -1
14 105 282 224 226 216 282 259 271 219 271 250 299 236 261 -1
15 42 214 -1
17 37 271 273 258 261 214 282 -1
19 38 299 271 252 257 250 214 219 274 286 261 216 -1
20 153 261 252 224 282 250 286 257 258 232 255 271 274 271 216 -1
21 77 219 299 250 243 299 236 271 271 299 252 -1
23 48 271 280 252 257 236 282 -1
24 270 259 228 299 255 271 280 271 271 230 -1
25 63 299 299 252 255 246 226 271 271 224 280 -1
26 87 226 232 258 216 286 274 271 261 252 250 236 214 299 219 257 -1
27 89 282 280 274 219 216 271 226 -1
28 110 216 282 271 259 250 299 228 252 299 261 236 226 280 232 214 224 273 -1
29 136 252 299 274 271 243 246 282 214 261 273 282 286 228 299 -1
33 20 214 -1
35 64 259 214 243 243 226 257 261 271 274 227 299 -1
36 231 226 271 299 228 204 274 255 282 271 271 232 -1
37 21 252 216 -1
38 12 280 -1
39 39 271 282 252 216 -1
40 10 299 257 299 252 214 273 274 216 -1
41 30 226 227 271 252 -1
42 88 271 299 252 299 274 250 298 286 271 219 299 259 -1
44 42 259 224 -1
45 7 299 299 -1
46 58 271 255 282 271 252 214 286 224 280 -1
47 113 252 271 286 216 299 243 290 274 299 226 257 271 250 282 -1
48 17 214 271 282 252 250 -1
50 12 257 216 271 219 252 261 250 -1
51 12 280 214 -1
54 7 299 214 -1
55 53 216 243 252 299 271 250 299 214 -1
56 20 214 -1
57 12 228 271 299 -1
58 35 274 299 271 257 299 299 -1
59 94 298 214 271 252 228 219 204 -1
62 11 280 243 -1
66 41 282 -1
67 12 282 214 274 -1
68 187 271 -1
71 68 299 236 257 271 299 226 299 228 -1
72 113 261 243 271 226 204 236 299 232 -1
73 10 274 243 214 243 -1
74 69 257 299 252 228 271 271 271 -1
75 24 299 299 246 -1
77 23 219 271 214 299 299 -1
78 26 261 258 -1
79 28 252 299 299 271 236 -1
80 55 280 236 299 299 282 252 255 271 -1
86 101 259 228 299 271 243 299 282 271 -1
87 164 299 271 259 290 290 282 271 204 -1
89 21 243 271 271 -1
90 63 271 290 271 204 214 243 290 252 -1
94 17 214 271 271 271 219 -1
98 5 228 -1
99 15 271 -1
100 4 232 -1
101 12 243 -1
103 55 255 271 271 271 -1
104 19 252 282 299 299 -1
106 5 299 -1
109 166 204 290 -1
110 59 228 -1
111 26 271 -1
113 68 290 243 228 219 -1
122 193 204 -1
125 28 271 214 -1
126 22 271 228 -1
127 83 271 232 228 259 282 261 204 290 252 -1
128 51 271 214 216 -1
129 3 299 -1
130 12 271 -1
132 21 271 204 271 299 -1
135 6 255 -1
136 64 261 232 258 -1
138 69 252 259 271 250 228 224 236 298 255 271 274 282 -1
139 32 271 252 282 228 271 271 299 -1
140 25 226 282 282 258 -1
142 12 243 271 271 -1
143 95 214 299 271 252 250 271 271 216 274 226 204 298 -1
145 15 271 214 -1
147 50 271 271 -1
150 22 232 280 -1
151 44 271 236 228 -1
152 18 214 252 -1
154 53 252 282 224 204 -1
155 16 214 -1
156 3 259 -1
157 41 290 204 271 -1
161 27 299 299 -1
163 9 271 271 -1
166 77 214 204 261 274 259 243 290 271 273 -1
168 7 299 -1
169 3 257 -1
171 56 227 230 299 -1
172 120 285 -1
173 332 271 271 299 298 227 259 230 -1
176 39 271 -1
177 16 228 -1
178 52 271 282 228 282 -1
180 54 299 216 274 271 -1
181 2 271 -1
182 59 271 204 271 -1
185 3 214 -1
187 32 243 228 285 214 -1
188 3 214 -1
189 1 214 -1
190 2 214 -1
191 3 214 -1
192 16 214 -1
193 19 228 204 -1
194 3 259 -1
197 6 259 -1
201 20 282 271 252 -1
203 26 299 259 -1
205 9 282 -1
208 3 219 -1
209 9 259 271 -1
215 84 282 299 298 257 271 299 252 216 -1
217 1 219 -1
221 10 282 -1
223 17 226 257 -1
224 10 282 271 -1
226 13 298 -1
227 4 271 -1
228 7 282 299 282 -1
230 6 298 -1
231 44 228 255 236 280 -1
232 19 282 228 271 -1
235 2 271 -1
236 39 282 257 271 232 282 -1
237 35 282 271 -1
241 8 271 282 -1
243 1 250 -1
245 1 243 -1
247 5 232 -1
253 1 257 -1
254 15 257 228 -1
255 87 257 259 282 271 271 299 280 -1
256 8 226 257 298 282 -1
257 5 271 -1
258 6 271 261 273 -1
259 42 271 299 227 -1
260 7 285 261 258 285 -1
261 6 286 258 -1
263 21 271 271 282 271 -1
264 1 271 -1
265 30 282 271 -1
266 13 271 -1
267 1 271 -1
268 3 271 -1
269 26 271 271 -1
270 14 271 -1
273 5 258 -1
275 47 224 274 299 282 -1
280 76 290 271 299 -1
282 32 255 228 224 236 280 286 204 -1
284 1 299 -1
285 5 286 -1
290 61 214 204 271 -1
291 30 299 -1
292 5 299 -1
293 3 282 299 -1
296 4 243 -1
304 64 271 -1
306 215 271 255 204 298 282 228 271 -1
308 144 271 228 271 204 243 299 204 -1
310 236 271 299 271 243 204 -1
311 312 271 271 259 243 299 -1
312 223 282 255 228 227 271 271 224 -1
313 41 290 -1
315 70 299 259 214 -1
317 126 298 228 204 299 271 271 -1
318 2 271 -1
319 193 282 204 271 271 214 255 290 299 280 -1
320 3 243 -1
321 22 271 -1
326 9 282 -1
327 7 232 282 -1
328 10 299 -1
329 3 228 -1
334 41 271 271 -1
336 28 271 -1
339 79 224 282 226 271 282 243 227 259 236 271 -1
340 30 271 282 232 271 282 -1
343 4 282 -1
345 8 282 228 -1
348 19 271 -1
356 16 299 282 259 -1
366 11 282 299 -1
371 117 228 282 204 271 204 299 255 -1
376 36 299 -1
381 2 243 -1
382 1 243 -1
383 19 243 -1
384 1 243 -1
387 3 259 -1
395 37 282 -1
399 6 271 -1
400 8 271 299 -1
405 17 271 -1
406 33 282 236 255 -1
407 101 204 298 204 -1
412 21 290 -1
416 2 226 -1
423 6 214 -1
425 49 285 280 204 -1
426 26 236 232 282 -1
427 6 259 -1
436 1 232 -1
437 1 232 -1
439 8 271 271 -1
440 8 282 236 -1
445 4 271 -1
457 640 227 290 271 298 299 271 -1
458 3 271 -1
467 7 214 -1
479 6 243 -1
488 4 271 -1
492 1 299 -1
493 2 299 -1
494 3 299 -1
495 3 282 -1
542 7 243 228 -1
545 25 243 299 -1
546 107 290 -1
549 3 243 -1
553 19 259 -1
556 117 271 271 259 227 299 255 228 282 224 230 -1
560 8 271 -1
561 3 236 282 -1
562 1 282 -1
563 1 282 -1
564 13 282 255 282 -1
590 8 282 -1
592 8 282 280 224 -1
600 171 259 299 290 271 243 227 282 228 271 -1
605 1 280 -1
606 3 280 -1
615 27 255 282 -1
616 1 282 -1
618 8 282 -1
626 31 282 259 299 -1
632 1 282 -1
633 48 271 282 255 271 298 -1
634 106 282 290 290 271 -1
635 52 299 271 285 282 271 -1
636 9 282 271 -1
637 26 282 271 -1
638 1 282 -1
639 28 271 -1
640 3 282 -1
641 2 282 -1
642 3 282 -1
643 44 282 -1
644 23 271 282 -1
645 17 282 271 214 -1
650 85 271 290 259 -1
658 6 255 -1
659 13 204 271 -1
663 133 271 271 299 259 -1
673 4 271 -1
674 16 271 271 -1
679 3 214 -1
689 27 299 259 -1
695 87 290 290 271 204 -1
697 85 271 -1
701 3 230 -1
706 56 259 299 -1
707 110 271 299 290 290 227 271 -1
708 39 204 271 271 -1
710 88 243 271 -1
715 21 299 227 -1
722 124 204 246 -1
727 19 271 -1
730 29 271 243 299 -1
742 85 271 298 -1
749 62 290 -1
759 55 259 271 299 -1
761 7 204 -1
762 42 271 -1
766 709 204 271 -1
769 137 298 214 271 290 228 271 259 290 -1
784 205 243 214 204 290 230 -1
786 1 227 -1
788 52 243 290 204 -1
789 209 271 259 299 271 243 -1
791 29 214 271 -1
794 9 271 -1
795 57 290 271 271 243 -1
805 82 271 290 -1
808 2 271 -1
813 261 298 204 -1
816 25 227 -1
826 218 290 290 204 -1
837 4 230 -1
838 34 204 230 -1
844 35 299 -1
848 7 228 -1
852 25 243 -1
853 14 299 230 -1
860 7 228 -1
861 16 204 -1
865 45 243 228 -1
870 37 243 271 271 299 298 -1
871 47 299 -1
872 26 271 -1
879 108 259 -1
882 7 271 -1
897 1 227 -1
900 5 228 -1
904 59 230 259 -1
907 6 259 -1
911 24 271 271 243 -1
912 8 214 -1
914 6 271 -1
922 147 299 290 259 204 -1
926 5 243 -1
935 19 290 -1
937 33 271 271 -1
941 74 299 290 227 -1
943 28 243 299 271 -1
944 5 271 -1
946 85 204 271 271 -1
947 21 271 -1
948 26 271 -1
949 9 271 -1
956 40 271 299 -1
959 10 259 -1
967 12 243 -1
971 53 299 271 -1
974 30 204 -1
978 54 290 271 -1
981 16 271 -1
988 257 204 290 -1
993 233 299 214 298 -1
996 279 290 259 204 -1
998 25 243 -1
1006 130 214 298 227 230 -1
1009 43 299 271 -1
1013 9 259 -1
1022 13 243 -1
1024 40 290 -1
1028 6 271 -1
1029 20 243 -1
1034 34 271 -1
1037 50 204 -1
1038 6 271 -1
1051 48 290 -1
1055 139 298 227 204 290 -1
1062 157 227 271 -1
1063 29 243 299 -1
1064 14 243 -1
1065 8 243 -1
1066 5 271 243 -1
1075 59 259 227 -1
1078 5 271 259 -1
1079 2 271 -1
1080 5 271 -1
1081 1 271 -1
1082 4 271 -1
1083 2 271 -1
1085 3 259 -1
1097 93 204 -1
1098 260 285 -1
1111 42 299 259 -1
1114 40 299 230 -1
1126 2 214 -1
1129 53 290 -1
1132 42 204 259 -1
1133 282 230 299 298 -1
1135 112 299 204 -1
1137 104 298 -1
1151 460 290 214 230 204 290 -1
1160 24 299 227 -1
1164 23 290 -1
1166 318 214 204 -1
1182 5 299 -1
1184 57 204 214 -1
1193 23 290 -1
1195 5 259 -1
1201 32 298 -1
1204 58 290 -1
1210 221 298 204 230 -1
1230 31 290 -1
1235 20 299 227 -1
1236 98 290 -1
1241 33 230 -1
1247 69 204 298 -1
1259 41 227 -1
1261 6 298 -1
1279 126 259 227 -1
1285 24 290 -1
1286 55 299 -1
1297 48 290 204 -1
1305 227 214 204 290 -1
1306 19 298 -1
1319 185 230 290 204 -1
1325 1 299 -1
1326 6 299 -1
1349 1 259 -1
1350 114 259 -1
1351 1 259 -1
1352 118 259 230 285 298 -1
1353 24 259 -1
1354 5 259 -1
1355 3 259 -1
1356 18 259 -1
1357 84 259 298 -1
1358 7 259 -1
1360 10 285 -1
1374 385 298 204 290 -1
1380 59 230 -1
1386 56 298 -1
1390 28 290 -1
1395 192 298 -1
1428 159 298 -1
1465 8 214 -1
1468 19 290 -1
1470 115 290 -1
1471 45 204 -1
1473 70 204 -1
1483 51 290 -1
1487 115 230 298 -1
1492 159 230 298 -1
1496 190 230 -1
1521 104 298 -1
1525 33 298 -1
1538 75 298 -1
1549 522 298 214 290 204 -1
1564 27 290 -1
1583 78 290 -1
1585 80 204 290 290 -1
1594 108 298 -1
1608 344 298 230 214 290 290 -1
1614 71 204 214 204 -1
1615 109 298 -1
1644 46 230 -1
1700 48 290 -1
1701 98 214 -1
1703 1 230 -1
1704 1 230 -1
1705 44 230 214 -1
1706 4 230 -1
1707 29 230 -1
1708 1 230 -1
1709 2 230 -1
1710 1 230 -1
1717 98 204 214 -1
1733 40 298 -1
1734 47 290 -1
1751 13 290 214 -1
1769 64 214 -1
1772 95 285 -1
1783 58 204 -1
1814 79 290 -1
1820 90 290 204 -1
1836 16 214 -1
1837 26 290 -1
1875 26 204 -1
1896 50 285 -1
1919 113 214 290 -1
1922 126 290 204 -1
1966 17 290 -1
1972 184 204 -1
2062 118 285 -1
2072 121 285 -1
2114 31 290 -1
2117 18 204 -1
2130 8 290 -1
2133 122 214 -1
2174 49 214 -1
2209 25 204 -1
2230 38 214 -1
2237 254 204 -1
2240 106 204 -1
2290 95 204 -1
2296 2 214 -1
2297 150 204 -1
2323 54 290 204 -1
2326 249 204 285 -1
2368 17 290 -1
2371 93 214 -1
2376 22 290 -1
2472 76 214 -1
2473 83 290 -1
2474 101 290 204 -1
2476 35 290 -1
2485 286 204 290 -1
2508 13 214 290 -1
2535 24 204 -1
2541 27 204 -1
2542 73 204 -1
2557 77 214 -1
2559 54 214 -1
2560 89 204 -1
2564 49 204 -1
2565 827 204 290 214 285 -1
2623 47 204 -1
2647 16 214 -1
2651 216 204 290 -1
2653 102 204 -1
2660 148 285 204 -1
2676 3 214 -1
2686 120 204 -1
2688 516 204 290 -1
2693 132 204 -1
2700 113 204 -1
2702 39 204 -1
2703 42 204 -1
2707 100 290 -1
2713 166 204 -1
2737 16 290 -1
2752 5 290 -1
2778 16 214 -1
2790 145 204 -1
2822 29 214 -1
2842 93 204 -1
2860 5 214 -1
2861 1 214 -1
2862 4 214 -1
2863 5 214 -1
2864 1 214 -1
2865 2 214 -1
2871 165 290 204 -1
2900 28 290 204 -1
2953 10 290 -1
3005 27 290 -1
3006 29 290 -1
3009 38 204 -1
3025 4 290 -1
3026 151 290 -1
3031 42 204 -1
3053 8 204 -1
3066 1 290 -1
3120 4 285 -1
3144 66 204 -1
3180 23 285 -1
3189 9 204 -1
3304 31 285 -1
3345 36 204 -1
3380 33 204 -1
3386 11 204 -1
3530 2 204 -1
4150 13 291 -1
4186 7 291 -1