6 258 6790 -1
11 733 6739 6715 -1
20 153 6780 -1
68 187 6784 6774 -1
72 113 6715 6790 -1
87 164 6737 -1
99 15 6765 6737 6774 -1
109 166 6715 6774 6770 -1
136 64 6739 -1
143 95 6770 6784 -1
145 15 6720 -1
199 11 6784 -1
237 35 6780 -1
265 30 6737 -1
311 312 6770 6715 -1
319 193 6774 6715 -1
346 27 6784 -1
406 33 6774 -1
425 49 6770 6725 -1
432 155 6780 -1
457 640 6784 6739 6783 6774 6788 6715 6780 6770 6720 -1
546 107 6784 6715 -1
580 28 6784 -1
663 133 6784 -1
695 87 6770 -1
697 85 6784 -1
722 124 6784 -1
737 120 6780 6770 6784 -1
742 85 6712 -1
766 709 6739 6784 6790 6715 6783 6774 6770 -1
789 209 6715 -1
840 7 6790 6784 -1
854 56 6715 -1
856 30 6720 -1
896 25 6780 -1
909 6 6789 -1
988 257 6737 -1
996 279 6780 -1
1041 31 6715 -1
1074 75 6770 6739 6769 6788 6700 -1
1098 260 6736 6712 6765 6739 6789 6790 6765 6714 6784 6783 -1
1151 460 6715 6784 -1
1166 318 6715 6784 -1
1185 25 6790 -1
1210 221 6790 6715 -1
1319 185 6789 -1
1356 18 6770 -1
1365 7 6790 -1
1374 385 6790 6783 6774 6789 6784 -1
1395 192 6790 -1
1549 522 6790 -1
1608 344 6770 6774 -1
1612 5 6780 -1
1644 46 6765 -1
1647 15 6784 -1
1701 98 6770 -1
1733 40 6774 -1
1762 37 6770 6700 -1
1796 38 6739 6774 6736 -1
1799 42 6715 -1
1800 20 6715 -1
1823 45 6715 -1
1879 13 6765 -1
1924 2 6789 -1
1982 26 6712 -1
1990 29 6739 -1
2145 134 6784 -1
2240 106 6774 -1
2249 38 6736 -1
2258 90 6790 -1
2264 51 6784 -1
2276 21 6725 -1
2328 205 6783 6770 6774 -1
2369 134 6725 -1
2376 22 6774 -1
2452 29 6784 -1
2456 31 6770 -1
2485 286 6780 -1
2565 827 6774 6770 6759 6783 6737 6714 6790 6789 6712 6780 6720 -1
2619 44 6784 6790 -1
2620 26 6765 -1
2621 8 6789 6770 -1
2655 30 6715 -1
2658 231 6737 -1
2677 37 6736 6790 -1
2688 516 6700 6783 6739 -1
2693 132 6790 -1
2707 100 6784 -1
2819 12 6780 -1
2834 2 6784 -1
2851 45 6725 -1
2855 13 6790 -1
2889 11 6790 -1
2909 51 6774 -1
2940 91 6784 6780 -1
2972 271 6774 6736 -1
2981 36 6774 -1
2983 18 6737 -1
3000 31 6715 -1
3010 118 6783 6770 -1
3015 30 6784 -1
3032 205 6737 6784 6774 6770 -1
3057 36 6780 -1
3090 10 6784 -1
3092 52 6774 -1
3142 41 6759 6737 -1
3293 8 6715 -1
3310 18 6780 6784 -1
3381 177 6715 6720 6770 6783 6784 6790 6774 6736 6712 -1
3393 10 6774 -1
3445 15 6784 -1
3447 214 6714 6784 6720 -1
3453 241 6770 -1
3456 250 6736 -1
3479 83 6739 -1
3538 1 6720 -1
3586 135 6770 6784 6780 6715 -1
3593 26 6736 -1
3607 24 6715 6770 -1
3614 187 6715 -1
3634 57 6784 -1
3641 194 6770 6739 6783 -1
3642 291 6700 6783 6715 6765 6720 6774 6714 6770 6739 -1
3658 38 6790 -1
3665 13 6790 -1
3747 3 6737 -1
3764 6 6790 -1
3770 9 6784 -1
3787 233 6720 -1
3877 10 6784 -1
3958 16 6774 -1
3969 58 6715 -1
4036 139 6780 -1
4045 244 6774 6790 6725 -1
4046 40 6714 -1
4065 104 6770 -1
4076 52 6720 6770 -1
4099 101 6770 -1
4140 10 6739 6715 -1
4144 38 6725 -1
4192 7 6736 -1
4221 41 6720 6774 -1
4273 19 6715 -1
4310 225 6784 6720 6715 6774 -1
4353 69 6780 -1
4364 14 6737 -1
4435 2 6770 -1
4441 186 6712 -1
4483 137 6715 6784 6774 6739 6720 -1
4536 58 6790 6720 -1
4550 81 6765 -1
4598 34 6715 -1
4626 5 6780 -1
4632 202 6737 6780 -1
4662 44 6774 -1
4666 23 6780 -1
4669 9 6736 -1
4687 19 6789 -1
4712 91 6715 -1
4748 19 6739 -1
4764 52 6715 6784 -1
4767 10 6715 -1
4788 15 6737 6783 -1
4792 45 6783 6700 -1
4795 66 6736 -1
4813 45 6715 -1
4824 88 6720 6784 -1
4828 105 6765 6783 6790 -1
4829 57 6720 -1
4833 6 6790 -1
4843 12 6790 -1
4883 4 6770 -1
4899 160 6739 6715 -1
4933 3 6774 -1
4934 6 6784 -1
4943 31 6784 -1
4948 194 6780 6737 -1
4964 51 6770 -1
4967 317 6774 6720 6770 6715 6783 6784 6790 -1
4981 49 6774 6790 -1
5002 116 6774 6715 6784 6720 -1
5022 173 6789 6725 6755 6783 6769 6765 6720 6790 6788 6770 6715 -1
5028 40 6784 -1
5053 53 6712 6780 -1
5059 15 6784 -1
5067 2 6720 -1
5079 240 6774 6765 6720 6736 6715 6784 6714 6739 -1
5098 2 6784 -1
5103 118 6720 6790 6780 -1
5123 60 6784 6715 -1
5171 40 6739 6720 -1
5173 121 6789 6736 6777 -1
5177 92 6774 -1
5178 15 6715 -1
5179 212 6714 6784 6715 6765 -1
5185 120 6784 6770 6720 6783 6739 -1
5188 211 6715 6783 6770 6784 6790 6774 -1
5189 237 6774 6784 6715 -1
5190 56 6700 -1
5194 9 6737 -1
5233 19 6780 -1
5247 2 6737 -1
5254 34 6707 6765 -1
5285 20 6765 -1
5301 42 6715 -1
5316 22 6774 -1
5378 13 6737 6780 -1
5391 14 6790 -1
5404 13 6715 -1
5432 3 6784 -1
5439 39 6783 6715 6790 -1
5445 39 6715 -1
5482 12 6790 -1
5484 18 6790 -1
5485 13 6784 -1
5524 402 6784 6789 6765 6712 6765 6774 6715 6770 6736 6790 6714 6780 -1
5531 224 6723 6777 6790 6736 6783 6774 6720 6715 -1
5543 128 6784 6774 6790 -1
5549 7 6770 6790 -1
5553 36 6780 -1
5582 105 6720 6774 6784 6739 6783 6715 -1
5596 11 6725 6783 -1
5604 5 6765 -1
5608 14 6783 -1
5612 38 6739 6715 -1
5614 5 6780 -1
5655 48 6790 6755 -1
5692 19 6765 6784 -1
5696 49 6739 6720 6700 -1
5697 219 6715 6774 6790 6783 6770 6739 -1
5720 3 6783 -1
5738 12 6774 -1
5739 37 6774 -1
5761 8 6736 -1
5773 63 6774 -1
5788 4 6715 -1
5796 173 6784 6770 6783 6715 6774 -1
5800 182 6789 6715 6725 6736 6780 6790 6789 6712 6774 6783 6737 6784 -1
5802 248 6714 6739 6770 6780 6715 6712 6774 6784 -1
5804 22 6784 -1
5806 45 6737 6739 -1
5807 16 6765 -1
5810 26 6715 -1
5811 65 6765 6736 6725 -1
5812 42 6784 -1
5814 106 6715 6784 6714 6780 6790 6774 -1
5816 50 6736 -1
5817 30 6720 -1
5819 52 6780 -1
5820 19 6712 -1
5822 81 6774 6789 -1
5824 29 6790 6715 -1
5839 36 6712 -1
5857 62 6790 -1
5871 51 6720 6774 -1
5908 3 6770 -1
5920 9 6780 -1
5932 35 6789 -1
5934 32 6715 -1
5950 3 6725 -1
5958 3 6720 -1
5980 4 6714 -1
5998 80 6774 -1
5999 16 6774 -1
6006 47 6783 -1
6016 10 6780 -1
6032 70 6774 6765 6700 6784 -1
6064 4 6780 -1
6093 5 6790 -1
6097 24 6715 -1
6123 18 6774 6784 -1
6151 13 6780 -1
6198 12 6789 6790 -1
6217 28 6725 6783 6720 -1
6218 47 6784 -1
6220 13 6715 -1
6221 26 6715 6780 -1
6229 18 6784 -1
6241 64 6790 6784 6715 -1
6243 32 6774 -1
6270 57 6765 6770 6789 -1
6272 80 6736 6714 6774 -1
6299 70 6789 6736 6720 6715 6783 6739 6784 6714 6789 -1
6305 147 6783 6784 6789 6700 6715 6780 6790 6770 6714 -1
6314 9 6765 -1
6323 49 6789 6784 6783 -1
6327 71 6784 6765 6783 6715 6720 -1
6346 13 6789 -1
6359 72 6720 6774 6739 6784 6765 -1
6360 35 6736 -1
6377 18 6783 6770 -1
6398 15 6774 6770 -1
6406 1 6770 -1
6422 7 6770 -1
6460 56 6759 -1
6461 5 6715 -1
6471 1 6790 -1
6483 18 6789 6721 6707 6720 -1
6486 57 6715 6765 6736 6774 6784 -1
6488 19 6770 -1
6490 2 6790 -1
6494 70 6759 6790 -1
6510 54 6789 6725 6720 6736 6765 -1
6518 30 6784 -1
6522 21 6770 6789 6783 -1
6523 31 6774 -1
6525 13 6790 -1
6526 6 6770 -1
6555 33 6772 -1
6560 42 6736 6789 6770 -1
6595 12 6715 -1
6596 137 6789 6774 6712 6783 -1
6608 16 6770 -1
6611 11 6784 -1
6612 5 6765 -1
6615 119 6774 6783 6784 6770 6790 6714 -1
6618 79 6780 6765 6784 6765 -1
6619 77 6789 6774 6784 -1
6620 91 6736 6784 6774 6790 -1
6624 122 6712 6780 -1
6626 8 6715 -1
6627 12 6790 -1
6635 11 6784 -1
6649 23 6784 -1
6657 9 6715 6774 -1
6658 5 6780 -1
6665 25 6715 -1
6666 4 6715 -1
6701 1 6700 -1
6702 10 6700 -1
6710 2 6715 -1
6711 7 6715 -1
6712 8 6715 -1
6713 4 6715 -1
6714 92 6715 6770 6784 6789 6774 -1
6717 3 6720 -1
6718 1 6720 -1
6719 3 6720 -1
6735 1 6739 -1
6736 31 6774 6739 6783 -1
6737 1 6739 -1
6746 1 6736 -1
6755 2 6774 -1
6772 49 6789 6783 -1
6775 1 6770 -1
6781 5 6789 -1
6784 41 6790 -1
6787 1 6788 -1
6804 5 6770 -1
6810 1 6770 -1
6811 1 6770 -1
6815 3 6783 -1
6848 6 6784 -1
6885 13 6784 -1
6886 6 6790 -1
6899 2 6774 -1
6906 49 6714 6789 6736 6784 -1
6907 183 6784 6780 6714 6712 -1
6912 3 6790 -1
6913 34 6714 6784 6774 -1
6914 52 6784 6780 -1
6918 23 6780 -1
6934 51 6765 6784 -1
6941 35 6784 -1
6946 25 6780 -1
6949 5 6765 6790 -1
6971 5 6784 -1
6975 7 6784 6790 -1
6976 37 6784 6774 -1
6984 4 6790 -1
6991 18 6789 6736 -1
6993 75 6774 6784 6790 -1
6994 9 6714 6784 -1
6995 1 6790 -1
6998 1 6774 -1
6999 1 6774 -1
7000 1 6774 -1
7001 1 6774 -1
7002 1 6774 -1
7003 1 6774 -1
7004 1 6774 -1
7005 13 6774 -1
7006 1 6774 -1
7007 1 6774 -1
7008 1 6774 -1
7009 1 6774 -1
7010 1 6774 -1
7011 2 6774 -1
7012 10 6784 6774 -1
7013 1 6774 -1
7014 2 6774 -1
7015 1 6774 -1
7016 1 6774 -1
7017 1 6774 -1
7018 1 6774 -1
7019 4 6774 -1
7020 3 6774 6780 -1
7021 15 6774 -1
7022 1 6774 -1
7023 2 6774 -1
7024 3 6774 -1
7025 1 6774 -1
7026 11 6774 -1
7027 1 6774 -1
7028 1 6774 -1
7029 2 6774 -1
7045 36 6712 6789 -1
7046 19 6712 -1
7047 133 6737 6780 6712 -1
7052 114 6714 6712 6789 -1
7054 21 6712 -1
7055 95 6712 -1
7063 15 6784 -1
7080 58 6759 6736 -1
7086 111 6737 6780 6736 6784 -1
7092 75 6784 -1
7099 15 6714 -1
7104 15 6784 -1
7120 10 6712 -1
7121 6 6714 -1
7128 2 6784 -1
7129 6 6784 -1
7132 21 6784 -1
7188 12 6789 -1
7231 87 6712 -1
7241 18 6784 -1
7245 1 6736 -1
7265 1 6784 -1
7266 6 6784 6714 -1
7267 1 6784 -1
7268 1 6784 -1
7269 1 6784 -1
7270 4 6784 -1
7271 2 6784 -1
7280 71 6737 6780 -1
7293 4 6714 -1
7305 1 6714 -1
7335 13 6789 -1
7363 1 6789 -1
7391 47 6737 -1
7402 5 6712 -1
7425 7 6780 -1
7490 25 6712 6780 -1
7511 14 6780 -1
7564 30 6712 -1
7580 7 6712 -1
7598 26 6712 -1
7659 6 6712 -1
7666 13 6759 -1
7670 1 6712 -1
7675 16 6759 -1
7676 5 6737 -1
7682 15 6759 -1
7774 30 6780 -1
7810 7 6737 -1
7826 1 6709 -1
7901 28 6737 -1
7902 18 6737 -1
8023 1 6780 -1
8036 19 6780 -1
8047 17 6737 -1
8050 6 6737 -1
8053 17 6780 -1
8069 4 6780 -1
8084 1 6780 -1
8085 16 6780 -1
8086 1 6780 -1
8087 1 6780 -1
8211 10 6737 -1
8260 1 6737 -1
8261 1 6737 -1