29 136 5922 -1
47 113 5922 -1
53 25 5998 -1
68 187 5925 5933 -1
87 164 5963 -1
109 166 5933 -1
122 193 5947 5936 -1
127 83 5928 -1
136 64 5936 5950 -1
306 215 5947 5925 5928 -1
311 312 5922 -1
335 48 5922 -1
366 11 5947 -1
457 640 5994 5933 5932 5928 5998 5902 -1
634 106 5922 5925 -1
722 124 5928 -1
737 120 5902 5922 -1
762 42 5902 -1
766 709 5947 5933 5932 5998 5925 -1
791 29 5902 -1
813 261 5925 -1
825 139 5963 -1
854 56 5994 -1
971 53 5936 5994 -1
996 279 5994 -1
1000 34 5936 -1
1037 50 5963 -1
1041 31 5928 -1
1055 139 5994 5902 -1
1079 2 5925 -1
1098 260 5998 5932 -1
1133 282 5925 5947 5928 5936 -1
1151 460 5947 5933 -1
1166 318 5932 5994 5998 -1
1167 78 5963 -1
1169 24 5973 -1
1210 221 5994 -1
1247 69 5928 -1
1286 55 5925 -1
1331 6 5902 -1
1374 385 5947 5922 5933 5902 -1
1496 190 5947 -1
1522 90 5925 5928 -1
1542 237 5928 5947 5925 5933 -1
1549 522 5947 -1
1623 36 5928 -1
1644 46 5902 -1
1720 13 5922 5925 -1
1722 14 5925 -1
1733 40 5936 -1
1808 103 5947 -1
1814 79 5902 -1
2001 37 5963 5994 -1
2102 31 5947 -1
2135 143 5963 -1
2231 26 5963 -1
2258 90 5963 5947 5925 -1
2274 33 5936 -1
2276 21 5973 -1
2328 205 5902 -1
2369 134 5902 -1
2387 52 5994 5925 5936 -1
2410 27 5994 -1
2452 29 5902 -1
2458 7 5902 -1
2480 3 5936 -1
2485 286 5925 5922 -1
2516 36 5947 -1
2542 73 5902 -1
2549 63 5928 -1
2565 827 5998 5933 5922 5932 5902 -1
2658 231 5933 -1
2667 93 5963 5936 5994 -1
2677 37 5998 5932 5922 -1
2686 120 5994 5980 5977 5925 -1
2688 516 5928 5994 5925 -1
2702 39 5936 -1
2744 36 5994 5936 5973 -1
2765 30 5973 -1
2822 29 5928 -1
2831 39 5928 -1
2851 45 5922 -1
2883 18 5947 -1
2889 11 5925 -1
2936 5 5902 -1
3015 30 5947 -1
3028 99 5928 -1
3032 205 5922 5932 -1
3092 52 5928 -1
3142 41 5925 -1
3209 32 5947 -1
3258 69 5902 -1
3274 60 5947 -1
3345 36 5925 -1
3381 177 5932 5998 5902 5922 -1
3393 10 5998 -1
3404 73 5947 -1
3445 15 5947 -1
3447 214 5932 5998 -1
3449 306 5936 5928 5947 5994 5973 5925 -1
3452 91 5994 5947 5963 -1
3456 250 5902 5947 -1
3458 61 5963 5947 -1
3478 42 5994 -1
3498 96 5902 5994 5991 5936 -1
3522 53 5902 5963 5994 -1
3568 128 5928 -1
3571 39 5925 5922 -1
3586 135 5902 -1
3614 187 5947 5922 5925 -1
3634 57 5928 5925 -1
3642 291 5928 5947 5994 5925 5902 5936 -1
3666 125 5994 5936 5947 -1
3691 70 5902 5963 -1
3728 71 5936 5994 -1
3764 6 5922 -1
3786 72 5973 5936 5963 -1
3787 233 5963 5902 5973 5936 5994 -1
3796 107 5963 5947 -1
3813 72 5963 5922 -1
3835 26 5922 -1
3900 3 5925 -1
3922 5 5947 -1
3958 16 5928 -1
3965 79 5932 5947 5902 -1
3982 17 5902 -1
3995 53 5947 -1
4036 139 5936 5928 5994 5925 -1
4041 54 5925 -1
4045 244 5932 5925 5998 5947 5928 -1
4056 20 5963 -1
4065 104 5998 5932 -1
4082 15 5963 -1
4099 101 5902 -1
4136 27 5947 5928 -1
4192 7 5998 -1
4310 225 5994 5932 5947 5928 5998 5902 -1
4314 3 5928 -1
4347 33 5933 -1
4353 69 5925 -1
4398 8 5925 -1
4422 7 5922 -1
4432 8 5925 -1
4437 33 5932 -1
4441 186 5947 5928 -1
4447 12 5925 -1
4483 137 5994 -1
4550 81 5963 -1
4574 37 5963 -1
4587 25 5947 -1
4632 202 5947 5936 5933 -1
4662 44 5925 5947 5963 -1
4686 40 5928 -1
4733 4 5947 -1
4764 52 5947 -1
4767 10 5963 -1
4795 66 5950 5933 -1
4824 88 5925 5947 5902 -1
4828 105 5922 5936 -1
4829 57 5933 -1
4864 4 5902 -1
4899 160 5963 5947 5925 -1
4948 194 5925 -1
4964 51 5969 -1
4967 317 5998 5932 5925 5936 5928 5994 5922 5947 -1
4981 49 5947 -1
4988 22 5994 -1
5002 116 5925 -1
5008 23 5928 -1
5020 45 5963 -1
5022 173 5977 5963 5947 5973 5936 5950 -1
5038 5 5928 -1
5053 53 5933 -1
5059 15 5932 -1
5079 240 5947 5950 5902 -1
5093 1 5963 -1
5096 14 5973 -1
5102 48 5936 5922 -1
5103 118 5922 -1
5106 24 5922 5925 -1
5110 84 5928 5947 5963 5925 -1
5121 9 5902 -1
5125 16 5936 -1
5139 8 5963 -1
5140 50 5963 -1
5153 5 5963 -1
5173 121 5902 5998 5969 5922 -1
5176 100 5994 5928 5925 5947 -1
5177 92 5994 5947 -1
5179 212 5998 5902 -1
5180 47 5994 5963 5925 5947 5928 -1
5184 64 5947 5925 -1
5185 120 5947 5925 -1
5187 28 5925 5928 -1
5188 211 5925 5998 5932 5922 -1
5189 237 5947 5994 5928 5936 5973 5925 -1
5190 56 5963 -1
5196 29 5963 -1
5207 9 5925 5947 -1
5226 13 5947 -1
5262 35 5947 5936 -1
5263 74 5973 5963 5994 -1
5324 12 5947 5973 -1
5361 3 5963 -1
5381 3 5963 -1
5391 14 5922 -1
5396 9 5947 -1
5427 34 5928 5947 -1
5437 24 5925 5947 5928 -1
5439 39 5998 -1
5445 39 5947 -1
5487 23 5994 -1
5524 402 5947 5932 5998 5922 5933 5902 -1
5529 31 5998 -1
5531 224 5947 5963 5994 -1
5543 128 5947 5925 5998 -1
5550 12 5998 -1
5551 8 5963 -1
5553 36 5963 -1
5582 105 5932 5922 5998 -1
5624 20 5994 5928 -1
5644 13 5936 -1
5655 48 5932 -1
5658 10 5936 -1
5662 3 5963 -1
5684 17 5947 5936 -1
5692 19 5998 -1
5697 219 5998 5994 5925 5963 5932 5928 5947 -1
5702 10 5963 -1
5705 2 5947 -1
5707 4 5925 -1
5739 37 5947 -1
5741 9 5936 -1
5770 5 5963 -1
5773 63 5932 5922 -1
5775 39 5902 -1
5776 9 5998 -1
5783 15 5994 5936 5928 -1
5784 1 5925 -1
5787 29 5947 5928 5963 -1
5796 173 5928 5902 5936 -1
5800 182 5932 5998 5933 -1
5802 248 5932 5998 -1
5804 22 5928 -1
5807 16 5922 -1
5809 20 5994 5936 5977 5980 5936 -1
5811 65 5950 5902 -1
5814 106 5998 5932 5902 -1
5817 30 5922 5963 5950 5973 -1
5821 18 5902 -1
5822 81 5998 -1
5824 29 5925 5928 -1
5839 36 5963 -1
5862 24 5936 5936 -1
5868 3 5925 -1
5871 51 5947 -1
5877 7 5925 5928 -1
5885 2 5963 -1
5890 4 5963 -1
5909 2 5928 -1
5915 39 5933 5928 -1
5916 4 5925 5947 -1
5919 1 5925 -1
5920 9 5925 -1
5921 2 5925 -1
5922 7 5925 -1
5923 2 5925 -1
5924 1 5925 -1
5927 8 5928 -1
5928 4 5936 -1
5932 35 5998 -1
5934 32 5947 -1
5944 1 5947 -1
5945 5 5947 5963 -1
5946 3 5963 5947 -1
5952 14 5963 -1
5958 3 5963 -1
5959 1 5963 -1
5960 3 5963 -1
5961 9 5963 -1
5992 1 5994 -1
5993 3 5994 -1
5998 80 5922 5932 -1
6006 47 5932 -1
6022 1 5936 -1
6023 16 5936 -1
6024 7 5902 -1
6068 30 5922 -1
6097 24 5998 -1
6123 18 5902 -1
6218 47 5902 -1
6219 3 5950 -1
6243 32 5998 5902 -1
6270 57 5932 -1
6272 80 5902 5933 -1
6280 31 5902 -1
6305 147 5933 5998 5922 -1
6323 49 5902 -1
6327 71 5932 5998 -1
6360 35 5922 -1
6421 15 5922 -1
6443 51 5932 -1
6445 7 5933 -1
6460 56 5950 -1
6484 10 5998 -1
6486 57 5998 -1
6494 70 5922 -1
6518 30 5922 5998 -1
6523 31 5932 5902 -1
6538 7 5902 -1
6552 27 5998 -1
6560 42 5932 -1
6563 54 5902 -1
6596 137 5933 -1
6598 7 5902 -1
6605 9 5950 -1
6608 16 5950 -1
6615 119 5922 -1
6616 6 5922 -1
6618 79 5998 5932 -1
6619 77 5998 5932 -1
6620 91 5998 5922 5932 -1
6624 122 5933 -1
6649 23 5998 5932 -1
6714 92 5902 -1
6784 41 5902 -1
6875 15 5922 -1
6907 183 5902 -1
6913 34 5932 5998 -1
6914 52 5998 -1
6934 51 5998 5922 -1
6993 75 5933 5902 -1
7047 133 5933 -1
7052 114 5933 5932 5998 -1
7054 21 5902 -1
7055 95 5933 5902 -1
7057 100 5902 5933 -1
7080 58 5902 5933 -1
7086 111 5933 -1
7092 75 5902 5998 -1
7231 87 5902 -1
7281 12 5902 -1
7417 2 5902 -1
7484 3 5902 -1
7490 25 5969 -1
7505 1 5902 -1
7691 18 5933 -1
7744 49 5933 -1
7769 19 5933 -1
7770 2 5933 -1
7914 1 5933 -1