6 258 4792 -1
11 733 4719 4706 4796 4709 -1
24 270 4792 4796 4709 4706 4712 -1
27 89 4715 -1
36 231 4712 4717 4781 -1
37 21 4735 -1
42 88 4709 -1
44 42 4795 -1
47 113 4735 -1
53 25 4764 -1
68 187 4795 -1
86 101 4719 -1
87 164 4712 4748 4735 4715 -1
109 166 4717 4709 4795 4712 4748 4798 4715 -1
122 193 4712 4719 -1
127 83 4735 -1
136 64 4713 4717 -1
172 120 4798 -1
173 332 4709 -1
178 52 4715 -1
291 30 4735 4776 4719 -1
311 312 4712 -1
335 48 4709 -1
351 11 4735 -1
371 117 4735 -1
395 37 4709 -1
432 155 4706 -1
457 640 4715 4764 4735 4798 4781 4709 4712 4792 4717 4795 4712 4797 4748 4713 4795 -1
546 107 4719 4795 4712 -1
553 19 4712 -1
556 117 4735 -1
580 28 4709 -1
582 29 4735 4728 4796 -1
600 171 4709 -1
634 106 4748 -1
637 26 4712 -1
643 44 4735 -1
695 87 4735 4712 -1
697 85 4735 -1
710 88 4735 -1
722 124 4798 -1
737 120 4712 4713 -1
749 62 4715 -1
763 45 4712 -1
766 709 4748 4795 4797 4781 4713 4719 4712 4715 4717 4764 4709 4706 4798 4792 -1
788 52 4795 -1
789 209 4797 4792 4715 4712 4706 4712 -1
813 261 4735 4781 -1
825 139 4735 -1
854 56 4792 4712 -1
879 108 4735 -1
898 7 4796 -1
908 6 4735 -1
947 21 4735 4796 -1
950 8 4797 -1
974 30 4735 -1
988 257 4735 -1
996 279 4712 4797 4735 4712 -1
1018 3 4728 -1
1024 40 4706 -1
1032 34 4712 -1
1041 31 4796 -1
1055 139 4797 4735 -1
1063 29 4717 -1
1074 75 4709 4717 4713 4712 4791 -1
1097 93 4735 -1
1098 260 4764 -1
1125 22 4735 -1
1127 58 4776 -1
1133 282 4728 4792 4719 4781 4796 4735 4706 -1
1151 460 4792 4706 4712 4781 -1
1166 318 4712 4781 4719 4748 -1
1179 8 4719 -1
1184 57 4796 4719 -1
1200 92 4796 -1
1204 58 4792 -1
1207 24 4748 -1
1210 221 4798 4795 -1
1228 9 4735 -1
1241 33 4735 -1
1291 34 4719 -1
1374 385 4712 4797 -1
1385 24 4781 -1
1395 192 4706 -1
1428 159 4706 -1
1468 19 4796 -1
1470 115 4797 4735 4792 -1
1473 70 4719 4706 4709 -1
1492 159 4735 4715 -1
1496 190 4709 -1
1522 90 4735 -1
1537 72 4735 -1
1542 237 4781 4712 4717 4712 4715 4748 -1
1549 522 4719 4712 4712 -1
1608 344 4795 4712 -1
1613 12 4798 -1
1614 71 4706 -1
1623 36 4717 -1
1639 36 4748 -1
1647 15 4796 -1
1701 98 4735 4709 4795 4712 4715 -1
1717 98 4735 -1
1719 10 4712 -1
1730 29 4735 -1
1733 40 4735 4786 -1
1762 37 4713 4709 4712 -1
1769 64 4712 -1
1796 38 4717 4748 4795 -1
1799 42 4792 4735 -1
1823 45 4706 -1
1847 46 4712 4735 -1
1964 10 4719 -1
1972 184 4713 4712 4795 -1
1985 57 4735 -1
1990 29 4735 4709 4712 -1
2093 52 4709 -1
2109 27 4735 -1
2117 18 4735 -1
2118 114 4735 -1
2129 42 4735 -1
2135 143 4712 4735 4748 4712 -1
2144 17 4735 -1
2145 134 4735 4798 4792 -1
2210 16 4735 -1
2215 12 4735 -1
2223 13 4798 -1
2237 254 4781 4719 4796 4735 -1
2246 7 4735 -1
2256 125 4735 4798 4795 -1
2257 47 4719 -1
2258 90 4715 4781 4712 -1
2264 51 4797 4712 4706 -1
2276 21 4795 -1
2297 150 4706 -1
2326 249 4735 -1
2328 205 4795 4712 4709 4791 4717 -1
2365 58 4735 4719 -1
2375 32 4712 -1
2384 65 4781 -1
2398 56 4735 -1
2440 43 4712 -1
2456 31 4781 4735 -1
2474 101 4735 -1
2485 286 4781 4712 -1
2493 5 4748 -1
2516 36 4706 -1
2542 73 4735 -1
2547 64 4715 4719 4735 4706 4798 -1
2549 63 4797 -1
2557 77 4792 -1
2560 89 4706 -1
2564 49 4712 -1
2565 827 4792 4764 4796 4719 4709 4713 4706 -1
2576 138 4797 -1
2596 13 4735 -1
2609 6 4712 -1
2618 50 4796 -1
2619 44 4712 -1
2621 8 4719 -1
2651 216 4792 4735 4797 -1
2655 30 4735 4712 4795 -1
2657 35 4717 -1
2658 231 4735 4717 -1
2660 148 4797 4792 4717 4712 -1
2667 93 4781 4795 4798 4715 -1
2686 120 4735 4715 4717 -1
2688 516 4706 4717 4715 4764 4709 4798 4781 4795 4792 4712 4719 4796 4713 -1
2693 132 4709 4735 -1
2694 17 4735 -1
2699 63 4709 4735 4796 -1
2708 5 4719 -1
2744 36 4709 -1
2747 65 4735 -1
2765 30 4719 -1
2774 45 4735 -1
2775 36 4717 -1
2790 145 4778 -1
2832 27 4728 4735 -1
2859 90 4719 4728 -1
2871 165 4706 4792 4719 -1
2889 11 4712 -1
2903 5 4796 -1
2909 51 4712 4712 4735 -1
2914 4 4792 -1
2917 2 4735 -1
2932 50 4735 -1
2935 30 4719 4792 4797 -1
2958 48 4735 -1
2967 232 4792 4706 4735 4796 4719 -1
2968 37 4735 -1
2972 271 4795 4797 4706 4796 4735 4712 4717 4792 4712 4719 4748 4717 -1
2988 56 4717 -1
3000 31 4748 -1
3010 118 4764 4712 4712 -1
3026 151 4706 -1
3027 31 4712 4781 -1
3028 99 4715 -1
3032 205 4712 4795 4712 4717 -1
3034 38 4735 -1
3057 36 4706 4709 -1
3072 24 4712 -1
3073 33 4706 4796 -1
3084 52 4735 -1
3090 10 4717 -1
3092 52 4781 4715 4712 -1
3106 5 4709 -1
3145 17 4735 -1
3191 55 4712 -1
3209 32 4792 -1
3210 6 4792 -1
3238 22 4712 -1
3274 60 4719 4791 4717 4717 -1
3291 56 4712 4713 4786 4735 -1
3305 2 4796 -1
3326 12 4735 -1
3345 36 4709 -1
3346 4 4735 -1
3350 55 4706 -1
3352 165 4735 4719 4712 -1
3354 5 4791 4796 -1
3366 31 4712 -1
3378 37 4781 4735 -1
3380 33 4795 -1
3381 177 4709 4764 4713 -1
3390 47 4706 -1
3394 121 4735 4719 -1
3402 88 4792 4719 4796 -1
3404 73 4712 -1
3439 69 4712 -1
3445 15 4712 4712 -1
3447 214 4717 4712 4795 4795 4717 4735 4715 4792 4796 -1
3449 306 4735 4717 4712 4792 4796 4797 4781 4776 4777 4715 4712 4706 4795 4798 4719 -1
3451 49 4735 4796 -1
3452 91 4712 4792 4719 4706 -1
3453 241 4706 4796 4728 4717 4712 4712 4719 4795 4717 4792 4735 4709 4748 -1
3454 124 4719 4796 -1
3455 59 4792 4797 -1
3456 250 4709 4795 4798 4712 4735 4719 4706 4715 4792 -1
3457 97 4719 4781 4706 -1
3458 61 4795 -1
3459 73 4712 4712 4764 -1
3460 17 4791 -1
3461 49 4795 -1
3462 36 4796 -1
3463 54 4735 4719 4706 4796 -1
3478 42 4781 4797 -1
3480 12 4735 -1
3498 96 4712 4735 -1
3568 128 4735 4706 4712 -1
3586 135 4709 4795 4748 4712 -1
3601 41 4797 -1
3603 10 4792 -1
3607 24 4781 -1
3614 187 4781 4712 4715 4792 -1
3615 113 4798 -1
3634 57 4781 -1
3641 194 4709 4764 4713 4781 4795 -1
3642 291 4748 4712 4713 4715 4709 4798 4764 4781 4797 4717 4795 -1
3658 38 4781 -1
3666 125 4712 -1
3728 71 4709 4735 4719 4712 -1
3743 8 4796 -1
3786 72 4797 4712 -1
3787 233 4712 4715 4713 4796 4776 4735 4797 -1
3792 19 4717 -1
3796 107 4792 4719 4796 4735 -1
3803 8 4792 -1
3812 32 4735 -1
3813 72 4797 -1
3830 18 4796 4735 -1
3835 26 4712 4797 4706 4796 -1
3843 7 4792 -1
3845 7 4712 -1
3854 79 4706 -1
3873 3 4712 -1
3897 7 4792 -1
3916 25 4709 -1
3917 23 4706 4735 -1
3919 14 4795 4717 -1
3930 5 4719 -1
3969 58 4712 4792 4706 4719 4796 -1
3976 43 4712 -1
3985 26 4781 -1
3995 53 4712 4715 -1
4001 27 4719 -1
4013 4 4712 -1
4036 139 4712 4797 4712 4792 -1
4040 71 4776 4706 -1
4041 54 4792 4712 4715 4719 4795 -1
4044 53 4719 4728 4796 -1
4045 244 4792 4781 4719 4795 4715 4798 4712 4717 4706 4748 4796 -1
4046 40 4706 -1
4063 26 4735 -1
4065 104 4713 4792 -1
4072 21 4735 -1
4073 90 4735 -1
4076 52 4796 4719 -1
4077 63 4735 4712 -1
4099 101 4728 4781 4715 -1
4103 1 4798 -1
4116 8 4796 -1
4119 5 4706 -1
4123 23 4735 -1
4138 59 4797 -1
4142 30 4735 -1
4151 79 4712 -1
4162 15 4709 -1
4175 7 4712 -1
4211 39 4719 4706 4735 4796 -1
4212 30 4798 -1
4219 101 4796 4717 4719 4792 4776 4735 4728 4706 -1
4261 23 4796 4709 4719 -1
4266 11 4735 -1
4273 19 4709 -1
4282 5 4796 -1
4297 32 4717 4712 4735 -1
4310 225 4712 4781 4709 4715 4748 4717 -1
4312 5 4728 -1
4315 19 4735 -1
4335 28 4735 -1
4338 11 4709 -1
4353 69 4713 -1
4355 40 4748 -1
4377 11 4719 -1
4415 15 4706 -1
4437 33 4719 -1
4441 186 4798 4735 4712 4719 4715 4717 -1
4442 15 4706 4717 -1
4448 32 4717 -1
4471 3 4712 4712 -1
4482 6 4712 -1
4483 137 4715 4748 4712 4797 4795 -1
4485 11 4712 4792 -1
4486 9 4796 -1
4511 9 4719 -1
4527 6 4748 -1
4531 8 4735 -1
4534 16 4712 4796 -1
4536 58 4792 -1
4547 41 4792 4735 -1
4550 81 4712 -1
4564 30 4735 -1
4574 37 4781 -1
4575 2 4735 -1
4582 4 4728 -1
4587 25 4792 -1
4588 9 4719 -1
4591 2 4712 -1
4600 15 4781 4792 -1
4604 3 4712 -1
4632 202 4715 4792 4798 -1
4633 11 4706 -1
4653 80 4748 4795 -1
4661 19 4719 -1
4662 44 4797 -1
4664 5 4735 4712 4706 -1
4673 68 4748 4712 4717 4795 4798 4715 -1
4675 1 4735 -1
4681 10 4792 -1
4686 40 4717 4717 -1
4687 19 4706 -1
4688 59 4776 4706 4719 4792 4735 4796 -1
4705 3 4728 -1
4706 3 4792 -1
4710 7 4735 4706 -1
4712 91 4735 4795 4717 -1
4714 3 4719 -1
4715 8 4719 -1
4716 1 4719 -1
4717 57 4798 4712 4748 4719 4764 4712 -1
4718 31 4719 -1
4725 33 4796 -1
4726 12 4728 -1
4727 1 4728 -1
4733 4 4735 -1
4736 1 4735 -1
4737 2 4735 -1
4738 1 4735 -1
4739 11 4735 4706 -1
4740 1 4735 -1
4741 3 4735 -1
4746 7 4792 -1
4749 2 4706 -1
4756 32 4776 4796 -1
4764 52 4712 4717 -1
4773 1 4776 -1
4774 12 4776 4796 -1
4785 1 4796 -1
4786 3 4791 4796 -1
4787 1 4796 -1
4788 15 4796 4764 -1
4789 2 4796 -1
4790 1 4796 -1
4791 1 4796 -1
4792 45 4796 4706 4792 -1
4793 2 4796 -1
4794 1 4796 -1
4799 1 4798 -1
4813 45 4713 4709 4748 4795 -1
4823 1 4706 -1
4824 88 4706 4792 4781 4797 4795 -1
4825 2 4706 -1
4828 105 4712 4795 4797 4717 4748 4712 4764 -1
4829 57 4712 4712 -1
4859 29 4792 4717 -1
4899 160 4717 4781 4748 -1
4937 14 4792 -1
4948 194 4797 4792 -1
4960 8 4748 -1
4964 51 4715 -1
4966 25 4797 -1
4967 317 4764 4712 4781 4748 4715 4712 4717 4717 4713 4709 4798 4795 -1
4980 12 4777 -1
4981 49 4712 -1
5000 1 4792 -1
5001 1 4792 -1
5002 116 4792 4709 4713 -1
5022 173 4709 4748 4795 4791 -1
5028 40 4781 -1
5029 21 4712 -1
5037 18 4712 -1
5068 10 4712 4712 -1
5079 240 4777 4717 4712 4795 4795 4798 4715 4748 -1
5089 8 4795 -1
5103 118 4717 4709 -1
5110 84 4712 4715 4798 4717 4795 -1
5118 9 4797 -1
5121 9 4715 -1
5123 60 4712 4795 -1
5125 16 4781 -1
5140 50 4748 4712 4717 -1
5155 16 4712 -1
5166 41 4781 4709 -1
5171 40 4712 4795 -1
5172 18 4781 -1
5173 121 4764 -1
5174 6 4712 -1
5176 100 4797 4712 -1
5177 92 4715 4798 4781 4795 4717 4712 4709 -1
5179 212 4795 4795 4715 4781 4712 4797 4798 -1
5180 47 4795 -1
5181 29 4797 -1
5185 120 4709 4712 4798 4748 4713 4764 4795 4715 -1
5188 211 4797 4709 4713 4712 4748 4795 4764 4717 -1
5189 237 4795 4798 4795 4712 4712 4717 4781 -1
5190 56 4712 -1
5193 15 4712 4717 -1
5217 17 4712 -1
5246 29 4712 -1
5254 34 4717 4713 -1
5262 35 4717 -1
5263 74 4777 4795 4797 -1
5273 12 4764 4717 -1
5276 7 4713 -1
5295 23 4777 -1
5296 15 4712 -1
5301 42 4748 4717 -1
5316 22 4712 4709 4715 -1
5391 14 4712 4712 -1
5396 9 4777 -1
5421 4 4777 -1
5423 36 4798 4795 4715 -1
5428 3 4712 -1
5430 6 4712 4748 -1
5439 39 4748 4795 -1
5452 18 4712 4712 -1
5454 19 4712 -1
5455 7 4712 -1
5457 20 4795 -1
5484 18 4781 -1
5524 402 4748 4713 4715 4764 4709 4717 4781 4712 4798 -1
5531 224 4709 4712 4713 4781 4764 4748 -1
5543 128 4764 4715 4781 -1
5582 105 4795 4748 4713 4717 4709 -1
5603 1 4797 -1
5608 14 4795 -1
5612 38 4798 -1
5616 12 4712 -1
5617 7 4781 -1
5624 20 4717 -1
5626 3 4798 -1
5630 31 4748 4781 4712 -1
5644 13 4795 -1
5645 1 4777 -1
5655 48 4712 4717 -1
5691 49 4797 -1
5696 49 4712 4715 4781 -1
5697 219 4713 4795 4791 4798 4717 4712 4709 4748 4764 -1
5714 42 4715 -1
5739 37 4748 -1
5753 4 4712 -1
5768 11 4791 -1
5775 39 4709 -1
5787 29 4781 -1
5796 173 4709 4712 4764 4715 4717 4748 4795 -1
5798 7 4715 4795 4798 -1
5799 14 4795 4798 4715 -1
5800 182 4712 4764 -1
5802 248 4717 4798 4748 4795 4764 4712 4709 4713 -1
5804 22 4712 4715 -1
5806 45 4795 -1
5810 26 4712 -1
5811 65 4791 4748 4713 -1
5814 106 4712 4709 -1
5816 50 4715 -1
5817 30 4798 4795 -1
5818 40 4713 4764 -1
5821 18 4712 4709 4748 -1
5839 36 4795 -1
5857 62 4712 -1
5862 24 4712 -1
5871 51 4712 4795 -1
5933 4 4791 -1
5934 32 4781 -1
5961 9 4798 -1
5998 80 4748 4712 4717 -1
6006 47 4748 4712 4709 -1
6023 16 4715 -1
6024 7 4712 -1
6032 70 4709 4764 -1
6038 6 4748 -1
6043 38 4781 -1
6047 4 4713 -1
6068 30 4781 -1
6075 16 4781 -1
6094 11 4781 -1
6118 2 4781 -1
6119 3 4781 -1
6120 1 4781 -1
6121 2 4781 -1
6217 28 4712 4709 -1
6218 47 4798 4712 4795 -1
6220 13 4717 4713 -1
6223 12 4717 -1
6243 32 4712 -1
6248 10 4717 -1
6271 8 4715 -1
6272 80 4717 -1
6298 4 4798 -1
6299 70 4713 4798 -1
6305 147 4764 4713 4717 4709 4795 4712 -1
6312 3 4798 -1
6314 9 4791 -1
6320 17 4715 -1
6323 49 4764 -1
6324 6 4798 4712 -1
6327 71 4713 4712 -1
6347 11 4709 -1
6359 72 4715 4712 4713 4764 -1
6360 35 4715 4798 -1
6377 18 4764 4713 -1
6379 1 4798 -1
6380 4 4798 -1
6381 2 4798 -1
6398 15 4709 -1
6422 7 4712 -1
6447 11 4712 -1
6458 22 4709 -1
6460 56 4717 -1
6467 8 4712 4717 -1
6488 19 4717 4713 -1
6494 70 4709 -1
6510 54 4713 4709 -1
6517 2 4713 -1
6518 30 4748 -1
6522 21 4764 4713 -1
6525 13 4713 -1
6533 1 4791 -1
6534 1 4791 -1
6535 1 4791 -1
6536 2 4791 -1
6545 5 4709 -1
6546 2 4709 -1
6560 42 4713 4717 -1
6561 3 4717 -1
6595 12 4712 -1
6596 137 4712 -1
6605 9 4712 -1
6607 3 4712 -1
6608 16 4709 -1
6615 119 4764 4713 -1
6626 8 4712 -1
6627 12 4712 -1
6657 9 4712 -1
6658 5 4712 -1
6712 8 4764 -1
6714 92 4713 -1
6736 31 4764 -1
6764 1 4709 -1
6765 1 4709 -1
6766 16 4709 -1
6767 2 4709 -1
6781 5 4764 -1
6828 1 4713 -1
6829 4 4713 -1
6837 1 4764 -1