11 733 6496 -1
24 270 6496 -1
29 136 6498 -1
36 231 6496 6437 -1
42 88 6437 6458 -1
44 42 6432 6437 -1
68 187 6437 -1
87 164 6458 6441 6400 6496 6437 -1
109 166 6481 6442 6437 6417 6458 -1
113 68 6437 -1
122 193 6498 -1
136 64 6498 6441 -1
172 120 6498 6441 -1
173 332 6414 -1
177 16 6496 -1
182 59 6400 -1
226 13 6437 -1
237 35 6417 -1
319 193 6442 -1
364 11 6458 -1
457 640 6498 6481 6441 6432 6442 6496 6417 6400 6458 6437 -1
544 2 6458 -1
608 3 6414 -1
658 6 6458 -1
695 87 6437 -1
737 120 6417 6442 6496 -1
749 62 6498 -1
766 709 6458 6481 6441 6414 6442 6432 6496 6417 6437 -1
788 52 6400 -1
789 209 6481 -1
791 29 6417 -1
813 261 6400 -1
854 56 6496 -1
993 233 6498 -1
996 279 6498 6400 6437 6441 6432 -1
1009 43 6417 -1
1010 6 6417 -1
1051 48 6496 6498 -1
1074 75 6498 6491 6481 6496 6441 -1
1151 460 6437 6414 6458 6496 6481 -1
1166 318 6496 6437 -1
1210 221 6498 -1
1215 40 6437 -1
1267 61 6496 -1
1319 185 6496 -1
1374 385 6496 6414 -1
1470 115 6458 -1
1496 190 6458 -1
1522 90 6462 -1
1542 237 6481 6417 6496 -1
1549 522 6442 -1
1623 36 6496 -1
1644 46 6437 6498 6414 -1
1688 24 6496 -1
1701 98 6414 6496 -1
1717 98 6400 -1
1733 40 6481 -1
1748 37 6442 -1
1767 75 6437 6496 -1
1800 20 6496 -1
1835 55 6437 -1
1879 13 6442 6417 -1
1951 26 6481 -1
1972 184 6437 6458 6441 -1
2037 6 6481 -1
2135 143 6496 -1
2145 134 6437 6414 6498 6441 -1
2172 24 6407 -1
2174 49 6498 -1
2249 38 6417 -1
2256 125 6432 -1
2258 90 6414 -1
2264 51 6458 -1
2297 150 6437 6442 -1
2369 134 6458 6414 -1
2376 22 6441 6437 -1
2381 37 6498 6400 -1
2410 27 6414 -1
2440 43 6414 -1
2452 29 6417 -1
2456 31 6458 6437 6414 -1
2458 7 6442 -1
2485 286 6417 -1
2516 36 6481 -1
2545 7 6458 6437 -1
2547 64 6481 6407 -1
2560 89 6422 -1
2564 49 6437 6442 -1
2565 827 6417 6496 6422 6414 6414 6442 -1
2576 138 6437 -1
2595 42 6437 -1
2621 8 6481 -1
2658 231 6422 6417 6414 6442 -1
2660 148 6417 -1
2667 93 6441 6437 6432 -1
2688 516 6458 -1
2693 132 6496 -1
2699 63 6458 -1
2765 30 6441 -1
2774 45 6437 -1
2775 36 6437 -1
2839 5 6417 6442 -1
2851 45 6437 6442 -1
2940 91 6496 -1
2967 232 6400 -1
2972 271 6441 6481 6458 -1
2988 56 6400 -1
3010 118 6441 -1
3015 30 6481 -1
3021 5 6481 -1
3027 31 6498 6458 -1
3032 205 6437 6432 -1
3106 5 6458 -1
3176 5 6400 -1
3274 60 6421 -1
3291 56 6432 -1
3297 39 6414 -1
3345 36 6496 6498 6458 -1
3348 16 6498 -1
3381 177 6498 6441 6417 6442 6432 -1
3447 214 6481 -1
3449 306 6432 6400 -1
3453 241 6496 6481 -1
3456 250 6498 6437 6458 6496 6481 -1
3459 73 6481 -1
3478 42 6458 -1
3508 7 6496 -1
3535 5 6437 -1
3586 135 6464 6481 6414 -1
3600 6 6417 -1
3634 57 6481 6441 -1
3641 194 6498 6417 -1
3642 291 6481 6437 6417 6496 6441 6400 6414 6458 -1
3691 70 6498 -1
3787 233 6400 -1
3932 4 6458 -1
3965 79 6414 6496 -1
3969 58 6496 6481 -1
3985 26 6496 -1
4036 139 6417 6437 -1
4045 244 6432 6437 6496 6441 6481 -1
4046 40 6414 -1
4073 90 6437 6481 -1
4099 101 6481 6437 -1
4162 15 6496 -1
4175 7 6498 -1
4187 8 6422 -1
4257 2 6417 -1
4310 225 6414 6432 6437 6481 -1
4335 28 6414 -1
4347 33 6414 -1
4364 14 6422 -1
4409 6 6496 -1
4437 33 6442 -1
4441 186 6437 6458 6414 -1
4447 12 6422 -1
4483 137 6417 6481 -1
4632 202 6481 6437 6498 6458 6414 6441 -1
4669 9 6442 -1
4673 68 6458 6441 6481 6498 6432 -1
4687 19 6400 6498 -1
4709 24 6458 -1
4712 91 6498 -1
4764 52 6442 -1
4781 28 6458 -1
4795 66 6474 6432 6407 -1
4813 45 6441 6498 6481 6458 -1
4814 16 6422 -1
4828 105 6422 6432 6481 -1
4899 160 6498 6458 6481 6441 -1
4948 194 6481 -1
4960 8 6437 -1
4966 25 6472 -1
4967 317 6441 6496 6458 6432 6481 6437 -1
4970 6 6437 -1
5002 116 6481 -1
5022 173 6407 6424 6409 6432 6474 6417 6498 6441 -1
5028 40 6498 6414 -1
5053 53 6496 -1
5079 240 6481 6417 6422 6432 6437 -1
5096 14 6442 -1
5102 48 6442 -1
5103 118 6400 6417 6441 6442 -1
5110 84 6422 6400 6417 -1
5123 60 6498 -1
5166 41 6496 -1
5171 40 6481 -1
5173 121 6414 -1
5177 92 6437 6441 6481 -1
5178 15 6496 -1
5179 212 6432 6414 6407 6400 -1
5181 29 6437 -1
5185 120 6432 6496 6481 6458 -1
5188 211 6496 6458 -1
5189 237 6481 6441 6417 6458 6437 -1
5193 15 6498 -1
5217 17 6442 -1
5248 2 6458 -1
5254 34 6496 -1
5316 22 6496 -1
5360 9 6474 -1
5423 36 6481 6432 6496 6441 -1
5439 39 6437 6458 6481 6498 -1
5472 15 6458 -1
5524 402 6458 6496 6407 6441 6422 6417 6414 6481 6437 -1
5531 224 6414 6441 6498 6458 6400 6437 6417 6442 6496 6481 -1
5551 8 6481 -1
5553 36 6496 -1
5582 105 6432 6496 6441 6437 6481 6458 -1
5591 21 6409 6414 6417 6400 -1
5596 11 6496 -1
5630 31 6441 -1
5696 49 6458 6432 6496 6441 -1
5697 219 6441 6432 6481 6474 6496 6458 6400 6417 6437 -1
5714 42 6458 6481 6437 -1
5721 8 6414 -1
5773 63 6414 -1
5775 39 6458 -1
5796 173 6496 6498 6414 6442 6481 6400 -1
5799 14 6432 6437 -1
5800 182 6441 6442 6417 -1
5802 248 6414 6417 6442 6481 6496 6458 6441 -1
5804 22 6458 -1
5806 45 6441 -1
5807 16 6417 -1
5810 26 6442 -1
5811 65 6432 6414 6498 6441 -1
5812 42 6458 6498 -1
5813 2 6417 -1
5814 106 6437 6417 6498 -1
5817 30 6481 -1
5818 40 6458 6441 -1
5819 52 6432 6441 -1
5820 19 6414 -1
5821 18 6458 -1
5822 81 6432 6437 -1
5823 13 6437 6441 6432 6417 -1
5839 36 6417 6458 6442 6432 6417 -1
5857 62 6496 6481 6458 -1
5890 4 6400 -1
5940 12 6496 -1
5952 14 6414 -1
5969 5 6417 -1
5972 2 6424 -1
5999 16 6496 -1
6006 47 6481 6437 6496 6458 6441 -1
6007 3 6496 -1
6013 3 6496 -1
6015 3 6496 -1
6016 10 6496 -1
6023 16 6437 6481 6432 6441 6417 -1
6032 70 6442 6414 -1
6068 30 6498 6414 -1
6082 4 6496 -1
6097 24 6496 6414 -1
6126 11 6437 6432 6441 -1
6156 20 6417 6432 -1
6179 7 6496 -1
6216 5 6481 6458 -1
6217 28 6496 6458 -1
6218 47 6432 -1
6223 12 6437 -1
6239 3 6432 -1
6241 64 6417 6442 6496 -1
6243 32 6414 -1
6270 57 6441 6417 6496 -1
6280 31 6442 -1
6299 70 6417 6417 6414 6496 -1
6305 147 6458 6414 6481 6441 6498 -1
6317 3 6432 -1
6320 17 6414 -1
6323 49 6481 6417 -1
6327 71 6432 6414 6437 -1
6347 11 6496 -1
6359 72 6496 -1
6360 35 6414 6417 -1
6391 1 6400 -1
6392 1 6400 -1
6393 1 6400 -1
6394 6 6400 -1
6395 1 6400 -1
6396 1 6400 -1
6397 1 6400 -1
6398 15 6400 -1
6401 1 6401 -1
6415 3 6417 -1
6416 2 6417 -1
6421 15 6422 -1
6424 2 6481 -1
6428 3 6498 -1
6430 1 6432 -1
6431 1 6432 -1
6439 1 6441 -1
6447 11 6481 6498 6474 -1
6450 1 6458 -1
6451 1 6458 -1
6452 1 6458 -1
6453 1 6458 -1
6454 1 6458 -1
6455 1 6458 -1
6456 3 6458 -1
6457 1 6458 -1
6459 2 6458 -1
6466 1 6424 -1
6467 8 6424 -1
6468 1 6424 -1
6469 2 6424 -1
6470 1 6472 -1
6480 1 6481 -1
6483 18 6496 -1
6484 10 6496 -1
6485 1 6496 -1
6486 57 6496 -1
6487 3 6496 -1
6488 19 6496 -1
6489 2 6496 -1
6490 2 6496 -1
6491 4 6496 -1
6492 2 6496 -1
6493 1 6496 -1
6494 70 6496 -1
6495 1 6496 -1
6497 1 6498 -1
6518 30 6442 -1
6548 8 6442 -1
6563 54 6414 -1
6613 8 6414 -1
6615 119 6417 6442 -1
6619 77 6417 6442 -1
6620 91 6414 -1
6624 122 6414 6442 -1
6712 8 6414 6442 -1
6714 92 6417 6442 -1
6736 31 6422 -1
6747 3 6414 -1
6749 1 6491 -1
6753 4 6442 -1
6772 49 6417 -1
6784 41 6414 -1
6789 9 6417 -1
6875 15 6442 -1
6885 13 6442 -1
6906 49 6414 6417 -1
6907 183 6414 6442 6414 6417 -1
6914 52 6417 -1
6918 23 6442 -1
6945 16 6414 -1
6946 25 6417 -1
6951 26 6422 -1
6975 7 6414 -1
6993 75 6414 -1
7045 36 6414 -1
7047 133 6422 6414 -1
7052 114 6414 -1
7053 19 6422 -1
7055 95 6442 -1
7057 100 6417 6442 6414 -1
7086 111 6442 -1
7092 75 6422 -1
7100 15 6414 -1
7110 5 6414 -1
7113 8 6422 -1
7131 23 6442 -1
7270 4 6442 -1
7280 71 6422 -1
7294 37 6414 -1
7378 40 6417 6422 -1
7391 47 6422 -1
7400 15 6417 -1
7416 1 6417 -1
7417 2 6442 -1
7418 2 6442 -1
7419 1 6442 -1
7420 1 6442 -1
7443 10 6414 -1
7490 25 6424 -1
7614 37 6422 -1
7733 42 6422 6414 -1
7743 10 6422 -1
7768 10 6414 -1
7769 19 6414 -1
7775 11 6422 -1
7791 4 6414 -1
7882 10 6414 -1
7966 1 6422 -1
7967 3 6422 -1