6 258 932 936 960 991 907 922 971 913 993 972 995 978 966 963 -1
8 162 936 977 -1
9 71 918 982 972 904 932 -1
11 733 942 955 932 978 908 982 959 978 947 941 937 943 907 935 993 971 999 936 945 963 946 968 918 958 994 929 960 913 989 959 922 975 985 956 904 937 -1
12 54 937 -1
14 105 968 -1
15 42 974 -1
16 16 993 982 -1
17 37 982 941 -1
20 153 982 981 993 941 994 943 918 -1
21 77 932 960 908 963 -1
23 48 945 981 989 972 -1
24 270 945 932 994 993 999 946 935 908 960 -1
25 63 994 -1
28 110 958 991 -1
29 136 956 942 966 918 958 929 936 934 932 938 -1
35 64 960 963 907 978 971 -1
36 231 975 958 922 999 972 945 981 982 993 959 941 908 -1
38 12 922 -1
42 88 908 975 907 993 -1
43 4 918 -1
44 42 947 966 908 -1
46 58 993 991 -1
47 113 935 989 993 958 989 -1
55 53 956 942 958 918 -1
59 94 928 959 937 935 -1
66 41 977 -1
71 68 937 908 971 989 -1
72 113 947 972 993 989 991 959 943 975 -1
74 69 937 922 993 955 918 958 995 960 956 -1
79 28 955 934 958 -1
80 55 945 -1
86 101 908 991 989 932 913 918 989 981 972 937 -1
87 164 913 963 958 932 999 -1
90 63 932 994 958 -1
104 19 955 -1
109 166 993 -1
110 59 918 979 966 942 991 955 945 932 936 972 981 -1
111 26 994 995 -1
113 68 981 -1
122 193 974 -1
125 28 960 959 937 -1
126 22 913 956 989 -1
127 83 982 974 956 -1
128 51 993 937 960 -1
130 12 936 -1
138 69 941 971 -1
139 32 958 -1
143 95 991 972 918 995 960 -1
147 50 993 958 994 937 966 -1
151 44 945 972 955 936 918 994 958 941 -1
154 53 989 958 989 -1
155 16 928 -1
157 41 966 994 955 -1
161 27 963 989 941 978 -1
166 77 959 908 -1
168 7 993 -1
171 56 904 982 907 960 -1
172 120 993 975 -1
173 332 975 935 918 946 995 922 913 955 941 993 971 959 907 972 948 958 960 908 937 904 979 947 945 999 -1
176 39 948 922 960 -1
177 16 968 972 -1
178 52 958 994 993 -1
179 15 989 977 -1
180 54 908 -1
182 59 971 977 993 982 972 -1
187 32 989 932 977 -1
192 16 936 932 -1
193 19 974 -1
201 20 956 -1
215 84 994 956 904 993 943 985 -1
224 10 994 -1
226 13 977 -1
231 44 956 -1
232 19 960 -1
255 87 993 -1
257 5 981 -1
259 42 959 -1
263 21 918 -1
266 13 935 -1
268 3 935 -1
269 26 994 972 977 -1
270 14 935 937 -1
275 47 946 -1
280 76 994 995 908 991 966 977 989 -1
285 5 993 -1
290 61 959 908 946 974 -1
292 5 945 -1
304 64 989 945 978 972 907 971 966 908 963 981 -1
306 215 956 913 972 908 958 978 936 960 963 974 907 971 978 993 -1
308 144 960 982 978 972 913 999 978 908 994 993 959 948 974 941 958 -1
310 236 995 972 993 994 946 936 999 955 922 918 989 989 935 904 985 958 947 966 991 932 945 -1
311 312 946 958 937 937 995 989 943 956 993 908 978 972 941 936 907 985 922 955 971 981 930 937 994 -1
312 223 918 948 991 972 995 994 936 958 941 929 966 999 989 956 937 978 959 981 985 977 943 945 932 982 978 -1
313 41 978 959 999 974 941 958 981 -1
315 70 930 963 942 985 943 993 -1
317 126 932 960 994 941 989 918 948 993 991 995 999 972 956 981 958 971 -1
319 193 922 972 904 908 981 967 995 907 971 936 993 955 978 -1
321 22 945 971 972 918 966 958 -1
324 13 966 -1
327 7 918 -1
334 41 945 955 918 985 989 941 932 -1
336 28 941 -1
339 79 959 941 936 918 -1
340 30 963 932 937 985 945 918 972 -1
346 27 936 -1
348 19 981 941 -1
356 16 993 -1
371 117 977 960 945 991 958 936 -1
376 36 985 977 999 -1
395 37 967 -1
403 18 974 -1
407 101 946 989 937 993 958 -1
412 21 937 -1
417 8 974 -1
430 5 991 -1
432 155 999 993 978 960 -1
457 640 922 959 904 975 960 908 993 935 946 941 -1
479 6 978 -1
499 11 999 -1
530 5 958 -1
545 25 960 978 999 -1
546 107 937 946 974 908 -1
556 117 945 999 993 -1
587 14 972 922 991 941 -1
588 23 922 941 959 947 999 -1
600 171 999 907 960 932 946 -1
604 8 960 -1
618 8 955 -1
620 10 979 -1
626 31 993 960 -1
633 48 982 -1
634 106 946 958 999 936 935 993 941 948 -1
635 52 958 937 991 982 -1
637 26 977 937 -1
639 28 985 989 941 943 -1
643 44 958 972 -1
644 23 908 -1
647 29 985 -1
649 15 995 -1
650 85 982 936 955 922 995 932 977 -1
653 2 958 -1
659 13 978 -1
663 133 985 978 971 966 979 947 929 922 993 936 -1
674 16 981 972 -1
686 57 943 981 956 948 971 985 966 -1
691 24 937 928 -1
695 87 999 932 971 958 -1
697 85 993 941 981 936 994 982 960 -1
699 7 978 -1
704 82 941 974 948 908 985 999 993 -1
705 23 978 943 922 932 981 941 958 -1
706 56 978 993 913 -1
707 110 978 977 989 907 941 994 928 948 956 971 945 904 991 989 946 999 -1
708 39 956 937 978 958 981 937 991 947 -1
710 88 960 991 941 937 955 979 989 972 993 -1
712 18 978 -1
715 21 999 -1
722 124 932 935 993 904 974 977 908 991 -1
730 29 958 989 989 -1
738 7 979 -1
742 85 978 977 994 993 978 941 -1
759 55 995 972 963 981 999 -1
761 7 989 -1
762 42 966 993 -1
764 22 946 947 -1
766 709 960 974 908 967 978 968 946 -1
769 137 960 948 978 974 904 993 922 959 958 941 -1
784 205 948 985 946 999 937 947 974 937 908 989 904 982 963 993 -1
788 52 956 978 959 963 974 978 -1
789 209 999 972 947 946 971 978 994 937 959 985 -1
791 29 981 -1
794 9 982 -1
795 57 993 960 963 999 -1
805 82 993 994 960 941 948 946 -1
810 19 989 989 977 959 -1
813 261 941 974 958 908 968 946 993 959 947 937 994 -1
816 25 993 -1
818 2 932 -1
823 11 955 -1
826 218 937 960 993 946 948 908 968 -1
830 2 993 -1
836 26 993 -1
838 34 932 904 -1
842 27 936 945 937 935 948 -1
844 35 959 936 935 945 -1
852 25 913 993 991 -1
853 14 904 985 -1
854 56 968 972 981 -1
859 7 959 -1
860 7 955 -1
861 16 941 -1
865 45 945 936 929 -1
869 9 941 -1
870 37 993 -1
871 47 999 941 960 982 971 943 -1
872 26 993 974 -1
882 7 985 963 -1
885 6 995 977 -1
904 59 999 993 928 982 -1
908 6 958 -1
911 24 932 918 958 -1
912 8 955 994 929 -1
914 6 989 -1
915 7 918 -1
920 10 941 -1
921 7 978 978 -1
922 147 982 993 904 930 913 937 941 908 978 928 974 922 943 946 -1
926 5 932 -1
931 2 932 -1
933 10 999 -1
935 19 936 -1
937 33 955 958 981 -1
938 2 972 966 -1
941 74 922 907 971 978 928 -1
943 28 945 955 922 960 918 -1
944 5 945 -1
946 85 993 947 985 937 -1
950 8 918 -1
954 8 904 985 -1
956 40 978 958 993 -1
957 3 958 -1
959 10 985 978 -1
961 11 966 -1
962 3 966 -1
963 3 966 -1
964 4 966 -1
967 12 972 -1
968 5 972 -1
969 2 972 -1
970 10 972 -1
971 53 979 941 956 937 972 982 -1
973 1 977 -1
974 30 977 -1
975 8 977 993 -1
976 1 977 -1
978 54 979 989 993 908 956 959 -1
982 32 937 -1
984 4 995 -1
986 50 985 946 960 948 993 922 -1
987 2 989 -1
988 257 974 922 982 959 -1
990 1 991 -1
993 233 999 959 935 956 937 995 908 975 948 946 947 -1
994 42 995 -1
996 279 946 947 907 968 971 959 -1
998 25 971 913 956 -1
1000 34 968 960 -1
1003 17 946 -1
1006 130 960 904 975 948 963 994 941 956 937 935 982 -1
1009 43 948 994 -1
1010 6 948 -1
1013 9 937 -1
1022 13 978 978 -1
1029 20 956 963 -1
1032 34 993 -1
1033 3 956 -1
1034 34 907 974 -1
1035 10 947 -1
1037 50 908 947 946 960 -1
1039 6 989 -1
1041 31 913 -1
1044 9 941 -1
1050 33 960 956 975 -1
1051 48 938 968 -1
1055 139 993 948 960 978 913 959 959 928 908 -1
1061 2 937 -1
1062 157 975 935 982 922 947 941 946 993 999 994 943 959 -1
1063 29 971 -1
1074 75 994 -1
1075 59 907 971 -1
1080 5 959 -1
1090 2 943 -1
1095 10 959 -1
1097 93 941 993 -1
1098 260 947 946 993 967 959 -1
1103 6 993 -1
1111 42 959 959 922 999 993 -1
1114 40 978 941 989 922 978 985 971 -1
1124 17 993 -1
1125 22 993 960 -1
1127 58 941 -1
1129 53 993 959 913 978 941 960 -1
1132 42 971 993 -1
1133 282 922 989 913 -1
1134 3 989 -1
1135 112 943 971 999 975 993 989 960 978 908 937 922 -1
1137 104 994 963 -1
1138 2 994 -1
1139 2 994 -1
1142 28 960 993 -1
1143 15 968 -1
1144 7 941 -1
1151 460 993 908 975 904 968 967 937 974 947 -1
1159 2 930 -1
1160 24 978 971 930 941 -1
1164 23 993 908 -1
1165 13 993 -1
1166 318 959 946 993 -1
1167 78 993 904 982 978 985 971 908 -1
1182 5 922 941 -1
1185 25 937 -1
1190 4 974 -1
1193 23 928 959 -1
1199 2 941 922 -1
1200 92 993 941 -1
1201 32 982 941 978 -1
1202 68 941 904 907 -1
1203 20 963 941 -1
1204 58 941 922 943 -1
1205 1 941 -1
1206 1 941 -1
1207 24 941 -1
1208 1 941 -1
1209 1 941 -1
1210 221 993 941 999 935 947 937 -1
1211 66 993 941 908 -1
1212 2 941 -1
1213 1 941 -1
1214 2 941 922 -1
1215 40 947 941 -1
1216 1 941 -1
1221 75 908 907 -1
1223 1 922 -1
1224 1 922 -1
1225 1 922 -1
1226 1 922 -1
1227 1 922 -1
1228 9 922 -1
1229 1 922 -1
1230 31 993 922 -1
1231 1 922 -1
1232 1 922 -1
1233 9 937 907 922 -1
1234 15 943 922 978 978 -1
1235 20 922 963 -1
1236 98 971 922 960 948 928 993 -1
1237 4 922 -1
1238 1 922 -1
1241 33 978 974 982 -1
1242 12 985 -1
1245 10 982 -1
1246 7 943 -1
1247 69 993 960 971 -1
1248 22 928 -1
1253 21 993 -1
1259 41 943 -1
1262 2 982 -1
1267 61 968 935 993 -1
1271 2 943 -1
1278 51 971 960 978 993 907 -1
1279 126 971 948 907 978 959 978 959 960 -1
1281 10 993 946 -1
1284 18 935 937 -1
1285 24 993 -1
1286 55 935 -1
1290 15 978 985 -1
1291 34 993 985 -1
1292 5 985 -1
1293 26 907 960 971 985 -1
1297 48 974 959 978 -1
1305 227 948 999 -1
1306 19 907 -1
1316 7 904 993 -1
1318 2 959 -1
1319 185 971 993 948 974 908 959 907 946 -1
1322 12 960 993 946 -1
1331 6 959 -1
1333 2 999 -1
1335 39 971 935 -1
1339 4 993 -1
1350 114 908 993 947 -1
1352 118 963 971 928 937 993 908 904 -1
1356 18 960 -1
1357 84 907 963 971 960 -1
1368 12 959 -1
1374 385 967 974 959 -1
1377 31 960 -1
1378 13 935 -1
1380 59 993 974 971 975 -1
1381 51 993 948 913 -1
1386 56 948 928 975 937 960 935 -1
1394 6 960 -1
1395 192 947 935 904 959 975 946 993 -1
1407 3 993 -1
1423 5 960 -1
1424 41 907 -1
1428 159 935 937 904 993 908 975 -1
1429 2 963 -1
1436 1 963 -1
1439 9 928 978 -1
1440 1 978 -1
1441 23 946 904 993 978 937 -1
1442 17 993 -1
1443 3 971 -1
1462 30 960 -1
1466 24 960 -1
1467 8 971 -1
1469 4 971 -1
1470 115 959 971 946 974 904 -1
1471 45 960 907 948 971 -1
1472 1 907 -1
1473 70 960 908 993 907 -1
1474 2 907 -1
1480 44 993 -1
1482 26 908 -1
1483 51 960 -1
1487 115 935 928 913 904 -1
1489 41 993 -1
1492 159 937 935 948 993 -1
1496 190 913 946 993 908 -1
1497 18 959 -1
1500 26 960 -1
1501 19 946 993 -1
1505 3 935 -1
1506 34 974 993 -1
1510 16 960 -1
1521 104 937 993 904 -1
1522 90 947 993 -1
1525 33 960 -1
1526 4 904 960 -1
1538 75 904 928 937 -1
1542 237 959 993 967 -1
1547 27 968 913 993 -1
1549 522 974 908 947 975 946 959 993 937 904 935 -1
1552 50 968 935 993 -1
1555 67 904 948 913 993 937 -1
1565 7 993 -1
1566 42 993 937 -1
1571 23 975 -1
1582 9 993 -1
1583 78 993 -1
1585 80 959 935 913 908 -1
1588 1 948 -1
1589 6 948 -1
1592 25 993 -1
1594 108 913 904 935 937 975 993 -1
1608 344 947 913 993 937 904 959 908 975 968 -1
1614 71 993 -1
1615 109 935 946 908 928 993 937 -1
1616 1 928 -1
1621 76 946 947 993 -1
1623 36 993 -1
1639 36 935 -1
1661 36 974 -1
1670 16 913 -1
1671 1 913 -1
1688 24 935 -1
1691 47 967 -1
1693 6 935 993 -1
1697 42 993 -1
1700 48 937 908 993 -1
1705 44 946 -1
1707 29 993 -1
1714 4 993 -1
1716 4 904 -1
1717 98 993 935 -1
1720 13 935 -1
1722 14 935 -1
1730 29 993 -1
1732 16 904 -1
1734 47 908 -1
1742 5 935 -1
1749 63 904 -1
1756 82 937 946 908 968 -1
1757 16 993 -1
1766 19 947 -1
1767 75 937 993 -1
1769 64 993 -1
1772 95 959 937 993 -1
1783 58 974 947 -1
1792 11 993 -1
1800 20 993 -1
1803 20 993 974 -1
1808 103 993 946 -1
1814 79 993 -1
1820 90 946 993 -1
1823 45 935 -1
1835 55 959 974 -1
1836 16 959 908 -1
1837 26 993 -1
1838 54 937 993 908 -1
1847 46 959 993 -1
1868 20 975 -1
1872 4 935 -1
1881 1 935 -1
1882 1 935 -1
1883 1 935 -1
1888 28 993 -1
1891 23 993 -1
1896 50 947 -1
1908 9 993 -1
1919 113 959 908 975 947 937 946 -1
1922 126 946 -1
1925 22 974 975 -1
1962 27 993 -1
1965 9 937 993 -1
1966 17 937 -1
1967 31 974 -1
1972 184 974 -1
1976 6 974 -1
1977 33 993 -1
1980 44 993 947 -1
1985 57 959 946 993 -1
1986 13 993 908 -1
1991 66 993 -1
1992 16 937 -1
1993 3 946 -1
1997 88 937 975 968 947 -1
2009 46 946 -1
2052 13 993 968 946 -1
2062 118 993 975 959 937 946 947 -1
2063 16 937 -1
2065 45 959 993 -1
2072 121 946 947 993 959 -1
2085 28 968 -1
2093 52 993 -1
2097 2 993 -1
2102 31 993 -1
2117 18 993 -1
2118 114 968 993 -1
2120 56 975 993 -1
2126 1 993 -1
2127 2 993 -1
2128 3 993 -1
2129 42 978 993 -1
2130 8 993 -1
2131 1 993 -1
2132 1 993 -1
2133 122 959 993 946 947 968 -1
2134 13 993 -1
2135 143 993 -1
2145 134 947 974 -1
2149 2 975 -1
2156 17 946 -1
2169 32 946 -1
2172 24 968 -1
2203 1 975 -1
2204 1 975 -1
2209 25 974 -1
2231 26 968 -1
2233 34 968 959 -1
2236 75 946 -1
2237 254 974 -1
2240 106 947 974 -1
2249 38 946 -1
2254 6 946 -1
2255 31 959 947 946 -1
2256 125 946 968 -1
2272 31 959 -1
2274 33 947 -1
2290 95 974 -1
2323 54 959 -1
2326 249 974 -1
2328 205 959 947 974 968 -1
2332 20 968 -1
2356 57 974 -1
2357 12 947 -1
2371 93 959 -1
2398 56 974 968 -1
2411 96 974 -1
2485 286 974 -1
2523 5 968 -1
2541 27 974 -1
2546 28 968 -1
2559 54 974 -1
2564 49 974 -1
2565 827 974 967 -1
2576 138 974 -1
2594 42 974 -1
2618 50 974 -1
2651 216 974 -1
2657 35 974 -1
2658 231 967 -1
2688 516 974 978 -1
2697 45 974 -1
2700 113 974 -1
2713 166 978 -1
2790 145 974 -1
2842 93 978 -1
2851 45 967 -1
2900 28 974 -1
2967 232 974 -1
2998 3 974 -1
3005 27 974 -1
3009 38 974 -1
3010 118 974 -1
3026 151 974 -1
3031 42 974 -1
3032 205 967 -1
3147 6 974 -1
3352 165 974 -1
3379 19 974 -1
3386 11 974 -1
3439 69 974 -1
3470 21 974 -1
3562 38 974 -1
3605 1 974 -1
3606 1 974 -1
3607 24 974 -1
3659 32 978 -1
4040 71 967 -1
4347 33 967 -1
4441 186 967 -1
4632 202 967 -1
4712 91 967 -1
4717 57 967 -1
4813 45 967 -1
4948 194 967 -1
5114 2 967 -1
5173 121 938 -1
5185 120 967 -1
5445 39 967 -1
5446 21 967 -1
5524 402 967 -1
5702 10 967 -1
5802 248 967 -1
5915 39 967 -1
6156 20 967 -1
6383 3 967 -1
6460 56 967 -1
6461 5 967 -1
6561 3 967 -1
6596 137 967 -1
6624 122 967 -1
6711 7 967 -1
6713 4 967 -1
6907 183 967 -1
6951 26 967 -1
6993 75 967 -1
7045 36 967 -1
7052 114 967 -1
7055 95 967 -1
7131 23 967 -1
7231 87 967 -1
7344 3 967 -1
7578 24 967 -1
7659 6 967 -1
7744 49 967 -1
7769 19 967 -1
7866 1 967 -1