3 23 349 300 348 371 -1
4 8 370 363 -1
6 258 371 300 306 370 396 348 339 322 319 356 325 349 301 378 379 362 363 373 391 392 390 394 304 358 377 317 -1
8 162 310 322 308 379 300 391 358 390 378 371 348 370 373 319 394 356 341 363 339 396 362 349 301 392 377 -1
9 71 348 377 391 394 390 356 379 370 378 363 392 325 339 -1
10 70 319 306 301 310 -1
11 733 338 308 350 319 332 313 306 372 317 334 325 310 -1
12 54 356 362 349 390 -1
13 8 341 -1
14 105 391 377 363 378 390 371 325 338 394 396 356 -1
17 37 339 377 356 391 378 -1
18 8 308 -1
19 38 371 -1
20 153 370 348 339 308 391 310 350 321 306 371 378 379 322 363 325 377 -1
21 77 308 334 370 356 -1
23 48 300 313 325 308 -1
24 270 391 370 378 348 334 310 373 311 321 -1
25 63 379 377 371 306 370 310 348 325 363 308 356 373 339 -1
26 87 300 396 373 348 310 301 377 356 339 370 363 349 391 371 325 394 362 378 389 306 341 390 358 379 -1
27 89 390 371 348 319 396 379 301 325 370 373 310 306 394 362 377 -1
28 110 310 391 322 304 301 370 313 319 325 356 396 -1
29 136 356 396 394 358 300 348 322 391 308 362 317 313 389 -1
33 20 396 -1
35 64 378 373 339 394 391 362 356 348 390 370 300 377 379 -1
36 231 308 356 394 322 304 373 370 391 313 332 377 334 348 396 310 325 -1
37 21 370 325 -1
39 39 341 319 325 -1
41 30 358 377 356 322 339 -1
42 88 356 378 391 348 396 377 -1
44 42 372 391 390 -1
46 58 370 371 325 378 348 377 396 394 391 301 300 379 -1
47 113 317 389 322 356 334 304 -1
48 17 356 310 391 -1
49 12 396 370 -1
51 12 325 -1
54 7 373 394 356 -1
55 53 370 304 348 379 313 321 308 373 317 356 325 -1
58 35 310 322 325 -1
59 94 391 378 370 377 372 371 -1
62 11 363 370 -1
66 41 394 338 -1
67 12 356 391 -1
68 187 379 -1
71 68 319 356 370 391 -1
72 113 371 313 322 321 370 341 -1
73 10 378 394 363 -1
74 69 356 304 321 317 334 -1
75 24 370 -1
77 23 363 -1
78 26 377 390 379 392 391 378 396 -1
79 28 370 313 311 391 341 356 -1
80 55 325 322 304 310 356 311 370 339 319 -1
83 7 371 -1
86 101 308 304 313 332 391 325 -1
87 164 372 317 348 396 363 313 304 -1
89 21 310 -1
90 63 308 321 338 -1
94 17 302 356 348 301 -1
100 4 378 -1
103 55 306 370 391 -1
104 19 308 377 396 356 -1
110 59 317 322 304 317 313 310 306 -1
111 26 308 378 300 377 306 373 -1
113 68 370 339 -1
121 2 350 -1
125 28 317 313 321 302 -1
126 22 321 -1
127 83 332 379 346 325 -1
128 51 372 356 379 348 -1
130 12 356 -1
132 21 310 370 325 -1
133 8 373 348 362 370 391 -1
135 6 310 394 -1
136 64 349 -1
138 69 317 370 308 373 -1
139 32 322 -1
140 25 358 379 396 363 348 339 390 341 356 370 349 -1
142 12 371 363 370 301 -1
143 95 370 313 317 377 379 396 339 301 394 390 363 391 378 373 334 -1
145 15 391 -1
147 50 304 319 311 310 -1
150 22 371 -1
151 44 322 338 308 -1
154 53 308 377 348 306 310 304 322 370 -1
157 41 396 313 325 311 -1
161 27 334 -1
162 3 300 -1
166 77 304 -1
172 120 391 -1
173 332 334 314 304 372 317 313 346 321 311 322 -1
176 39 334 -1
177 16 372 -1
178 52 371 313 396 -1
179 15 301 306 348 349 304 308 -1
180 54 349 370 -1
182 59 310 -1
185 3 321 -1
187 32 322 348 394 373 -1
190 2 370 -1
191 3 372 -1
192 16 379 308 -1
193 19 358 325 -1
202 3 301 -1
215 84 348 321 306 350 332 310 -1
216 7 321 -1
221 10 390 339 348 341 -1
222 3 348 -1
223 17 301 348 356 358 325 341 -1
228 7 391 -1
231 44 379 396 391 321 -1
236 39 356 348 349 319 325 310 306 308 300 -1
237 35 391 373 -1
238 3 358 -1
241 8 325 -1
247 5 341 -1
249 13 302 -1
251 4 310 -1
254 15 313 -1
255 87 317 371 317 310 306 319 325 -1
257 5 377 -1
259 42 356 -1
261 6 339 -1
263 21 339 -1
269 26 396 348 339 321 -1
273 5 348 392 -1
275 47 356 -1
280 76 372 317 304 308 -1
290 61 372 -1
291 30 346 -1
295 4 300 -1
301 1 362 -1
302 9 389 370 359 349 -1
304 64 313 322 317 -1
305 6 322 -1
306 215 332 317 319 371 308 310 322 325 311 313 -1
307 4 377 322 -1
308 144 313 322 304 311 350 321 317 -1
309 1 322 -1
310 236 322 317 313 350 308 338 332 324 317 304 -1
311 312 317 321 322 317 313 324 304 -1
312 223 319 322 321 304 317 311 308 334 310 306 338 313 332 325 -1
313 41 322 -1
314 1 322 -1
315 70 317 308 322 -1
316 3 322 -1
317 126 313 321 311 308 304 322 334 -1
318 2 322 -1
319 193 322 370 325 317 311 306 371 379 310 -1
321 22 308 311 -1
326 9 348 -1
327 7 311 -1
328 10 325 356 373 -1
334 41 313 317 -1
336 28 356 325 371 310 -1
339 79 379 341 334 373 394 377 -1
340 30 304 396 -1
341 12 348 396 370 362 -1
344 3 348 -1
345 8 371 348 -1
346 27 348 -1
348 19 325 -1
350 2 356 -1
351 11 339 356 325 -1
352 5 325 356 -1
353 1 356 -1
357 2 339 358 -1
362 1 363 -1
363 3 362 -1
364 11 370 -1
365 5 377 370 391 -1
366 11 377 379 391 370 -1
367 4 370 -1
368 1 370 -1
371 117 310 313 373 304 317 -1
372 2 391 373 -1
374 3 377 -1
375 1 377 -1
376 36 377 311 310 394 350 325 -1
386 1 310 -1
393 1 394 -1
395 37 396 321 -1
400 8 321 -1
406 33 306 325 319 310 -1
407 101 308 372 -1
424 6 310 -1
426 26 341 -1
432 155 332 310 321 308 317 -1
447 8 350 -1
457 640 311 -1
467 7 368 -1
501 9 325 -1
530 5 313 -1
542 7 372 -1
545 25 334 -1
546 107 372 -1
556 117 321 372 -1
564 13 311 310 -1
567 2 371 -1
583 9 372 -1
584 5 371 -1
585 3 371 310 -1
600 171 311 308 321 350 313 -1
601 9 321 -1
604 8 325 310 -1
615 27 325 319 306 -1
633 48 319 311 306 310 313 -1
634 106 334 -1
635 52 304 317 -1
637 26 311 317 -1
639 28 313 -1
643 44 313 311 -1
644 23 313 -1
649 15 304 -1
650 85 308 332 311 -1
663 133 321 311 -1
667 18 332 -1
674 16 325 317 308 310 -1
682 3 310 -1
686 57 334 338 372 -1
688 5 310 -1
689 27 310 -1
690 3 310 -1
691 24 306 -1
692 3 325 306 319 -1
695 87 324 372 325 346 -1
697 85 332 313 311 321 -1
704 82 308 304 317 313 -1
705 23 317 317 -1
706 56 317 -1
707 110 321 311 -1
708 39 321 311 304 334 317 -1
710 88 321 -1
712 18 304 -1
713 2 332 -1
715 21 334 -1
722 124 308 -1
742 85 311 324 304 317 -1
759 55 311 313 317 -1
761 7 304 -1
766 709 350 332 346 -1
769 137 338 321 314 311 332 350 313 -1
784 205 338 346 311 -1
788 52 317 311 321 -1
789 209 317 313 304 311 -1
795 57 317 372 311 313 321 304 -1
805 82 313 -1
810 19 313 304 -1
813 261 332 350 -1
823 11 313 -1
826 218 332 372 -1
838 34 308 334 -1
844 35 313 308 -1
848 7 308 -1
859 7 308 -1
860 7 317 308 317 -1
861 16 308 -1
871 47 311 -1
877 2 313 -1
882 7 317 317 -1
911 24 321 304 -1
914 6 304 -1
918 15 334 321 -1
922 147 334 -1
933 10 317 -1
941 74 334 311 -1
943 28 313 -1
946 85 311 334 350 -1
956 40 321 311 -1
957 3 304 -1
959 10 313 -1
960 17 313 -1
970 10 338 -1
971 53 334 317 311 321 -1
978 54 304 -1
981 16 304 -1
982 32 338 -1
986 50 332 334 -1
987 2 304 -1
988 257 332 -1
993 233 311 334 317 304 -1
994 42 311 304 321 -1
996 279 350 332 334 -1
998 25 372 -1
1000 34 317 -1
1006 130 338 314 -1
1008 5 304 -1
1009 43 334 311 314 332 -1
1010 6 314 -1
1023 9 311 332 -1
1027 6 321 311 -1
1031 16 311 -1
1032 34 311 -1
1033 3 311 -1
1034 34 321 372 311 -1
1042 38 332 -1
1043 20 372 350 -1
1050 33 372 -1
1052 2 321 -1
1055 139 321 -1
1062 157 321 -1
1084 3 338 -1
1098 260 350 -1
1114 40 334 -1
1124 17 350 -1
1132 42 338 -1
1133 282 346 -1
1135 112 332 334 -1
1137 104 350 -1
1143 15 372 -1
1151 460 350 372 332 -1
1160 24 334 -1
1166 318 346 332 350 372 -1
1169 24 350 -1
1203 20 334 -1
1210 221 372 334 350 -1
1245 10 334 -1
1259 41 334 -1
1279 126 332 -1
1301 3 334 -1
1302 1 334 -1
1303 1 334 -1
1304 1 334 -1
1305 227 314 334 -1
1306 19 334 -1
1319 185 314 -1
1350 114 372 -1
1352 118 314 372 -1
1395 192 332 -1
1419 29 350 -1
1442 17 314 -1
1468 19 346 -1
1473 70 372 -1
1480 44 372 -1
1487 115 372 -1
1522 90 332 -1
1538 75 372 -1
1542 237 332 -1
1549 522 350 332 -1
1555 67 350 -1
1594 108 372 -1
1608 344 332 350 -1
1614 71 372 -1
1615 109 372 -1
1691 47 372 -1
1692 2 372 -1
1716 4 372 -1
1717 98 372 -1
1748 37 350 -1
1756 82 332 372 -1
1766 19 332 -1
1772 95 332 -1
1820 90 350 -1
1919 113 332 -1
1991 66 350 -1
1997 88 332 -1
2009 46 350 -1
2062 118 332 -1
2072 121 350 332 -1
2093 52 350 -1
2116 14 350 -1
2118 114 350 -1
2120 56 332 -1
2133 122 350 332 -1
2168 3 350 -1
2172 24 332 -1
2209 25 350 -1
2230 38 332 -1
2231 26 332 -1
2232 2 332 -1
2233 34 332 -1
2256 125 350 -1
2274 33 332 -1
2297 150 332 -1
2322 15 332 -1
2328 205 350 332 -1
2369 134 332 -1
2407 4 332 -1
2416 22 332 -1
2417 3 332 -1
2418 1 332 -1
2469 3 350 -1
2472 76 350 -1
2473 83 350 -1
2506 28 350 -1
2560 89 346 -1
2565 827 346 -1
2593 26 350 -1
2623 47 350 -1
2658 231 346 -1
2672 12 350 -1
2676 3 350 -1
2688 516 346 -1
2708 5 346 -1
3601 41 346 -1
3666 125 346 -1
3787 233 346 -1
3976 43 346 -1
4044 53 346 -1
4072 21 346 -1
4099 101 346 -1
4150 13 346 -1
4574 37 346 -1
4662 44 346 -1
4688 59 346 -1
4774 12 346 -1