6 258 5323 -1
20 153 5327 -1
24 270 5341 -1
58 35 5378 -1
72 113 5321 -1
87 164 5392 -1
109 166 5321 -1
122 193 5335 5392 -1
132 21 5321 -1
173 332 5335 -1
311 312 5335 5335 -1
319 193 5335 -1
339 79 5341 5335 -1
425 49 5384 5321 -1
447 8 5384 -1
457 640 5305 5335 5321 5378 5335 -1
600 171 5341 -1
737 120 5321 -1
738 7 5301 -1
766 709 5392 -1
789 209 5335 5335 -1
825 139 5301 -1
896 25 5335 -1
996 279 5335 5392 5335 -1
1004 8 5305 5305 -1
1051 48 5335 -1
1075 59 5341 -1
1098 260 5321 -1
1127 58 5335 -1
1132 42 5335 -1
1133 282 5335 5301 -1
1166 318 5301 5321 -1
1335 39 5305 -1
1353 24 5341 -1
1374 385 5321 5335 5301 5323 5384 5392 5341 -1
1381 51 5323 -1
1416 6 5384 -1
1522 90 5301 -1
1524 4 5321 -1
1542 237 5335 5308 5335 5301 5323 -1
1549 522 5341 -1
1608 344 5335 -1
1614 71 5341 -1
1639 36 5335 -1
1667 32 5301 -1
1697 42 5335 -1
1717 98 5341 -1
1737 6 5301 -1
1762 37 5321 -1
1847 46 5392 -1
1888 28 5321 -1
1922 126 5305 -1
1937 6 5341 -1
1972 184 5323 5327 5341 -1
2001 37 5392 -1
2009 46 5341 -1
2033 13 5341 -1
2109 27 5392 -1
2225 36 5335 -1
2240 106 5321 -1
2249 38 5378 -1
2299 65 5323 -1
2316 1 5375 -1
2321 1 5375 -1
2369 134 5327 5321 5305 5375 -1
2384 65 5341 -1
2387 52 5341 5392 -1
2452 29 5378 -1
2485 286 5323 -1
2544 9 5321 -1
2549 63 5301 -1
2565 827 5321 5392 5335 5378 -1
2576 138 5305 -1
2605 58 5301 5321 -1
2621 8 5305 -1
2658 231 5378 -1
2667 93 5301 -1
2688 516 5335 5321 5327 5392 5335 -1
2694 17 5335 -1
2699 63 5335 -1
2760 20 5311 -1
2765 30 5341 -1
2778 16 5323 -1
2790 145 5323 -1
2972 271 5392 5305 5335 -1
3032 205 5323 5327 -1
3142 41 5378 -1
3191 55 5335 5341 5321 5392 5323 -1
3227 20 5301 -1
3352 165 5364 5335 -1
3380 33 5378 -1
3381 177 5335 5384 -1
3390 47 5335 -1
3394 121 5301 -1
3402 88 5392 5335 -1
3417 31 5341 5335 -1
3425 1 5375 -1
3447 214 5305 -1
3449 306 5301 5335 5327 5335 5392 5341 -1
3452 91 5301 -1
3453 241 5392 -1
3456 250 5335 5335 -1
3457 97 5327 -1
3459 73 5301 5321 -1
3465 3 5301 -1
3478 42 5335 -1
3495 1 5375 -1
3586 135 5335 -1
3593 26 5384 -1
3601 41 5392 -1
3614 187 5335 -1
3634 57 5323 -1
3641 194 5335 5321 5321 -1
3642 291 5321 5301 5335 5384 -1
3658 38 5335 5341 -1
3666 125 5323 5335 5335 5327 -1
3691 70 5335 -1
3728 71 5341 5327 -1
3786 72 5321 5341 5321 -1
3787 233 5327 5321 5392 5321 5378 5305 -1
3794 44 5392 -1
3796 107 5301 -1
3806 31 5327 5392 -1
3835 26 5335 -1
3854 79 5301 -1
3863 5 5308 -1
3872 10 5384 -1
3956 55 5321 -1
3958 16 5301 -1
3960 11 5392 5327 -1
3965 79 5321 -1
4045 244 5301 -1
4046 40 5384 -1
4077 63 5392 -1
4136 27 5301 -1
4144 38 5392 -1
4219 101 5323 5301 -1
4310 225 5321 5301 -1
4353 69 5335 5335 5327 5392 -1
4441 186 5378 -1
4448 32 5308 5335 5309 -1
4483 137 5301 -1
4488 35 5392 -1
4550 81 5335 5321 5392 5323 -1
4553 2 5392 -1
4574 37 5301 -1
4598 34 5301 -1
4600 15 5341 -1
4632 202 5327 5335 5335 -1
4653 80 5327 5308 -1
4686 40 5308 5392 -1
4748 19 5335 5301 -1
4818 15 5375 -1
4824 88 5321 5301 -1
4828 105 5321 5335 -1
4829 57 5392 5335 5327 -1
4894 34 5335 -1
4898 5 5392 -1
4899 160 5392 5301 -1
4938 13 5323 5341 -1
4948 194 5327 5335 5311 5392 5378 5326 -1
4966 25 5335 -1
4967 317 5335 5392 5301 5335 -1
4982 27 5327 -1
5008 23 5323 5303 -1
5020 45 5350 5368 -1
5022 173 5301 5335 -1
5029 21 5327 -1
5078 3 5341 -1
5079 240 5393 5327 5301 5368 -1
5096 14 5327 -1
5110 84 5301 5323 5341 5392 5327 5335 -1
5121 9 5301 -1
5155 16 5392 -1
5160 9 5392 -1
5173 121 5384 -1
5176 100 5301 5392 5326 -1
5179 212 5335 -1
5184 64 5335 5392 -1
5185 120 5378 -1
5187 28 5321 5301 -1
5189 237 5392 5327 5335 5321 5301 5335 5321 -1
5190 56 5392 5335 -1
5191 5 5392 -1
5201 12 5378 -1
5246 29 5392 -1
5254 34 5321 -1
5262 35 5301 -1
5263 74 5321 5305 -1
5286 6 5335 -1
5295 23 5321 -1
5296 15 5323 -1
5312 9 5305 -1
5317 10 5327 5326 -1
5321 13 5301 -1
5324 12 5327 5392 5323 -1
5328 1 5327 -1
5332 6 5335 -1
5334 3 5301 -1
5336 2 5341 -1
5337 1 5341 -1
5354 1 5354 -1
5360 9 5392 -1
5370 1 5375 -1
5371 1 5375 -1
5372 1 5375 -1
5373 1 5375 -1
5374 1 5375 -1
5380 2 5392 -1
5381 3 5392 -1
5390 2 5392 -1
5396 9 5301 -1
5419 8 5301 -1
5427 34 5335 5321 -1
5432 3 5378 -1
5439 39 5321 -1
5445 39 5321 -1
5446 21 5321 -1
5457 20 5301 -1
5504 2 5301 -1
5524 402 5393 5335 5384 5378 5301 -1
5531 224 5384 5335 5321 5301 -1
5553 36 5335 -1
5582 105 5384 -1
5584 12 5321 -1
5606 23 5321 -1
5608 14 5335 5301 -1
5612 38 5335 -1
5624 20 5321 -1
5625 1 5321 -1
5626 3 5321 -1
5647 3 5301 -1
5691 49 5301 -1
5697 219 5301 5321 -1
5705 2 5301 -1
5741 9 5301 5321 -1
5761 8 5305 -1
5787 29 5301 -1
5796 173 5321 -1
5802 248 5384 -1
5807 16 5384 -1
5816 50 5321 -1
5818 40 5335 5321 -1
5819 52 5378 5301 -1
5829 11 5301 -1
5839 36 5301 -1
5840 1 5305 -1
5841 1 5305 -1
5857 62 5321 -1
5872 25 5378 -1
5877 7 5301 -1
5907 1 5301 -1
5908 3 5301 -1
5909 2 5301 -1
5914 2 5335 -1
5966 4 5335 -1
6024 7 5335 -1
6220 13 5384 -1
6248 10 5335 -1
6263 4 5335 -1
6280 31 5335 -1
6281 1 5335 -1
6305 147 5321 -1
6360 35 5384 -1
6377 18 5321 -1
6443 51 5321 -1
6510 54 5384 -1
6522 21 5321 -1
6596 137 5378 -1
6613 8 5384 -1
6615 119 5321 -1
6620 91 5384 -1
6714 92 5321 -1
6736 31 5321 -1
6772 49 5321 -1
6900 29 5378 -1
6907 183 5378 -1
6915 1 5384 -1
7043 9 5378 -1
7047 133 5378 -1
7053 19 5378 -1
7086 111 5378 -1
7100 15 5384 -1
7110 5 5384 -1
7122 1 5384 -1
7282 2 5378 -1
7284 2 5378 -1
7386 14 5378 -1
7393 10 5378 -1
7449 20 5378 -1
7578 24 5378 -1
7675 16 5378 -1
7772 15 5378 -1
7865 22 5378 -1
7901 28 5378 -1
8046 14 5378 -1
8047 17 5378 -1
8048 2 5378 -1
8051 5 5378 -1
8053 17 5378 -1
8107 11 5378 -1
8231 1 5378 -1
8232 1 5378 -1
8233 1 5378 -1