68 187 8051 -1
72 113 8042 -1
109 166 8042 -1
166 77 8083 -1
280 76 8083 -1
311 312 8083 -1
319 193 8037 -1
457 640 8044 8037 8051 -1
580 28 8037 -1
600 171 8042 -1
697 85 8044 -1
737 120 8051 -1
766 709 8073 8042 8037 -1
967 12 8042 8044 8037 -1
988 257 8073 8083 8037 8042 8051 -1
1133 282 8051 8002 -1
1374 385 8083 8037 8002 -1
1385 24 8002 -1
1612 5 8044 -1
1717 98 8083 -1
2001 37 8042 -1
2240 106 8083 -1
2258 90 8083 -1
2299 65 8083 -1
2365 58 8002 -1
2369 134 8083 8002 -1
2452 29 8044 -1
2565 827 8073 8083 8044 8051 8037 8042 -1
2658 231 8044 8037 8042 -1
2983 18 8051 -1
3032 205 8083 -1
3142 41 8051 8042 -1
3297 39 8044 8073 8037 8083 -1
3310 18 8051 -1
3348 16 8044 -1
3355 3 8044 -1
3380 33 8051 8042 -1
3381 177 8083 -1
3453 241 8042 -1
3498 96 8044 8083 -1
3586 135 8051 8042 -1
3665 13 8044 -1
3751 10 8037 -1
3752 15 8073 -1
3787 233 8083 -1
3809 4 8042 -1
3812 32 8042 -1
4036 139 8073 8042 8037 -1
4040 71 8051 -1
4347 33 8042 -1
4401 5 8073 -1
4441 186 8051 -1
4483 137 8042 -1
4632 202 8073 -1
4666 23 8044 8002 8042 8083 8073 -1
4824 88 8042 -1
4899 160 8044 8042 -1
4948 194 8037 8042 8044 8051 -1
5028 40 8083 8073 -1
5079 240 8002 -1
5103 118 8051 8083 8002 -1
5173 121 8051 -1
5179 212 8044 8083 -1
5241 2 8051 -1
5378 13 8042 8044 -1
5524 402 8044 8042 8037 -1
5550 12 8037 -1
5708 7 8042 -1
5800 182 8042 8083 -1
5802 248 8042 8051 8044 8037 -1
5806 45 8073 8002 -1
5815 4 8002 -1
5819 52 8037 -1
5859 7 8042 -1
5920 9 8042 -1
5927 8 8051 -1
6032 70 8042 -1
6043 38 8037 -1
6072 45 8037 8083 8044 8042 8073 -1
6241 64 8051 8042 -1
6272 80 8051 8073 -1
6305 147 8044 8037 -1
6314 9 8002 -1
6398 15 8073 -1
6460 56 8042 8019 -1
6596 137 8073 8083 8051 -1
6624 122 8042 8037 8044 -1
6634 4 8042 -1
6766 16 8051 -1
6855 14 8042 -1
6859 10 8037 -1
6902 20 8073 -1
6907 183 8042 8044 8083 -1
6951 26 8002 8042 8037 -1
7026 11 8083 -1
7047 133 8044 8073 8002 8037 8042 8051 -1
7055 95 8051 -1
7057 100 8051 -1
7086 111 8037 8073 8051 8044 8083 8042 -1
7233 18 8083 -1
7237 8 8051 -1
7280 71 8042 8002 -1
7378 40 8051 -1
7391 47 8051 -1
7449 20 8042 8073 -1
7490 25 8083 8025 -1
7511 14 8044 -1
7564 30 8042 8044 8051 8073 -1
7685 13 8037 -1
7697 12 8079 -1
7733 42 8051 -1
7744 49 8051 -1
7772 15 8073 -1
7774 30 8073 8051 8042 8037 -1
7818 15 8042 8025 8083 -1
7862 8 8042 -1
7865 22 8051 8042 -1
7900 27 8044 8042 8083 8037 -1
7901 28 8042 8051 8037 -1
7902 18 8051 8042 -1
7907 10 8002 8083 -1
7998 1 8002 -1
7999 1 8002 -1
8000 1 8002 -1
8001 1 8002 -1
8010 2 8042 -1
8012 7 8042 8044 -1
8021 1 8051 -1
8027 1 8028 -1
8036 19 8037 -1
8040 1 8042 -1
8041 3 8042 -1
8046 14 8051 -1
8047 17 8051 -1
8074 1 8076 -1
8080 1 8083 -1
8081 1 8083 -1
8211 10 8051 -1
8215 1 8051 -1
8216 1 8051 -1