6 258 1394 1396 1390 1389 1377 1326 -1
9 71 1384 -1
11 733 1353 1326 1384 1321 1390 1319 1330 1319 1307 1374 1378 1385 1321 1375 1372 1394 1322 1360 1310 1382 1377 1389 1396 1305 -1
14 105 1307 1385 -1
16 16 1374 -1
20 153 1352 1389 1396 1307 -1
24 270 1310 1353 1360 1357 1330 -1
29 136 1307 -1
35 64 1389 1330 1377 -1
36 231 1378 1307 1357 1310 1377 1353 1372 -1
42 88 1353 -1
47 113 1378 1307 1300 -1
59 94 1396 1357 1315 -1
60 9 1374 -1
68 187 1374 1352 -1
71 68 1357 -1
72 113 1394 1319 1396 1378 -1
74 69 1330 -1
77 23 1372 -1
83 7 1385 1384 -1
86 101 1305 -1
87 164 1330 1307 1382 1352 -1
90 63 1305 -1
122 193 1385 1393 -1
127 83 1385 -1
128 51 1322 -1
138 69 1375 -1
143 95 1330 -1
145 15 1377 -1
147 50 1357 1315 1378 -1
150 22 1319 1385 -1
166 77 1307 -1
171 56 1330 1394 1389 1382 -1
172 120 1374 1357 1384 -1
173 332 1322 1360 1357 1375 1396 1394 1389 1378 1353 1319 1372 1377 -1
176 39 1375 -1
182 59 1357 1305 1396 -1
197 6 1353 -1
215 84 1374 1375 -1
231 44 1396 -1
258 6 1360 -1
259 42 1330 1382 1372 1375 -1
260 7 1360 -1
270 14 1378 -1
275 47 1357 -1
290 61 1396 1305 1378 -1
304 64 1326 -1
306 215 1378 1394 -1
308 144 1389 1307 -1
310 236 1378 1375 1319 -1
311 312 1377 1357 1353 1375 1385 1322 1326 1330 1319 1319 -1
312 223 1375 1319 1330 1382 -1
313 41 1330 1377 -1
315 70 1382 -1
317 126 1377 1394 -1
319 193 1382 -1
325 15 1360 -1
334 41 1307 -1
335 48 1385 1385 -1
336 28 1385 -1
339 79 1330 -1
356 16 1375 -1
363 3 1305 -1
371 117 1322 1396 1310 -1
376 36 1330 -1
395 37 1389 1357 1384 -1
415 4 1330 -1
423 6 1384 -1
427 6 1384 -1
432 155 1378 1305 -1
447 8 1384 -1
457 640 1357 1385 1396 1353 1374 1385 1390 1377 1352 1322 1378 1310 1319 -1
465 9 1307 -1
545 25 1330 -1
546 107 1307 1357 -1
553 19 1315 -1
556 117 1353 1330 -1
585 3 1307 -1
588 23 1330 -1
590 8 1375 -1
600 171 1377 1330 1374 1352 1353 1310 -1
604 8 1377 -1
626 31 1330 -1
634 106 1382 1357 1330 1389 1390 1319 1378 -1
635 52 1357 -1
639 28 1382 -1
644 23 1360 1372 -1
646 15 1385 1385 -1
647 29 1330 1390 1378 -1
650 85 1382 1375 -1
663 133 1319 1394 1319 1360 -1
686 57 1372 1389 1375 -1
689 27 1307 -1
695 87 1322 -1
704 82 1396 -1
706 56 1322 1330 -1
707 110 1375 1319 1389 1330 1377 1372 -1
710 88 1360 1377 1319 -1
715 21 1330 1321 -1
722 124 1385 1378 1374 1357 -1
742 85 1310 1394 1385 -1
749 62 1310 -1
759 55 1375 -1
763 45 1360 -1
766 709 1360 1393 1384 1310 1305 1307 1357 1352 1378 -1
769 137 1378 1319 1396 -1
784 205 1360 1384 -1
789 209 1394 1385 1396 1322 1360 1384 1310 -1
795 57 1360 -1
805 82 1390 1307 1322 1377 1396 -1
810 19 1322 -1
813 261 1360 1385 1319 1374 1357 1378 1384 1315 -1
822 11 1315 -1
825 139 1310 -1
826 218 1377 1374 1322 1319 1357 -1
838 34 1322 -1
854 56 1384 1385 1389 1319 -1
856 30 1305 -1
870 37 1319 1322 -1
871 47 1377 -1
879 108 1305 1382 -1
900 5 1323 -1
904 59 1374 1375 1330 -1
922 147 1377 1330 1321 1322 1319 -1
937 33 1378 -1
941 74 1375 1330 1319 -1
946 85 1396 1357 1360 -1
948 26 1323 -1
960 17 1322 -1
964 4 1382 -1
968 5 1384 -1
969 2 1389 -1
971 53 1389 -1
974 30 1385 -1
978 54 1374 -1
981 16 1377 -1
986 50 1307 -1
988 257 1307 1305 1357 1393 -1
993 233 1378 1393 1377 1382 1330 1394 1319 1374 -1
994 42 1393 -1
996 279 1353 1393 1389 1378 1357 1394 1384 1375 -1
998 25 1322 -1
1003 17 1319 1374 -1
1006 130 1326 1394 1330 1375 1389 1396 -1
1013 9 1382 -1
1022 13 1377 -1
1024 40 1305 1307 -1
1032 34 1357 -1
1034 34 1322 1319 -1
1037 50 1378 1353 -1
1041 31 1319 -1
1042 38 1396 1384 -1
1043 20 1396 -1
1046 9 1394 -1
1050 33 1378 1357 -1
1051 48 1384 1385 1385 -1
1055 139 1322 1382 1360 1375 -1
1061 2 1390 -1
1062 157 1357 1330 1374 -1
1068 3 1322 -1
1074 75 1352 -1
1075 59 1372 1375 1330 1353 -1
1097 93 1393 -1
1098 260 1357 1378 -1
1111 42 1330 1353 -1
1114 40 1322 1394 1330 1321 -1
1127 58 1357 1319 1384 -1
1129 53 1377 -1
1132 42 1396 -1
1133 282 1360 1310 1385 1305 -1
1135 112 1378 1357 1330 -1
1137 104 1357 1394 1374 1372 1378 1375 -1
1142 28 1357 -1
1143 15 1307 -1
1150 8 1319 -1
1151 460 1353 1352 1393 1323 1322 1378 1357 1319 -1
1160 24 1394 1372 1382 1396 1330 -1
1166 318 1393 1384 1378 1352 1305 1374 1357 1322 -1
1167 78 1357 1322 1330 -1
1183 8 1389 -1
1184 57 1374 1357 -1
1185 25 1322 -1
1200 92 1393 -1
1201 32 1394 1319 1322 1396 -1
1202 68 1353 -1
1203 20 1307 1357 1326 -1
1204 58 1394 1330 1372 1305 1375 -1
1210 221 1393 1394 1389 1396 1357 1353 1330 1378 1384 1374 1319 1377 1352 -1
1211 66 1372 1375 -1
1215 40 1357 -1
1221 75 1375 1390 1396 1394 1378 -1
1233 9 1321 -1
1235 20 1326 1330 1389 -1
1236 98 1319 1378 1390 1357 1394 -1
1241 33 1330 1319 -1
1242 12 1322 -1
1247 69 1385 1374 1319 1357 -1
1253 21 1382 -1
1259 41 1372 1389 1394 -1
1267 61 1357 1319 -1
1278 51 1319 1319 1326 -1
1279 126 1326 1319 1377 1319 1321 1357 -1
1282 3 1384 -1
1285 24 1305 1378 -1
1286 55 1394 -1
1290 15 1330 1377 -1
1291 34 1377 1357 1330 1375 -1
1293 26 1377 1319 1330 -1
1296 9 1315 -1
1297 48 1330 -1
1301 3 1307 -1
1305 227 1321 1315 1330 1389 1393 1357 -1
1306 19 1307 -1
1311 2 1372 -1
1319 185 1357 1374 1326 1322 1382 -1
1326 6 1322 -1
1335 39 1384 1374 -1
1350 114 1322 1319 1389 -1
1352 118 1396 1319 1319 -1
1354 5 1372 -1
1356 18 1322 -1
1357 84 1322 1319 1352 1377 -1
1358 7 1307 -1
1373 3 1375 -1
1374 385 1393 1375 1384 1353 -1
1376 1 1382 -1
1377 31 1382 1396 -1
1378 13 1382 -1
1379 1 1382 -1
1380 59 1374 1382 1319 1377 -1
1381 51 1315 1378 1382 -1
1383 4 1384 1389 -1
1384 20 1374 1389 -1
1385 24 1389 -1
1386 56 1389 1353 -1
1387 1 1389 -1
1388 2 1384 1389 -1
1390 28 1377 1394 -1
1391 1 1394 -1
1392 2 1394 -1
1393 3 1394 -1
1394 6 1390 -1
1395 192 1390 1319 1396 1378 1322 1357 1384 1353 -1
1416 6 1384 -1
1419 29 1384 -1
1420 13 1322 -1
1424 41 1357 1377 -1
1427 2 1307 -1
1428 159 1326 1374 1319 1357 1322 1378 1390 -1
1430 2 1307 -1
1438 1 1326 -1
1439 9 1319 -1
1442 17 1319 -1
1443 3 1319 -1
1448 2 1319 1319 -1
1449 1 1319 -1
1450 1 1319 -1
1451 4 1319 1319 1322 -1
1462 30 1377 -1
1465 8 1357 -1
1466 24 1319 1377 -1
1470 115 1319 1385 1374 1310 -1
1471 45 1322 -1
1473 70 1374 1357 -1
1483 51 1377 -1
1487 115 1319 1322 -1
1489 41 1307 1374 -1
1492 159 1377 1319 -1
1496 190 1353 1357 1357 1322 1307 1360 1319 1377 1393 -1
1497 18 1322 -1
1501 19 1322 -1
1506 34 1385 -1
1510 16 1377 -1
1521 104 1319 1374 1323 -1
1525 33 1322 -1
1537 72 1357 -1
1538 75 1322 1319 -1
1542 237 1319 1385 1353 -1
1547 27 1374 -1
1549 522 1385 1357 1353 1390 1352 1322 1319 1378 1307 1374 1360 -1
1555 67 1319 -1
1564 27 1390 1353 -1
1566 42 1315 1378 -1
1571 23 1357 1357 -1
1585 80 1384 1378 -1
1592 25 1384 -1
1594 108 1319 -1
1596 31 1319 -1
1608 344 1353 1357 1393 1378 1374 1390 1384 1307 1319 -1
1614 71 1322 1374 1357 -1
1615 109 1319 -1
1621 76 1353 1378 -1
1622 39 1357 -1
1623 36 1357 -1
1639 36 1378 -1
1644 46 1384 -1
1661 36 1305 -1
1670 16 1390 -1
1688 24 1378 -1
1700 48 1353 -1
1701 98 1360 -1
1707 29 1384 -1
1712 1 1319 -1
1713 1 1319 -1
1714 4 1319 -1
1717 98 1322 1357 -1
1720 13 1378 -1
1722 14 1378 -1
1729 15 1353 -1
1733 40 1352 -1
1734 47 1322 1357 1378 -1
1735 1 1322 -1
1746 7 1378 -1
1748 37 1307 -1
1756 82 1315 1390 1353 -1
1772 95 1374 1378 -1
1783 58 1353 -1
1794 25 1393 -1
1795 41 1357 -1
1799 42 1357 -1
1808 103 1378 1384 1353 -1
1811 37 1393 1352 -1
1814 79 1393 1357 -1
1820 90 1357 1374 -1
1823 45 1353 -1
1835 55 1374 -1
1837 26 1315 -1
1868 20 1378 -1
1875 26 1393 -1
1885 43 1357 -1
1891 23 1384 -1
1896 50 1390 1374 1315 -1
1908 9 1315 -1
1919 113 1353 1390 1378 -1
1922 126 1353 1393 1357 -1
1931 14 1353 -1
1965 9 1378 -1
1966 17 1378 -1
1972 184 1357 1307 1315 -1
1977 33 1353 1378 -1
1985 57 1390 1357 -1
1990 29 1352 -1
1991 66 1384 1374 -1
1992 16 1384 -1
1997 88 1353 1378 -1
2009 46 1357 -1
2016 12 1315 -1
2041 5 1378 -1
2062 118 1353 1378 -1
2063 16 1378 -1
2065 45 1323 -1
2069 17 1323 -1
2071 8 1378 -1
2072 121 1384 1378 1374 1390 -1
2091 6 1307 -1
2093 52 1374 -1
2099 21 1353 -1
2115 12 1310 -1
2120 56 1353 -1
2133 122 1384 1390 1374 -1
2156 17 1353 -1
2169 32 1374 1390 -1
2172 24 1384 -1
2174 49 1374 1353 -1
2186 57 1315 -1
2192 3 1315 -1
2209 25 1357 -1
2226 23 1374 -1
2236 75 1393 1357 -1
2237 254 1315 1305 1357 -1
2240 106 1393 1307 -1
2241 14 1353 -1
2249 38 1353 -1
2255 31 1390 -1
2256 125 1374 1384 -1
2264 51 1353 1357 -1
2285 16 1393 -1
2289 13 1385 -1
2290 95 1385 1307 -1
2297 150 1307 1384 1357 -1
2299 65 1390 -1
2300 1 1390 -1
2301 1 1390 -1
2302 1 1390 -1
2326 249 1307 1310 1385 -1
2328 205 1384 -1
2363 4 1315 1393 -1
2365 58 1357 -1
2366 6 1374 -1
2369 134 1352 -1
2371 93 1315 1357 -1
2375 32 1384 -1
2376 22 1374 -1
2379 46 1307 -1
2381 37 1385 -1
2384 65 1385 1315 1385 -1
2401 1 1323 -1
2402 1 1323 -1
2411 96 1385 -1
2472 76 1315 1393 1357 -1
2473 83 1384 1374 1393 -1
2474 101 1357 1374 1393 1307 1384 -1
2476 35 1357 -1
2485 286 1357 1307 1315 1393 1360 -1
2507 64 1352 1357 1393 -1
2508 13 1374 -1
2509 7 1384 1374 -1
2517 4 1310 -1
2542 73 1307 -1
2546 28 1357 -1
2547 64 1357 -1
2549 63 1357 -1
2550 16 1357 -1
2557 77 1315 1310 -1
2559 54 1385 -1
2560 89 1360 1305 -1
2564 49 1352 -1
2565 827 1384 1305 1357 1360 1307 1315 1310 1393 1385 1374 -1
2569 5 1374 -1
2576 138 1315 1357 -1
2593 26 1374 -1
2595 42 1357 1357 -1
2619 44 1357 -1
2626 3 1374 -1
2651 216 1360 1305 -1
2653 102 1307 -1
2654 56 1357 -1
2657 35 1352 -1
2658 231 1305 -1
2660 148 1393 1360 -1
2672 12 1384 1374 -1
2674 83 1305 1393 1357 -1
2683 8 1357 -1
2686 120 1393 1357 -1
2688 516 1357 1393 1385 1310 1360 1305 1352 -1
2690 25 1357 -1
2691 39 1357 -1
2692 18 1393 -1
2693 132 1310 -1
2696 61 1393 -1
2703 42 1393 -1
2704 40 1393 -1
2707 100 1385 1357 -1
2713 166 1385 1307 -1
2715 2 1384 -1
2716 1 1384 -1
2717 1 1384 -1
2718 1 1384 -1
2727 35 1357 -1
2730 1 1374 -1
2736 1 1374 -1
2737 16 1374 -1
2738 3 1374 -1
2739 1 1374 -1
2740 28 1374 -1
2760 20 1385 -1
2774 45 1310 -1
2790 145 1357 -1
2832 27 1360 -1
2842 93 1357 -1
2855 13 1360 -1
2871 165 1360 1357 1307 1393 1310 -1
2872 54 1393 1307 -1
2875 6 1393 -1
2904 16 1357 -1
2909 51 1310 -1
2912 26 1357 1393 -1
2913 9 1305 -1
2940 91 1352 -1
2948 23 1357 -1
2951 14 1385 -1
2964 59 1307 1360 1305 -1
2967 232 1307 1310 1315 1305 -1
2968 37 1357 -1
2972 271 1310 1360 1305 -1
2985 4 1315 -1
2986 3 1315 -1
2987 7 1315 1357 -1
2988 56 1315 -1
2989 10 1315 -1
3005 27 1357 1307 -1
3010 118 1307 -1
3018 18 1357 -1
3020 48 1393 1357 -1
3024 47 1307 -1
3026 151 1385 1307 1357 -1
3027 31 1310 -1
3028 99 1393 -1
3032 205 1385 -1
3033 38 1357 1393 -1
3034 38 1360 -1
3035 13 1385 1352 -1
3057 36 1357 1357 -1
3062 30 1393 -1
3072 24 1357 1393 -1
3073 33 1310 -1
3095 25 1393 1357 -1
3098 25 1393 -1
3106 5 1357 -1
3107 10 1357 -1
3108 8 1357 -1
3168 69 1307 -1
3172 13 1385 -1
3192 39 1305 -1
3350 55 1360 -1
3352 165 1310 -1
3378 37 1385 -1
3390 47 1360 -1
3394 121 1305 -1
3402 88 1310 1305 -1
3439 69 1352 1385 -1
3447 214 1305 1310 -1
3449 306 1360 1310 -1
3451 49 1385 1360 -1
3452 91 1310 1305 1360 -1
3453 241 1305 1310 1385 1385 1360 -1
3454 124 1310 1385 1305 -1
3455 59 1305 1310 -1
3456 250 1310 1385 1360 1352 1305 -1
3457 97 1360 1305 -1
3462 36 1305 1352 -1
3463 54 1360 -1
3466 12 1352 -1
3472 9 1305 -1
3479 83 1307 -1
3498 96 1385 -1
3568 128 1307 -1
3603 10 1310 1305 -1
3614 187 1310 -1
3615 113 1307 -1
3631 70 1307 -1
3641 194 1385 1307 -1
3642 291 1352 -1
3643 35 1385 -1
3659 32 1385 -1
3660 67 1307 -1
3665 13 1385 -1
3677 2 1305 -1
3691 70 1307 -1
3724 69 1385 -1
3728 71 1307 1385 -1
3729 12 1307 -1
3743 8 1385 -1
3787 233 1360 1305 1310 -1
3854 79 1352 -1
3872 10 1307 -1
3877 10 1310 -1
3969 58 1305 -1
3976 43 1310 1305 -1
4001 27 1385 -1
4036 139 1305 1310 -1
4044 53 1360 1305 -1
4045 244 1310 1360 1352 1305 -1
4065 104 1310 1305 -1
4070 56 1305 -1
4073 90 1307 -1
4074 33 1385 -1
4077 63 1305 -1
4082 15 1385 -1
4089 3 1307 -1
4090 1 1307 -1
4091 1 1307 -1
4092 1 1307 -1
4144 38 1352 1385 1305 -1
4187 8 1360 1310 -1
4219 101 1305 -1
4222 28 1305 -1
4255 9 1305 -1
4261 23 1385 -1
4310 225 1352 -1
4324 8 1385 -1
4405 1 1385 -1
4407 1 1385 -1
4415 15 1305 1360 -1
4442 15 1360 -1
4451 6 1352 -1
4483 137 1305 -1
4488 35 1352 -1
4574 37 1310 1305 -1
4663 6 1305 -1
4665 8 1360 -1
4673 68 1352 -1
4681 10 1305 -1
4682 14 1310 -1
4686 40 1305 -1
4688 59 1305 1360 1310 -1
4712 91 1352 1310 -1
4725 33 1305 1310 -1
4748 19 1305 1310 -1
4756 32 1305 -1
4760 5 1305 -1
4781 28 1352 1385 -1
4813 45 1352 1310 -1
4814 16 1360 -1
4816 1 1360 -1
4817 1 1360 -1
4818 15 1305 -1
4828 105 1385 -1
4853 3 1352 -1
4859 29 1310 -1
4893 5 1305 -1
4894 34 1305 -1
4932 2 1305 -1
4937 14 1305 1310 -1
4948 194 1310 1385 -1
4963 5 1310 -1
4966 25 1385 -1
4967 317 1352 -1
4977 2 1310 -1
4978 1 1310 -1
4979 1 1310 -1
4980 12 1310 -1
4981 49 1310 -1
4982 27 1310 -1
4983 4 1310 -1
5079 240 1352 -1
5140 50 1352 -1
5162 4 1352 -1
5166 41 1352 -1
5181 29 1352 -1
5185 120 1352 -1
5188 211 1352 -1
5195 3 1385 -1
5246 29 1352 -1
5261 2 1385 -1
5265 1 1385 -1
5531 224 1352 -1
5697 219 1352 -1
5714 42 1352 -1
5802 248 1352 -1
5821 18 1352 -1
5839 36 1352 -1
5862 24 1352 -1
5934 32 1352 -1
5998 80 1352 -1
6217 28 1352 -1
6344 2 1352 -1
6359 72 1352 -1
6447 11 1352 -1
6458 22 1352 -1
6467 8 1352 -1
6605 9 1352 -1