20 153 7726 -1
68 187 7795 -1
109 166 7788 7763 7757 -1
199 11 7795 -1
335 48 7795 -1
371 117 7795 -1
395 37 7795 -1
425 49 7707 -1
457 640 7757 7791 -1
737 120 7778 -1
742 85 7707 7795 -1
749 62 7778 -1
766 709 7707 7795 7778 7788 7763 7726 7757 -1
1051 48 7778 -1
1055 139 7707 7726 -1
1098 260 7763 7707 -1
1151 460 7763 7788 7795 -1
1200 92 7707 -1
1365 7 7795 -1
1374 385 7788 7707 7763 7726 7795 -1
1542 237 7795 7763 7757 -1
1667 32 7795 -1
1701 98 7763 7795 -1
1823 45 7707 -1
1896 50 7707 -1
2067 3 7763 -1
2145 134 7757 -1
2485 286 7795 -1
2506 28 7778 -1
2560 89 7778 7788 -1
2565 827 7757 7788 7778 7763 7707 7795 7726 -1
2576 138 7757 7763 -1
2658 231 7726 7778 -1
2774 45 7795 -1
2981 36 7778 -1
3063 2 7735 -1
3084 52 7788 -1
3142 41 7791 -1
3274 60 7763 -1
3381 177 7788 7757 7726 -1
3449 306 7757 -1
3498 96 7726 -1
3521 23 7757 -1
3586 135 7795 7726 -1
3787 233 7726 7788 -1
3965 79 7788 -1
4040 71 7788 -1
4221 41 7778 -1
4310 225 7795 7778 7707 -1
4347 33 7778 -1
4398 8 7757 -1
4441 186 7795 7707 7788 7726 7763 -1
4558 1 7757 -1
4632 202 7726 7795 -1
4712 91 7707 -1
4792 45 7788 -1
4948 194 7726 7778 -1
5002 116 7763 -1
5070 3 7778 -1
5103 118 7726 -1
5123 60 7726 -1
5188 211 7788 7795 -1
5226 13 7726 -1
5262 35 7707 -1
5342 22 7778 7726 -1
5445 39 7707 -1
5524 402 7726 7707 7740 7763 7757 7795 7788 -1
5655 48 7763 -1
5658 10 7726 -1
5796 173 7757 -1
5800 182 7726 7763 7795 -1
5802 248 7778 7763 7788 7757 -1
5806 45 7788 -1
5814 106 7795 7757 -1
5820 19 7763 7707 7788 7757 -1
5915 39 7795 7763 7726 7788 -1
5998 80 7707 7795 -1
6020 23 7763 -1
6043 38 7757 7795 7788 7726 -1
6072 45 7778 -1
6179 7 7788 -1
6241 64 7763 -1
6274 6 7788 -1
6305 147 7795 7778 -1
6398 15 7763 -1
6443 51 7795 7788 -1
6460 56 7765 7799 7701 -1
6494 70 7763 -1
6510 54 7707 7795 -1
6548 8 7788 -1
6555 33 7726 -1
6560 42 7757 -1
6563 54 7757 7778 -1
6570 4 7795 -1
6596 137 7763 7757 7726 7778 7788 7707 7795 -1
6615 119 7757 7707 7763 7726 -1
6624 122 7763 7757 -1
6712 8 7795 -1
6766 16 7763 -1
6855 14 7757 -1
6885 13 7707 -1
6889 4 7701 -1
6907 183 7757 7788 7726 7763 7795 7707 -1
6914 52 7757 7788 -1
6916 30 7788 7757 -1
6918 23 7778 -1
6924 12 7757 -1
6934 51 7795 -1
6945 16 7763 -1
6951 26 7778 -1
6976 37 7788 7795 -1
6993 75 7795 7788 7757 7763 -1
7005 13 7788 7757 7763 -1
7043 9 7707 7763 -1
7045 36 7726 7763 7757 -1
7047 133 7707 7778 7763 7788 7795 7726 -1
7049 27 7788 7763 7795 7757 -1
7055 95 7795 7726 7707 7763 7757 7788 7778 -1
7056 29 7757 7726 7795 7763 -1
7057 100 7763 7707 7788 -1
7092 75 7795 7788 -1
7120 10 7707 -1
7129 6 7763 -1
7198 5 7707 -1
7225 24 7707 -1
7231 87 7726 7757 7795 7763 7788 7707 -1
7243 1 7763 -1
7262 9 7763 7757 -1
7270 4 7763 -1
7276 5 7740 7763 -1
7279 17 7726 -1
7280 71 7788 7778 7795 7757 7763 -1
7281 12 7795 -1
7301 18 7757 7707 -1
7343 10 7788 -1
7350 20 7726 -1
7378 40 7795 7757 -1
7391 47 7726 -1
7405 17 7763 -1
7511 14 7707 -1
7544 10 7788 -1
7570 3 7778 -1
7579 5 7795 7788 -1
7586 6 7757 7763 -1
7614 37 7795 7707 7726 -1
7661 4 7757 -1
7666 13 7701 -1
7675 16 7778 -1
7685 13 7757 -1
7691 18 7778 -1
7696 3 7707 -1
7697 12 7763 -1
7703 1 7707 -1
7704 1 7707 -1
7705 1 7707 -1
7706 2 7707 -1
7719 3 7763 -1
7727 26 7726 -1
7728 1 7763 -1
7736 2 7757 -1
7741 4 7763 7757 -1
7743 10 7757 -1
7744 49 7740 -1
7747 5 7795 -1
7750 1 7757 -1
7751 1 7757 -1
7752 2 7757 -1
7753 2 7757 -1
7755 10 7757 -1
7756 2 7757 -1
7758 1 7763 -1
7759 4 7763 -1
7760 1 7763 -1
7761 1 7763 -1
7762 1 7763 -1
7766 13 7788 -1
7771 2 7778 -1
7772 15 7778 -1
7773 1 7778 -1
7774 30 7778 -1
7775 11 7778 -1
7777 1 7778 -1
7780 3 7788 -1
8046 14 7791 -1
8053 17 7791 -1