36 231 7908 -1
66 41 7961 -1
109 166 7908 7961 7924 -1
155 16 7927 -1
166 77 7924 7961 -1
319 193 7910 -1
339 79 7961 -1
432 155 7961 -1
447 8 7992 -1
457 640 7965 7961 7946 7910 7924 7979 -1
553 19 7910 -1
580 28 7992 7961 7946 -1
600 171 7912 -1
737 120 7927 7965 7961 -1
749 62 7992 -1
766 709 7965 7946 7908 7910 7912 7961 7979 7927 -1
791 29 7910 -1
896 25 7961 -1
950 8 7979 -1
988 257 7910 7908 -1
993 233 7961 -1
1055 139 7910 -1
1063 29 7908 -1
1133 282 7910 -1
1151 460 7961 7927 7946 7912 7910 -1
1166 318 7908 -1
1374 385 7979 7910 7992 7912 7908 -1
1385 24 7992 -1
1539 3 7912 -1
1542 237 7927 7946 -1
1701 98 7946 -1
1734 47 7961 -1
1748 37 7946 -1
1799 42 7908 -1
1811 37 7910 -1
1966 17 7961 -1
1982 26 7961 -1
2010 11 7946 7992 -1
2093 52 7979 -1
2135 143 7908 -1
2145 134 7924 -1
2226 23 7961 7924 -1
2240 106 7992 -1
2258 90 7946 -1
2346 3 7965 -1
2369 134 7908 -1
2381 37 7961 -1
2384 65 7946 -1
2410 27 7910 -1
2440 43 7927 7908 -1
2456 31 7912 -1
2485 286 7961 7927 7965 -1
2504 82 7908 -1
2506 28 7979 -1
2560 89 7965 -1
2565 827 7979 7927 7924 7908 7992 7946 7910 7912 7961 7965 -1
2658 231 7965 7961 7910 7979 7927 7946 7912 -1
2689 34 7961 7910 -1
2765 30 7965 -1
2831 39 7910 7908 7912 -1
2851 45 7912 -1
2968 37 7908 -1
3057 36 7979 -1
3293 8 7908 -1
3297 39 7910 7961 -1
3393 10 7946 -1
3447 214 7961 -1
3453 241 7908 -1
3458 61 7961 -1
3460 17 7908 -1
3498 96 7961 -1
3571 39 7908 -1
3586 135 7961 7979 -1
3634 57 7965 -1
3728 71 7912 -1
3752 15 7908 -1
3770 9 7946 -1
3787 233 7908 -1
3916 25 7961 -1
3958 16 7908 -1
3965 79 7961 -1
3983 4 7908 -1
4162 15 7912 -1
4187 8 7908 -1
4222 28 7924 -1
4310 225 7961 7927 -1
4335 28 7908 -1
4347 33 7927 7979 7992 7946 7908 7961 -1
4353 69 7910 7961 -1
4409 6 7924 -1
4441 186 7927 7912 -1
4447 12 7912 -1
4476 1 7908 -1
4483 137 7961 -1
4488 35 7908 -1
4532 6 7961 -1
4632 202 7908 7912 7961 -1
4666 23 7961 7912 7992 7908 -1
4709 24 7961 7912 7979 -1
4717 57 7961 -1
4764 52 7908 -1
4788 15 7912 7910 -1
4792 45 7908 7946 -1
4795 66 7992 -1
4828 105 7979 -1
4829 57 7946 -1
4943 31 7961 -1
4948 194 7924 7965 7979 -1
4964 51 7908 -1
4967 317 7927 -1
4981 49 7908 7961 -1
5028 40 7908 -1
5037 18 7908 -1
5051 8 7979 -1
5053 53 7908 -1
5068 10 7908 -1
5079 240 7924 -1
5096 14 7910 -1
5102 48 7908 -1
5103 118 7912 7992 -1
5114 2 7908 -1
5166 41 7965 7961 7908 -1
5173 121 7924 7946 -1
5177 92 7910 -1
5178 15 7910 -1
5188 211 7979 7961 -1
5226 13 7910 -1
5341 1 7961 -1
5445 39 7927 -1
5446 21 7946 -1
5454 19 7908 7910 -1
5472 15 7961 -1
5524 402 7924 7908 7927 7961 7924 7910 7992 7979 -1
5529 31 7908 7927 -1
5543 128 7979 7961 -1
5550 12 7908 -1
5551 8 7924 -1
5553 36 7908 7979 7965 -1
5605 10 7908 -1
5612 38 7961 -1
5615 1 7908 -1
5697 219 7908 -1
5773 63 7924 -1
5775 39 7979 7992 7927 7912 -1
5796 173 7961 7908 -1
5800 182 7979 7992 -1
5802 248 7927 7961 7979 7965 7946 7908 -1
5814 106 7961 -1
5819 52 7908 -1
5820 19 7921 -1
5822 81 7912 -1
5857 62 7961 7908 -1
5872 25 7908 -1
5915 39 7910 7912 -1
5952 14 7946 -1
5982 3 7961 -1
5998 80 7961 7924 -1
5999 16 7979 -1
6006 47 7979 -1
6032 70 7908 -1
6043 38 7961 -1
6068 30 7927 -1
6072 45 7908 7924 7924 7927 7979 7992 7946 -1
6218 47 7961 7910 -1
6229 18 7946 -1
6241 64 7961 7908 -1
6272 80 7924 7908 -1
6274 6 7992 -1
6305 147 7965 -1
6320 17 7979 -1
6333 2 7965 -1
6347 11 7912 7979 -1
6359 72 7961 -1
6443 51 7924 -1
6445 7 7912 7927 -1
6460 56 7996 7924 7921 7912 7952 7994 7910 -1
6494 70 7979 -1
6502 12 7961 -1
6524 6 7910 7992 -1
6550 3 7927 -1
6563 54 7927 -1
6570 4 7908 -1
6596 137 7910 7946 7908 7961 7965 7979 7912 7921 -1
6618 79 7961 -1
6624 122 7910 7912 7908 7946 7927 -1
6657 9 7961 -1
6692 6 7979 7927 -1
6770 5 7961 -1
6784 41 7992 -1
6866 4 7979 -1
6875 15 7965 -1
6889 4 7921 -1
6900 29 7961 -1
6907 183 7912 7908 7992 7965 7961 7924 7924 -1
6914 52 7927 -1
6918 23 7965 7927 7979 -1
6924 12 7927 -1
6938 2 7992 -1
6946 25 7992 -1
6976 37 7908 -1
6993 75 7927 7961 7910 7912 7946 -1
7012 10 7910 7961 -1
7026 11 7965 -1
7047 133 7961 7924 7992 7912 7979 7927 7924 7908 7946 7965 -1
7052 114 7912 7910 7961 7946 7927 -1
7055 95 7979 7965 7992 7946 7910 -1
7056 29 7979 -1
7057 100 7908 7965 7961 7924 -1
7063 15 7961 -1
7080 58 7965 7924 7927 -1
7086 111 7924 7910 7965 7992 7946 7912 7979 7908 -1
7092 75 7961 -1
7113 8 7961 -1
7131 23 7910 -1
7132 21 7961 -1
7227 9 7910 -1
7233 18 7992 -1
7253 3 7912 -1
7279 17 7910 -1
7280 71 7910 7908 7965 7961 -1
7301 18 7979 7908 -1
7343 10 7927 -1
7378 40 7908 -1
7390 18 7961 -1
7391 47 7992 7924 7965 -1
7405 17 7927 -1
7421 9 7979 -1
7424 4 7908 -1
7449 20 7979 -1
7471 9 7946 7965 -1
7490 25 7992 -1
7544 10 7924 -1
7564 30 7908 -1
7578 24 7908 -1
7625 5 7924 -1
7649 8 7965 -1
7675 16 7979 -1
7677 8 7992 -1
7682 15 7927 7961 7910 -1
7685 13 7908 -1
7691 18 7946 7961 7979 -1
7697 12 7908 -1
7726 3 7961 -1
7727 26 7965 7921 7910 -1
7733 42 7910 -1
7743 10 7992 -1
7744 49 7910 7979 7924 7961 -1
7759 4 7961 -1
7768 10 7927 -1
7769 19 7910 7946 7908 7912 7927 -1
7774 30 7992 7908 7965 -1
7775 11 7965 -1
7792 7 7927 -1
7810 7 7979 -1
7818 15 7946 7961 7912 -1
7865 22 7908 7961 -1
7869 1 7912 -1
7873 5 7910 7979 7927 -1
7874 4 7927 -1
7877 5 7927 -1
7882 10 7910 -1
7900 27 7908 -1
7901 28 7979 7908 -1
7902 18 7908 -1
7903 4 7908 -1
7904 6 7927 7908 7912 -1
7905 1 7908 -1
7906 3 7908 -1
7907 10 7979 7908 -1
7910 4 7912 -1
7911 1 7912 -1
7919 3 7921 -1
7920 1 7921 -1
7922 1 7927 -1
7923 1 7927 -1
7924 2 7927 -1
7925 1 7927 -1
7945 4 7946 -1
7948 2 7910 -1
7949 1 7910 -1
7950 1 7910 -1
7959 1 7961 -1
7960 1 7961 -1
7964 8 7965 -1
7972 1 7973 -1
7978 1 7979 -1
7981 1 7982 -1
8046 14 7924 -1
8053 17 7924 -1
8069 4 7924 -1
8085 16 7924 -1
8107 11 7924 -1
8152 10 7924 -1
8190 4 7924 -1
8222 5 7924 -1