11 733 6170 -1
29 136 6198 -1
36 231 6151 -1
39 39 6123 -1
59 94 6166 -1
68 187 6124 6156 -1
87 164 6174 -1
109 166 6123 6174 6156 -1
143 95 6156 -1
166 77 6156 -1
173 332 6151 -1
311 312 6156 6151 -1
335 48 6174 -1
457 640 6156 6170 6166 6124 -1
467 7 6156 -1
663 133 6123 -1
686 57 6148 6151 -1
737 120 6156 6123 6170 -1
766 709 6124 6151 6166 6174 6170 6123 6156 -1
813 261 6124 -1
816 25 6166 -1
1041 31 6124 -1
1063 29 6123 -1
1074 75 6170 6156 -1
1098 260 6170 6123 6151 -1
1133 282 6124 6166 -1
1151 460 6166 6124 6156 6174 6151 -1
1166 318 6151 6156 -1
1267 61 6170 -1
1374 385 6174 6151 -1
1542 237 6123 6166 6124 -1
1549 522 6123 -1
1691 47 6151 -1
1701 98 6156 -1
1722 14 6151 -1
1748 37 6123 -1
1783 58 6148 -1
1811 37 6151 -1
1814 79 6124 -1
1823 45 6170 -1
1879 13 6123 -1
2145 134 6166 -1
2258 90 6124 -1
2276 21 6156 -1
2328 205 6123 -1
2369 134 6166 6156 -1
2387 52 6148 -1
2410 27 6151 -1
2440 43 6111 -1
2452 29 6123 -1
2485 286 6151 6148 6124 6123 -1
2504 82 6123 6124 -1
2535 24 6156 -1
2552 3 6124 -1
2565 827 6198 6174 6123 6151 -1
2576 138 6174 -1
2585 46 6124 -1
2623 47 6124 -1
2658 231 6151 6174 -1
2667 93 6124 6166 6151 -1
2677 37 6123 -1
2688 516 6124 6156 6166 -1
2696 61 6148 -1
2702 39 6124 -1
2744 36 6148 -1
2831 39 6124 -1
2967 232 6148 -1
2972 271 6166 6170 -1
2988 56 6148 -1
3027 31 6124 -1
3032 205 6156 6151 6148 6170 -1
3176 5 6148 -1
3291 56 6151 6148 -1
3310 18 6151 -1
3340 3 6148 -1
3381 177 6123 6170 6156 -1
3449 306 6124 6166 6164 -1
3457 97 6123 -1
3459 73 6124 -1
3478 42 6124 -1
3479 83 6124 -1
3522 53 6148 6124 -1
3535 5 6148 -1
3586 135 6123 -1
3600 6 6123 -1
3601 41 6156 -1
3614 187 6124 -1
3641 194 6148 6124 6105 6123 -1
3642 291 6124 6156 6161 6170 6148 6166 6151 -1
3787 233 6156 -1
3794 44 6148 -1
3813 72 6123 6156 -1
3854 79 6148 -1
3916 25 6124 6123 -1
3958 16 6123 -1
3965 79 6124 6148 6156 6174 -1
4036 139 6123 6148 -1
4037 7 6124 -1
4041 54 6124 -1
4045 244 6148 6124 6156 6166 -1
4099 101 6123 6124 -1
4151 79 6166 -1
4175 7 6148 -1
4221 41 6124 -1
4273 19 6170 -1
4310 225 6123 6156 6151 6124 -1
4331 2 6174 -1
4347 33 6174 -1
4437 33 6123 -1
4441 186 6174 6151 -1
4483 137 6166 6151 -1
4488 35 6123 6156 -1
4632 202 6166 6124 6174 6156 6151 -1
4653 80 6164 -1
4654 2 6148 -1
4673 68 6156 -1
4709 24 6123 -1
4712 91 6123 -1
4750 3 6124 -1
4764 52 6123 -1
4781 28 6124 -1
4792 45 6124 -1
4795 66 6151 -1
4824 88 6124 -1
4829 57 6156 6170 -1
4899 160 6124 -1
4948 194 6151 -1
4967 317 6170 6124 6148 6166 6156 -1
4981 49 6151 -1
5002 116 6124 6123 6198 -1
5022 173 6170 6161 6148 6164 6151 -1
5024 4 6148 -1
5053 53 6151 6123 -1
5072 3 6174 -1
5079 240 6156 6170 6124 -1
5096 14 6174 -1
5104 3 6151 -1
5123 60 6124 -1
5166 41 6123 -1
5171 40 6164 -1
5173 121 6156 -1
5177 92 6164 6166 6148 6124 -1
5178 15 6156 6124 6170 -1
5179 212 6156 6148 6170 6124 6123 6151 -1
5185 120 6124 6156 6170 -1
5188 211 6170 6156 -1
5189 237 6124 6123 6166 6148 -1
5196 29 6166 -1
5276 7 6156 6123 -1
5301 42 6148 6124 6123 -1
5404 13 6156 -1
5427 34 6105 -1
5430 6 6156 -1
5439 39 6156 -1
5472 15 6123 -1
5484 18 6124 -1
5487 23 6161 6166 -1
5524 402 6170 6174 6151 6156 6124 6123 6166 -1
5531 224 6151 6156 6124 6170 6148 -1
5532 16 6156 -1
5543 128 6166 6123 6148 6124 -1
5553 36 6151 -1
5582 105 6170 6166 -1
5584 12 6156 -1
5608 14 6124 -1
5612 38 6148 6170 -1
5624 20 6148 -1
5630 31 6161 6166 6164 -1
5655 48 6124 -1
5691 49 6148 6151 6124 -1
5696 49 6124 6161 -1
5697 219 6170 6156 -1
5714 42 6124 6156 -1
5783 15 6124 -1
5787 29 6124 6166 -1
5796 173 6123 6148 6124 6156 -1
5800 182 6174 6156 6123 -1
5802 248 6174 6156 6151 6170 6123 -1
5805 10 6148 -1
5809 20 6148 6124 -1
5810 26 6156 -1
5811 65 6123 -1
5812 42 6161 -1
5814 106 6156 6123 -1
5822 81 6174 -1
5827 14 6123 -1
5829 11 6148 -1
5836 8 6148 -1
5839 36 6123 -1
5862 24 6124 6156 -1
5915 39 6151 -1
5934 32 6166 6156 -1
5960 3 6124 -1
5998 80 6123 -1
6006 47 6156 -1
6020 23 6166 -1
6032 70 6123 -1
6043 38 6148 6124 -1
6068 30 6166 6174 6151 6124 -1
6069 3 6148 -1
6075 16 6124 -1
6094 11 6124 -1
6097 24 6123 -1
6100 1 6101 -1
6126 11 6148 -1
6128 2 6151 -1
6141 1 6148 -1
6142 1 6148 -1
6143 1 6148 -1
6144 1 6148 -1
6145 1 6148 -1
6146 8 6148 -1
6147 1 6148 -1
6150 1 6151 -1
6156 20 6166 -1
6165 2 6166 -1
6217 28 6156 -1
6219 3 6170 -1
6223 12 6156 -1
6241 64 6123 -1
6243 32 6123 -1
6270 57 6123 -1
6272 80 6123 -1
6280 31 6123 -1
6299 70 6170 6198 -1
6305 147 6170 6156 -1
6314 9 6156 -1
6316 15 6123 -1
6331 3 6156 -1
6359 72 6170 -1
6443 51 6151 6156 -1
6447 11 6170 -1
6467 8 6156 -1
6483 18 6156 -1
6486 57 6123 -1
6488 19 6170 -1
6545 5 6156 -1
6560 42 6198 6123 -1
6563 54 6123 -1
6596 137 6174 6151 -1
6605 9 6156 -1
6615 119 6198 6123 -1
6618 79 6123 -1
6619 77 6123 -1
6624 122 6151 6123 6174 -1
6671 4 6156 -1
6672 1 6156 -1
6673 1 6156 -1
6674 1 6156 -1
6675 1 6156 -1
6676 5 6156 -1
6677 1 6156 -1
6678 1 6156 -1
6679 1 6156 -1
6714 92 6123 -1
6758 9 6123 -1
6772 49 6198 6123 -1
6774 23 6123 -1
6906 49 6123 -1
6907 183 6123 -1
6914 52 6123 -1
6991 18 6198 -1
6993 75 6151 6174 -1
7021 15 6123 -1
7047 133 6151 6174 -1
7049 27 6151 -1
7052 114 6151 6174 -1
7055 95 6151 -1
7057 100 6123 6151 6174 -1
7061 3 6123 -1
7063 15 6123 -1
7086 111 6174 -1
7131 23 6123 -1
7132 21 6123 -1
7170 1 6123 -1
7231 87 6151 6174 -1
7233 18 6123 -1
7241 18 6123 -1
7280 71 6151 -1
7380 3 6123 -1
7400 15 6123 -1
7401 3 6123 -1
7402 5 6123 -1
7403 1 6123 -1
7404 1 6123 -1
7405 17 6123 -1
7520 3 6174 -1
7588 7 6174 -1
7598 26 6151 -1
7614 37 6151 6174 -1
7679 21 6151 -1
7695 3 6151 -1
7766 13 6151 -1
7768 10 6174 -1
7769 19 6174 -1
7770 2 6174 -1