30 3 7478 -1
72 113 7478 -1
87 164 7478 -1
109 166 7400 7414 -1
136 64 7442 -1
155 16 7400 -1
237 35 7414 -1
265 30 7478 -1
335 48 7497 7443 -1
336 28 7450 -1
371 117 7422 7478 -1
395 37 7414 -1
425 49 7442 7422 -1
432 155 7443 -1
457 640 7400 7414 7478 7450 -1
580 28 7400 -1
737 120 7422 7450 -1
766 709 7478 7414 7450 7400 7443 -1
850 4 7400 -1
909 6 7422 7478 -1
1009 43 7400 -1
1010 6 7400 -1
1055 139 7478 7497 -1
1097 93 7450 -1
1098 260 7478 7414 -1
1151 460 7414 -1
1374 385 7400 7443 -1
1385 24 7478 -1
1542 237 7478 7414 -1
1549 522 7478 -1
1769 64 7478 -1
1879 13 7414 7422 -1
1995 3 7497 -1
2062 118 7478 -1
2258 90 7478 7422 -1
2276 21 7478 7490 -1
2285 16 7478 -1
2328 205 7400 7414 -1
2452 29 7414 -1
2485 286 7478 7422 7400 -1
2560 89 7443 7400 -1
2565 827 7450 7400 7478 7414 7443 7422 -1
2576 138 7443 -1
2658 231 7414 7450 7497 7478 7400 7422 -1
2738 3 7423 -1
2839 5 7422 -1
3027 31 7450 7478 -1
3032 205 7478 -1
3084 52 7443 -1
3320 2 7442 -1
3348 16 7442 -1
3367 3 7400 -1
3381 177 7422 7414 7443 7478 7450 -1
3447 214 7414 -1
3456 250 7450 7400 7414 -1
3457 97 7400 -1
3498 96 7478 -1
3586 135 7400 7414 7436 -1
3600 6 7478 -1
3642 291 7497 7478 7442 -1
3683 7 7478 -1
3691 70 7450 7422 7497 -1
3787 233 7422 7478 7497 -1
3910 14 7478 -1
3965 79 7422 -1
4036 139 7414 7400 -1
4040 71 7443 -1
4046 40 7400 -1
4124 27 7478 -1
4151 79 7443 -1
4310 225 7400 7497 7450 -1
4441 186 7443 -1
4483 137 7414 -1
4532 6 7478 -1
4598 34 7478 -1
4712 91 7422 7478 -1
4739 11 7478 -1
4792 45 7414 -1
4828 105 7414 -1
4879 20 7414 -1
4915 5 7414 -1
4948 194 7414 7400 7443 -1
4974 41 7414 -1
4994 17 7414 -1
5002 116 7442 7414 -1
5020 45 7478 -1
5079 240 7478 -1
5103 118 7443 7414 -1
5173 121 7497 7414 7422 7400 -1
5177 92 7414 -1
5185 120 7414 -1
5189 237 7414 7478 -1
5196 29 7414 -1
5201 12 7478 -1
5215 7 7414 -1
5524 402 7450 7414 7497 7478 7436 7443 7442 7422 7400 -1
5529 31 7443 -1
5531 224 7414 7450 7422 7478 -1
5543 128 7414 7478 -1
5773 63 7414 -1
5796 173 7443 7414 -1
5800 182 7422 7400 7443 -1
5802 248 7414 7443 7450 7400 -1
5806 45 7414 7422 7400 7497 -1
5811 65 7414 7423 -1
5814 106 7414 -1
5816 50 7478 -1
5819 52 7400 -1
5820 19 7449 -1
5821 18 7478 -1
5822 81 7422 7414 -1
5823 13 7478 -1
5915 39 7443 -1
5988 4 7478 -1
5998 80 7443 -1
6006 47 7443 -1
6020 23 7443 -1
6032 70 7400 -1
6043 38 7400 7443 -1
6097 24 7478 -1
6123 18 7414 7497 -1
6139 1 7450 -1
6180 3 7478 -1
6198 12 7414 -1
6221 26 7414 7478 -1
6229 18 7478 -1
6241 64 7443 7400 7414 -1
6243 32 7414 -1
6270 57 7414 -1
6272 80 7414 7478 -1
6280 31 7414 -1
6323 49 7414 -1
6360 35 7442 -1
6460 56 7414 7442 7497 7498 7491 -1
6486 57 7400 7414 -1
6494 70 7414 7400 7443 -1
6510 54 7442 -1
6518 30 7422 -1
6523 31 7414 -1
6552 27 7414 -1
6555 33 7414 -1
6560 42 7414 -1
6595 12 7414 -1
6596 137 7443 -1
6615 119 7443 7450 7414 7442 7478 7422 -1
6618 79 7414 -1
6619 77 7414 7436 7400 -1
6624 122 7400 7443 7414 7450 -1
6635 11 7478 -1
6646 3 7478 -1
6712 8 7443 -1
6714 92 7450 7442 7478 7414 7422 -1
6758 9 7478 -1
6774 23 7414 -1
6779 3 7478 -1
6784 41 7497 7442 7450 7414 7422 -1
6789 9 7414 7442 -1
6801 5 7414 -1
6804 5 7414 -1
6875 15 7443 -1
6885 13 7422 -1
6900 29 7478 7422 -1
6902 20 7400 -1
6907 183 7478 7497 7400 7414 -1
6914 52 7414 -1
6916 30 7442 7450 -1
6918 23 7414 7400 -1
6934 51 7400 7497 -1
6941 35 7400 -1
6976 37 7400 -1
6993 75 7414 7442 -1
7012 10 7414 -1
7021 15 7414 -1
7045 36 7497 7443 -1
7046 19 7414 -1
7047 133 7443 -1
7049 27 7443 -1
7052 114 7400 7450 -1
7055 95 7450 7443 7478 7414 7400 -1
7056 29 7443 -1
7057 100 7400 7478 -1
7063 15 7414 -1
7071 4 7414 -1
7080 58 7414 7478 -1
7086 111 7414 7478 7497 7450 -1
7092 75 7414 7400 7443 -1
7099 15 7400 -1
7131 23 7414 -1
7150 10 7400 -1
7225 24 7400 -1
7229 5 7400 -1
7231 87 7450 7443 7414 7400 -1
7233 18 7422 -1
7236 16 7478 -1
7239 21 7478 7497 -1
7260 1 7478 -1
7262 9 7400 -1
7278 3 7414 -1
7279 17 7443 -1
7280 71 7443 -1
7294 37 7400 7414 -1
7335 13 7414 -1
7341 2 7414 -1
7343 10 7414 -1
7350 20 7414 -1
7390 18 7442 7443 -1
7391 47 7443 -1
7393 10 7414 -1
7400 15 7414 7450 -1
7405 17 7443 -1
7415 4 7400 -1
7421 9 7422 -1
7441 3 7442 -1
7444 3 7450 -1
7445 1 7450 -1
7446 1 7450 -1
7447 1 7450 -1
7468 1 7478 -1
7469 1 7478 -1
7470 1 7478 -1
7494 1 7495 -1
7565 1 7400 -1
7649 8 7443 -1
7679 21 7443 -1
7697 12 7443 -1
7744 49 7449 -1