24 270 6097 -1
36 231 6006 6044 -1
58 35 6044 -1
68 187 6097 6098 -1
72 113 6004 -1
87 164 6006 -1
103 55 6097 -1
109 166 6006 6043 6001 6097 -1
136 64 6006 -1
166 77 6004 6044 -1
173 332 6098 6006 6043 -1
178 52 6006 6098 -1
306 215 6029 -1
311 312 6097 -1
319 193 6097 6006 -1
339 79 6043 -1
398 6 6001 -1
457 640 6094 6044 6004 6006 6097 6032 6001 -1
580 28 6043 6032 -1
667 18 6006 -1
737 120 6097 6032 6001 -1
766 709 6001 6043 6006 6098 6044 6032 6029 -1
813 261 6098 -1
838 34 6004 -1
850 4 6006 -1
988 257 6044 -1
1009 43 6029 -1
1010 6 6029 -1
1063 29 6006 -1
1098 260 6032 6004 6097 6043 -1
1133 282 6029 6004 6098 -1
1151 460 6006 6032 6043 -1
1164 23 6006 -1
1166 318 6000 6006 6098 -1
1184 57 6098 -1
1210 221 6004 -1
1286 55 6032 -1
1374 385 6043 6004 6032 6044 -1
1470 115 6006 -1
1542 237 6097 6096 6098 6029 -1
1549 522 6097 -1
1701 98 6098 -1
1737 6 6098 -1
1748 37 6006 -1
1762 37 6004 -1
1799 42 6044 -1
1814 79 6001 -1
1835 55 6000 -1
1896 50 6001 -1
1972 184 6006 -1
2001 37 6029 -1
2003 42 6044 6097 -1
2145 134 6006 6096 -1
2186 57 6006 6098 -1
2256 125 6029 -1
2264 51 6029 -1
2276 21 6004 -1
2299 65 6032 -1
2369 134 6044 6001 -1
2375 32 6004 -1
2376 22 6006 -1
2384 65 6029 -1
2485 286 6043 6032 -1
2504 82 6006 -1
2508 13 6004 -1
2547 64 6098 -1
2552 3 6094 -1
2560 89 6043 -1
2565 827 6097 6032 6044 6004 6000 6043 -1
2576 138 6044 6029 -1
2595 42 6006 -1
2605 58 6006 -1
2613 17 6098 -1
2621 8 6023 -1
2655 30 6006 -1
2658 231 6032 6044 6043 -1
2667 93 6006 6029 6098 -1
2677 37 6097 -1
2688 516 6029 -1
2693 132 6004 -1
2744 36 6094 6021 6006 -1
2774 45 6006 -1
2851 45 6006 -1
2908 11 6004 -1
2940 91 6004 6000 -1
2972 271 6097 -1
3027 31 6044 -1
3028 99 6098 -1
3032 205 6001 -1
3084 52 6043 -1
3258 69 6097 -1
3274 60 6043 -1
3297 39 6032 -1
3310 18 6043 -1
3315 13 6001 -1
3348 16 6006 -1
3381 177 6097 6000 -1
3393 10 6044 -1
3402 88 6032 -1
3404 73 6029 -1
3447 214 6044 6097 -1
3449 306 6006 6029 6098 -1
3452 91 6006 -1
3453 241 6006 -1
3456 250 6098 -1
3457 97 6004 -1
3459 73 6029 -1
3478 42 6006 -1
3479 83 6098 -1
3498 96 6098 -1
3571 39 6044 -1
3586 135 6032 6044 6043 -1
3614 187 6006 -1
3641 194 6098 -1
3642 291 6029 6098 6006 6004 6001 -1
3643 35 6029 -1
3666 125 6098 -1
3691 70 6032 -1
3787 233 6044 -1
3830 18 6098 -1
3854 79 6098 -1
3965 79 6044 6006 6043 -1
3976 43 6097 6098 -1
3982 17 6097 -1
4036 139 6044 -1
4040 71 6043 -1
4041 54 6098 -1
4045 244 6006 6098 6029 6097 -1
4063 26 6098 -1
4065 104 6004 6097 -1
4073 90 6098 -1
4099 101 6006 -1
4144 38 6006 -1
4175 7 6006 -1
4187 8 6006 -1
4221 41 6001 6032 -1
4310 225 6044 6097 6001 6043 6032 6098 6006 -1
4343 4 6006 -1
4347 33 6032 -1
4409 6 6043 -1
4437 33 6097 -1
4441 186 6098 6006 6043 6032 -1
4524 7 6000 -1
4542 2 6006 -1
4550 81 6029 -1
4557 15 6029 -1
4574 37 6044 -1
4632 202 6006 6043 6097 -1
4673 68 6006 -1
4712 91 6006 -1
4764 52 6043 6006 -1
4767 10 6006 -1
4788 15 6032 -1
4792 45 6044 6032 -1
4795 66 6032 -1
4813 45 6006 -1
4824 88 6098 6006 -1
4828 105 6001 6098 6044 6004 -1
4894 34 6029 -1
4899 160 6098 6029 6004 6006 -1
4948 194 6044 -1
4960 8 6006 -1
4967 317 6029 6001 6006 6098 6097 -1
4970 6 6098 -1
4994 17 6043 -1
5015 9 6044 -1
5020 45 6094 -1
5022 173 6023 6001 6006 6094 -1
5028 40 6023 6006 -1
5038 5 6004 -1
5053 53 6043 -1
5059 15 6097 -1
5079 240 6006 6098 -1
5096 14 6044 -1
5102 48 6029 -1
5103 118 6006 6097 6032 -1
5171 40 6098 -1
5172 18 6006 -1
5173 121 6000 -1
5176 100 6029 -1
5177 92 6023 6006 6094 -1
5178 15 6098 -1
5179 212 6029 6001 6098 6023 -1
5185 120 6004 6001 6006 -1
5188 211 6097 6001 6004 -1
5189 237 6006 6094 6044 6098 6023 6004 -1
5197 3 6004 -1
5233 19 6004 6044 -1
5246 29 6029 -1
5262 35 6098 -1
5276 7 6044 -1
5289 5 6004 -1
5301 42 6098 6094 -1
5342 22 6043 -1
5378 13 6044 -1
5399 8 6029 -1
5404 13 6023 -1
5423 36 6000 6006 -1
5427 34 6023 -1
5437 24 6029 6098 -1
5439 39 6001 6097 6006 -1
5457 20 6098 -1
5484 18 6044 -1
5485 13 6044 -1
5524 402 6044 6043 6097 6004 6006 6032 6098 6001 -1
5529 31 6044 -1
5531 224 6001 6006 6098 6004 6000 6041 -1
5532 16 6004 -1
5543 128 6029 6001 6098 -1
5550 12 6044 -1
5553 36 6006 -1
5582 105 6006 6004 6097 -1
5591 21 6023 -1
5600 5 6029 -1
5612 38 6006 6098 -1
5624 20 6098 6044 -1
5655 48 6032 -1
5658 10 6029 -1
5666 4 6004 -1
5696 49 6004 -1
5697 219 6006 6001 -1
5772 10 6004 -1
5773 63 6097 6000 -1
5787 29 6098 -1
5788 4 6023 -1
5796 173 6098 6001 6032 6006 -1
5799 14 6006 -1
5800 182 6097 6043 6032 6000 6001 -1
5802 248 6032 6006 6043 -1
5804 22 6006 -1
5806 45 6006 -1
5807 16 6001 -1
5809 20 6094 -1
5810 26 6006 -1
5811 65 6001 -1
5812 42 6023 6001 -1
5814 106 6032 -1
5816 50 6006 -1
5818 40 6004 -1
5819 52 6004 6098 -1
5821 18 6006 -1
5822 81 6097 6044 6043 6006 -1
5824 29 6004 6001 -1
5834 6 6094 6029 -1
5857 62 6098 -1
5915 39 6043 -1
5920 9 6044 -1
5940 12 6006 6098 -1
5945 5 6098 -1
5950 3 6004 -1
5998 80 6097 6006 -1
5999 16 6044 -1
6009 1 6009 -1
6020 23 6021 -1
6023 16 6006 -1
6032 70 6097 6006 -1
6038 6 6029 -1
6039 1 6029 -1
6046 2 6044 -1
6056 1 6059 -1
6057 1 6059 -1
6058 1 6059 -1
6059 1 6059 -1
6062 2 6098 -1
6068 30 6094 6098 -1
6070 2 6098 -1
6072 45 6004 6044 -1
6077 1 6078 -1
6081 3 6083 -1
6094 11 6098 -1
6097 24 6098 6006 -1
6126 11 6006 6004 6094 -1
6128 2 6094 -1
6146 8 6006 -1
6156 20 6006 -1
6182 3 6006 -1
6218 47 6032 6006 6043 -1
6220 13 6006 -1
6223 12 6006 -1
6241 64 6097 -1
6243 32 6000 -1
6263 4 6023 -1
6270 57 6097 6006 6001 -1
6272 80 6047 6000 6043 6097 -1
6274 6 6032 6044 -1
6299 70 6006 6097 -1
6305 147 6006 6044 6032 6004 -1
6313 1 6004 -1
6320 17 6006 -1
6327 71 6001 6097 6006 -1
6334 2 6006 -1
6346 13 6004 -1
6347 11 6006 -1
6359 72 6001 6097 -1
6394 6 6006 -1
6421 15 6001 -1
6442 2 6006 -1
6443 51 6006 -1
6444 1 6006 -1
6445 7 6006 -1
6446 1 6006 -1
6447 11 6006 -1
6458 22 6000 6004 -1
6460 56 6032 -1
6479 13 6004 6000 -1
6486 57 6097 -1
6494 70 6032 -1
6501 10 6004 -1
6502 12 6044 -1
6510 54 6000 -1
6518 30 6097 6032 -1
6522 21 6004 -1
6525 13 6004 -1
6555 33 6004 -1
6563 54 6097 -1
6596 137 6032 -1
6607 3 6047 -1
6615 119 6097 6004 6001 -1
6618 79 6000 6001 6097 -1
6619 77 6097 -1
6620 91 6097 -1
6624 122 6044 6032 6043 -1
6714 92 6097 6000 -1
6719 3 6004 -1
6726 5 6004 -1
6736 31 6001 -1
6747 3 6001 -1
6767 2 6004 -1
6772 49 6032 -1
6779 3 6004 -1
6780 6 6004 -1
6781 5 6004 -1
6782 1 6004 -1
6783 4 6004 -1
6784 41 6004 6000 -1
6795 2 6044 -1
6809 1 6001 -1
6867 4 6001 -1
6875 15 6032 -1
6883 4 6001 -1
6884 1 6001 -1
6885 13 6001 -1
6886 6 6001 6097 -1
6895 6 6032 6097 -1
6907 183 6044 6000 6043 -1
6916 30 6000 -1
6924 12 6044 -1
6934 51 6097 6000 -1
6945 16 6000 -1
6946 25 6032 -1
6976 37 6097 6043 -1
6993 75 6032 6043 6000 -1
7005 13 6032 6043 -1
7012 10 6043 -1
7038 4 6097 -1
7047 133 6043 6032 6044 -1
7052 114 6032 6097 -1
7057 100 6043 6032 6044 6000 -1
7064 1 6097 -1
7086 111 6044 6000 -1
7092 75 6043 6044 6032 6000 -1
7131 23 6032 -1
7132 21 6043 -1
7225 24 6032 -1
7231 87 6000 6043 -1
7239 21 6000 -1
7241 18 6032 -1
7280 71 6044 6032 6043 -1
7294 37 6032 -1
7378 40 6044 -1
7391 47 6032 -1
7400 15 6032 -1
7443 10 6043 -1
7485 1 6000 -1
7486 1 6000 -1
7487 1 6000 -1
7511 14 6043 -1
7544 10 6032 -1
7564 30 6044 -1
7598 26 6043 -1
7614 37 6032 -1
7649 8 6044 -1
7691 18 6032 -1
7727 26 6032 -1
7733 42 6032 -1
7755 10 6043 -1
7769 19 6032 -1
7774 30 6044 -1
7792 7 6032 -1
7812 4 6043 -1
7829 3 6044 -1
7865 22 6044 -1
7901 28 6044 -1
7910 4 6044 -1
7929 3 6044 -1
8009 1 6044 -1
8010 2 6044 -1
8011 1 6044 -1
8012 7 6044 -1
8013 1 6044 -1