15 42 7871 -1
68 187 7839 -1
71 68 7809 -1
109 166 7809 7810 -1
110 59 7855 7862 -1
113 68 7839 7809 -1
173 332 7813 7809 -1
311 312 7809 7833 7855 -1
371 117 7809 -1
395 37 7890 -1
432 155 7813 7862 -1
457 640 7833 7860 7810 7835 -1
646 15 7862 -1
663 133 7809 -1
695 87 7809 -1
697 85 7809 -1
742 85 7803 7809 -1
762 42 7809 -1
763 45 7813 7862 -1
766 709 7879 7862 7855 7813 7809 7882 7890 7860 7871 -1
791 29 7899 -1
805 82 7862 -1
825 139 7839 7809 -1
854 56 7890 -1
968 5 7890 -1
988 257 7810 7835 -1
1051 48 7890 -1
1098 260 7879 7833 7810 -1
1133 282 7833 7890 -1
1151 460 7862 7835 7879 7855 7813 7890 7809 7882 7871 -1
1164 23 7809 -1
1166 318 7809 -1
1200 92 7879 -1
1215 40 7835 -1
1374 385 7855 7860 7871 7803 7862 7879 7809 7882 7813 7890 -1
1385 24 7890 -1
1471 45 7855 -1
1473 70 7890 -1
1496 190 7890 -1
1539 3 7855 -1
1542 237 7809 7862 7855 -1
1565 7 7862 -1
1608 344 7882 -1
1613 12 7839 -1
1644 46 7839 -1
1658 5 7871 -1
1691 47 7862 7871 -1
1701 98 7855 -1
1720 13 7860 -1
1748 37 7809 7890 -1
1789 11 7833 7871 -1
1799 42 7809 -1
1982 26 7839 -1
2003 42 7860 -1
2010 11 7803 -1
2110 3 7890 -1
2192 3 7803 -1
2196 3 7890 -1
2226 23 7890 -1
2258 90 7810 -1
2276 21 7839 -1
2369 134 7855 7810 7839 7871 7862 7860 -1
2485 286 7855 7890 7862 7833 7809 -1
2504 82 7839 -1
2506 28 7860 -1
2523 5 7890 -1
2524 4 7803 -1
2560 89 7813 7809 -1
2565 827 7813 7835 7833 7882 7862 7879 7890 7855 7839 7809 7803 7860 7810 7871 -1
2576 138 7882 7809 7871 -1
2619 44 7809 -1
2658 231 7890 7855 7871 7862 7835 7860 7813 7882 7810 7879 -1
2660 148 7855 7809 -1
2689 34 7874 -1
2694 17 7862 -1
2851 45 7871 -1
2907 2 7809 -1
2983 18 7810 7833 -1
3021 5 7890 -1
3057 36 7890 7833 -1
3084 52 7809 7803 -1
3088 24 7810 7879 -1
3092 52 7855 -1
3142 41 7810 -1
3227 20 7810 7862 -1
3238 22 7809 7855 -1
3274 60 7809 -1
3297 39 7860 -1
3348 16 7809 -1
3380 33 7809 -1
3404 73 7833 -1
3447 214 7833 7813 -1
3458 61 7855 -1
3459 73 7809 -1
3460 17 7855 7879 -1
3498 96 7882 -1
3499 1 7803 -1
3545 2 7890 -1
3571 39 7809 -1
3586 135 7835 7809 -1
3642 291 7809 -1
3691 70 7809 -1
3728 71 7855 -1
3787 233 7810 -1
3788 2 7809 -1
3813 72 7839 -1
3965 79 7809 -1
3969 58 7833 -1
3982 17 7809 -1
3985 26 7855 -1
4036 139 7860 -1
4040 71 7809 7871 -1
4046 40 7890 -1
4110 4 7803 -1
4151 79 7862 -1
4162 15 7871 -1
4310 225 7813 -1
4347 33 7879 -1
4353 69 7809 -1
4409 6 7890 -1
4441 186 7882 7879 7809 7862 7813 7810 7855 -1
4447 12 7862 -1
4451 6 7862 -1
4483 137 7862 7890 7809 7833 -1
4485 11 7809 -1
4488 35 7833 -1
4532 6 7862 -1
4534 16 7879 -1
4632 202 7833 7810 7855 7882 7813 7809 7839 7871 -1
4661 19 7855 7882 -1
4666 23 7860 -1
4709 24 7890 7871 -1
4786 3 7879 -1
4788 15 7879 -1
4789 2 7879 -1
4792 45 7809 -1
4795 66 7860 7839 7809 -1
4884 4 7882 -1
4889 1 7809 -1
4899 160 7890 7809 7810 7860 -1
4948 194 7871 7882 7860 7890 7833 7862 7855 7810 -1
4974 41 7803 -1
4981 49 7879 7862 7833 7882 -1
4983 4 7860 7862 -1
4994 17 7809 7813 -1
5002 116 7809 -1
5015 9 7810 -1
5016 8 7890 -1
5028 40 7809 -1
5037 18 7871 -1
5051 8 7862 7890 7855 -1
5053 53 7871 7890 -1
5079 240 7810 -1
5096 14 7833 -1
5103 118 7862 7813 7835 7810 7890 -1
5123 60 7860 7809 -1
5140 50 7810 -1
5172 18 7871 -1
5173 121 7810 -1
5179 212 7839 -1
5188 211 7835 -1
5189 237 7813 7809 -1
5199 19 7809 -1
5201 12 7855 -1
5233 19 7862 -1
5254 34 7890 7835 -1
5273 12 7839 -1
5295 23 7839 7809 -1
5342 22 7809 -1
5391 14 7809 -1
5423 36 7809 -1
5445 39 7860 -1
5446 21 7809 -1
5472 15 7809 -1
5479 12 7809 -1
5487 23 7839 -1
5489 10 7890 -1
5524 402 7839 7809 7890 7860 7871 7855 7879 7810 7833 7882 7862 7835 -1
5529 31 7860 7809 7890 7813 -1
5553 36 7813 -1
5563 2 7882 -1
5590 4 7879 -1
5605 10 7862 -1
5697 219 7810 -1
5702 10 7855 -1
5773 63 7839 7855 7890 -1
5775 39 7862 7835 7882 7813 7855 7874 7890 7871 -1
5796 173 7871 -1
5800 182 7810 7809 7882 7833 -1
5802 248 7813 7879 7855 7882 7809 7890 7862 7860 -1
5804 22 7874 7862 -1
5806 45 7809 7882 -1
5810 26 7809 -1
5814 106 7833 7809 7835 7860 -1
5816 50 7809 -1
5819 52 7833 -1
5820 19 7809 7839 -1
5822 81 7809 7833 7835 7813 -1
5915 39 7813 7890 7871 7855 7862 7882 7809 -1
5922 7 7860 -1
5927 8 7882 -1
5940 12 7890 -1
5952 14 7839 -1
5969 5 7835 -1
5998 80 7890 7871 7833 -1
5999 16 7803 -1
6013 3 7890 -1
6015 3 7890 -1
6016 10 7833 -1
6029 2 7890 -1
6032 70 7833 -1
6068 30 7879 -1
6072 45 7890 7833 -1
6174 10 7839 -1
6212 3 7835 -1
6218 47 7809 7835 -1
6221 26 7839 7809 -1
6241 64 7855 -1
6243 32 7809 -1
6272 80 7839 7882 -1
6274 6 7835 -1
6305 147 7860 7810 -1
6320 17 7809 -1
6323 49 7839 -1
6347 11 7862 -1
6383 3 7855 -1
6414 15 7839 -1
6422 7 7809 -1
6443 51 7833 7890 -1
6445 7 7855 -1
6458 22 7855 -1
6460 56 7809 7803 7835 7857 -1
6484 10 7890 -1
6494 70 7890 7833 7871 -1
6502 12 7879 -1
6510 54 7835 -1
6523 31 7839 -1
6536 2 7879 -1
6552 27 7809 -1
6555 33 7809 -1
6560 42 7813 7833 -1
6563 54 7839 7809 -1
6596 137 7890 7803 7833 7882 7855 7835 7810 7862 7879 7871 7839 7809 -1
6598 7 7855 -1
6618 79 7833 7810 -1
6624 122 7862 7855 7860 7839 7882 7809 7890 7813 7871 7803 -1
6772 49 7835 7862 -1
6774 23 7810 -1
6780 6 7890 7813 -1
6895 6 7809 -1
6907 183 7874 7813 7809 7879 7835 7860 7882 -1
6914 52 7810 7862 7803 7890 7833 -1
6934 51 7803 -1
6941 35 7810 7833 7809 -1
6946 25 7809 -1
6951 26 7810 -1
6976 37 7890 7871 -1
6993 75 7809 7862 7871 7890 7810 7879 7835 7882 7855 7813 -1
7019 4 7862 -1
7021 15 7813 -1
7043 9 7833 -1
7044 3 7803 -1
7045 36 7882 -1
7047 133 7871 7860 7874 7855 7882 7813 7833 7890 7879 7862 7810 7835 7839 7809 -1
7049 27 7855 7862 7871 7803 7809 -1
7052 114 7835 7862 7871 7855 7890 7879 -1
7054 21 7809 -1
7055 95 7882 7835 7871 7809 7813 -1
7056 29 7809 7803 -1
7057 100 7810 7833 7809 -1
7080 58 7882 7871 7879 7813 -1
7086 111 7833 7882 7855 7860 7835 7810 -1
7092 75 7833 7809 7890 7835 -1
7120 10 7809 -1
7131 23 7809 7871 7833 -1
7132 21 7809 -1
7171 6 7809 -1
7225 24 7835 -1
7231 87 7813 7882 7871 7862 7890 7809 7879 7855 -1
7233 18 7809 7860 -1
7238 9 7833 -1
7253 3 7871 -1
7280 71 7833 7809 7813 -1
7281 12 7809 -1
7301 18 7833 7871 7890 -1
7335 13 7833 -1
7343 10 7809 -1
7350 20 7809 -1
7352 11 7809 -1
7378 40 7813 7803 -1
7386 14 7833 7882 7813 7809 -1
7387 3 7809 -1
7390 18 7809 -1
7391 47 7809 7835 7862 -1
7405 17 7835 -1
7409 10 7839 -1
7443 10 7882 7809 -1
7511 14 7810 7813 -1
7544 10 7813 -1
7564 30 7860 -1
7578 24 7855 7833 -1
7586 6 7809 -1
7598 26 7809 7862 7890 -1
7609 2 7839 -1
7614 37 7879 7819 7809 -1
7637 1 7833 -1
7659 6 7855 -1
7665 5 7810 -1
7679 21 7855 7809 7813 -1
7682 15 7862 -1
7691 18 7871 7862 7855 7835 -1
7696 3 7810 -1
7697 12 7803 7809 -1
7726 3 7809 -1
7727 26 7871 7835 -1
7733 42 7810 7809 7862 7833 7839 -1
7738 2 7839 -1
7744 49 7810 7809 7803 7890 -1
7747 5 7809 -1
7755 10 7803 -1
7766 13 7862 7871 7855 7803 7809 -1
7768 10 7882 7879 7890 -1
7769 19 7879 7871 7890 7882 -1
7772 15 7833 -1
7774 30 7860 -1
7779 2 7835 -1
7780 3 7803 -1
7792 7 7835 -1
7800 1 7803 -1
7801 1 7803 -1
7802 1 7803 -1
7808 12 7809 -1
7812 4 7890 -1
7818 15 7871 -1
7833 4 7890 -1
7837 2 7839 -1
7853 2 7855 -1
7854 1 7855 -1
7856 7 7835 -1
7860 2 7862 -1
7862 8 7860 -1
7865 22 7835 7882 -1
7867 1 7871 -1
7868 1 7871 -1
7874 4 7890 -1
7877 5 7879 -1
7878 1 7879 -1
7883 1 7882 -1
7884 5 7882 -1
7886 1 7890 -1
7887 1 7890 -1
7888 1 7890 -1
7889 1 7890 -1
7900 27 7860 -1
7901 28 7860 -1
7954 1 7835 -1
7955 1 7835 -1
7956 1 7835 -1
7967 3 7810 -1
7980 2 7860 -1
8012 7 7860 -1
8036 19 7860 7810 -1
8046 14 7810 -1
8047 17 7810 7833 -1
8050 6 7833 -1
8053 17 7810 -1
8055 1 7860 -1
8056 1 7860 -1
8057 1 7860 -1
8107 11 7833 -1
8156 5 7810 -1
8211 10 7810 -1
8270 2 7833 -1
8271 1 7833 -1