24 270 6833 6869 -1
47 113 6875 -1
68 187 6832 -1
72 113 6833 6832 -1
103 55 6832 -1
109 166 6832 6860 -1
136 64 6855 -1
163 9 6875 -1
166 77 6855 -1
173 332 6833 -1
259 42 6833 -1
319 193 6860 -1
395 37 6869 -1
425 49 6855 6833 6832 -1
432 155 6875 6832 -1
434 6 6832 -1
457 640 6873 6840 6832 6875 6897 6803 6869 6860 -1
600 171 6833 -1
634 106 6869 -1
637 26 6833 -1
668 2 6897 -1
697 85 6873 -1
737 120 6875 6832 6897 -1
742 85 6832 -1
766 709 6860 6832 6873 6869 -1
935 19 6875 -1
948 26 6832 -1
1032 34 6833 -1
1037 50 6833 -1
1063 29 6832 -1
1074 75 6873 6897 6860 6892 6869 -1
1098 260 6855 6860 -1
1133 282 6833 -1
1151 460 6897 6869 6832 6873 -1
1166 318 6832 -1
1210 221 6860 -1
1241 33 6869 -1
1284 18 6875 -1
1286 55 6875 -1
1374 385 6803 6875 6855 -1
1385 24 6833 -1
1473 70 6833 -1
1542 237 6832 -1
1549 522 6897 6832 -1
1701 98 6869 6833 -1
1762 37 6850 6809 6833 -1
1796 38 6832 -1
1823 45 6860 -1
1835 55 6833 -1
1982 26 6869 -1
2145 134 6855 -1
2186 57 6832 -1
2240 106 6832 -1
2264 51 6833 -1
2299 65 6832 -1
2328 205 6832 -1
2369 134 6875 -1
2452 29 6832 -1
2485 286 6875 6897 6832 -1
2502 22 6833 -1
2564 49 6833 6897 -1
2565 827 6875 6873 6832 6869 6855 6897 6833 6860 -1
2620 26 6850 6833 -1
2660 148 6873 6869 6833 -1
2677 37 6832 -1
2688 516 6873 6897 6803 6869 6855 -1
2689 34 6833 -1
2693 132 6855 6869 -1
2774 45 6832 -1
2790 145 6869 6833 -1
2851 45 6832 6875 6850 -1
2909 51 6832 -1
2940 91 6897 -1
2972 271 6855 6860 6869 -1
2988 56 6832 -1
3000 31 6832 -1
3015 30 6869 -1
3032 205 6897 6833 -1
3057 36 6833 -1
3084 52 6869 6833 -1
3142 41 6875 -1
3238 22 6833 -1
3258 69 6897 -1
3381 177 6869 6897 6855 6860 6832 6873 -1
3439 69 6860 -1
3447 214 6832 6873 -1
3449 306 6869 -1
3453 241 6875 6832 -1
3456 250 6832 6869 -1
3457 97 6833 -1
3459 73 6832 6869 -1
3525 13 6855 -1
3562 38 6832 -1
3571 39 6875 -1
3576 5 6855 -1
3586 135 6832 6875 -1
3587 4 6869 -1
3607 24 6833 -1
3614 187 6875 -1
3634 57 6875 -1
3641 194 6869 6897 6855 6860 -1
3642 291 6803 6897 6832 6855 6860 6869 6873 -1
3691 70 6897 6833 -1
3786 72 6833 -1
3792 19 6832 -1
3794 44 6832 -1
3798 18 6875 -1
3813 72 6833 6832 -1
3965 79 6832 -1
3969 58 6860 -1
3982 17 6869 -1
4036 139 6869 -1
4065 104 6832 -1
4169 4 6832 -1
4192 7 6873 -1
4221 41 6869 -1
4224 5 6875 -1
4266 11 6833 -1
4310 225 6869 6860 6832 -1
4326 5 6869 -1
4338 11 6833 -1
4401 5 6897 -1
4451 6 6833 -1
4455 16 6832 -1
4483 137 6873 -1
4632 202 6875 6860 -1
4712 91 6855 6860 6833 -1
4717 57 6832 -1
4764 52 6832 -1
4767 10 6832 -1
4792 45 6832 6869 -1
4793 2 6869 -1
4828 105 6850 6869 6832 6855 6860 -1
4829 57 6873 -1
4899 160 6832 -1
4943 31 6832 -1
4948 194 6875 -1
4967 317 6897 6873 6869 6860 -1
4974 41 6832 -1
4994 17 6869 6832 -1
5002 116 6832 -1
5009 14 6855 -1
5022 173 6855 6897 6833 6803 6850 6860 6890 -1
5048 5 6869 -1
5053 53 6897 6832 -1
5079 240 6897 6833 6855 6832 -1
5102 48 6875 -1
5103 118 6875 6833 6897 6832 6869 -1
5106 24 6875 6832 -1
5166 41 6832 6897 -1
5173 121 6832 6806 -1
5179 212 6855 6860 6832 -1
5185 120 6832 6897 6869 6860 6855 6873 -1
5188 211 6855 6832 6860 6897 6873 6803 6833 6869 -1
5189 237 6855 6832 6897 -1
5196 29 6832 -1
5215 7 6832 -1
5217 17 6832 -1
5246 29 6832 -1
5254 34 6860 6840 6832 -1
5301 42 6860 -1
5332 6 6833 -1
5423 36 6832 -1
5430 6 6833 -1
5439 39 6855 -1
5452 18 6860 -1
5454 19 6832 -1
5456 1 6833 -1
5479 12 6832 -1
5489 10 6869 6833 -1
5524 402 6850 6855 6897 6892 6832 6875 6873 6833 6869 6860 -1
5531 224 6850 6869 6803 6833 6860 6897 6832 6855 -1
5532 16 6833 6869 -1
5543 128 6873 6869 6897 6855 6860 6832 -1
5552 8 6833 6869 -1
5553 36 6860 -1
5582 105 6855 6833 -1
5630 31 6860 -1
5655 48 6833 6832 -1
5692 19 6855 -1
5697 219 6897 6860 6873 6803 6869 6855 -1
5714 42 6833 -1
5738 12 6875 -1
5739 37 6833 6869 -1
5760 3 6832 -1
5773 63 6855 6873 6850 -1
5796 173 6860 6897 6875 6869 6832 -1
5800 182 6860 6892 6890 6832 6873 6869 -1
5802 248 6832 6875 6860 6873 6869 -1
5810 26 6869 -1
5811 65 6855 6860 6850 6869 6832 6833 -1
5812 42 6855 -1
5814 106 6855 6869 6832 -1
5816 50 6832 -1
5817 30 6855 -1
5818 40 6869 6873 6875 -1
5822 81 6869 6832 6855 -1
5824 29 6855 -1
5857 62 6875 -1
5871 51 6832 -1
5872 25 6875 -1
5922 7 6875 -1
5932 35 6832 -1
5934 32 6869 6855 -1
6004 5 6832 -1
6032 70 6832 6875 -1
6068 30 6875 -1
6097 24 6832 -1
6123 18 6832 -1
6151 13 6832 -1
6169 3 6855 -1
6174 10 6832 -1
6179 7 6897 -1
6190 2 6833 -1
6198 12 6832 -1
6208 2 6805 -1
6229 18 6833 -1
6241 64 6832 6860 -1
6243 32 6832 -1
6270 57 6869 6873 6832 -1
6272 80 6832 -1
6280 31 6832 -1
6299 70 6832 6833 -1
6305 147 6803 6855 6875 6860 -1
6316 15 6832 -1
6320 17 6873 6869 -1
6323 49 6869 6832 -1
6327 71 6832 6873 -1
6346 13 6869 -1
6359 72 6860 6855 6869 6873 -1
6377 18 6855 6833 6850 -1
6380 4 6897 -1
6398 15 6869 6850 -1
6443 51 6855 6832 -1
6458 22 6869 -1
6486 57 6832 6873 -1
6488 19 6869 6873 -1
6494 70 6897 6832 6833 6873 6860 -1
6501 10 6897 -1
6510 54 6850 6809 6833 6832 -1
6518 30 6832 -1
6522 21 6869 6833 6803 6855 6873 -1
6523 31 6832 -1
6525 13 6803 -1
6526 6 6840 -1
6552 27 6832 -1
6555 33 6832 -1
6560 42 6832 -1
6563 54 6873 6860 6832 -1
6577 10 6897 -1
6595 12 6832 -1
6596 137 6875 -1
6615 119 6869 6855 6873 6832 6833 -1
6618 79 6832 6860 -1
6619 77 6897 6855 6832 -1
6620 91 6860 6897 6832 6873 -1
6624 122 6832 -1
6627 12 6833 -1
6649 23 6860 6855 6873 6869 -1
6658 5 6833 -1
6665 25 6833 -1
6671 4 6832 -1
6714 92 6833 6803 6832 -1
6717 3 6869 -1
6726 5 6869 6833 -1
6736 31 6833 6873 6860 6869 6832 6832 6850 -1
6753 4 6890 -1
6771 2 6833 -1
6772 49 6832 6803 6809 -1
6774 23 6832 -1
6784 41 6860 6855 -1
6789 9 6832 -1
6802 1 6803 -1
6807 1 6809 -1
6829 4 6833 -1
6834 2 6833 -1
6835 1 6833 -1
6836 1 6833 -1
6845 2 6850 6832 -1
6846 6 6855 6850 6860 -1
6847 1 6850 -1
6848 6 6869 -1
6854 1 6855 -1
6855 14 6832 -1
6859 10 6860 -1
6865 16 6869 6832 -1
6870 3 6873 6869 -1
6895 6 6832 6897 -1
6906 49 6832 -1
6907 183 6832 6875 -1
6913 34 6832 -1
6914 52 6832 -1
6934 51 6832 -1
7020 3 6832 -1
7047 133 6875 -1
7052 114 6875 6832 -1
7057 100 6875 -1
7061 3 6832 -1
7063 15 6832 -1
7086 111 6875 -1
7092 75 6832 -1
7121 6 6832 -1
7129 6 6832 -1
7131 23 6832 -1
7132 21 6832 -1
7188 12 6832 -1
7241 18 6875 6832 -1
7278 3 6832 -1
7280 71 6875 -1
7294 37 6832 -1
7301 18 6832 -1
7317 4 6832 -1
7327 6 6832 -1
7329 2 6832 -1
7335 13 6832 -1
7343 10 6832 -1
7347 1 6832 -1
7348 2 6832 -1
7349 1 6832 -1
7350 20 6832 -1
7351 2 6832 -1
7352 11 6832 -1
7353 1 6832 -1
7354 3 6832 -1
7355 1 6832 -1
7405 17 6875 -1
7677 8 6875 -1
7679 21 6875 -1
7682 15 6875 -1
7774 30 6875 -1
7810 7 6875 -1
7885 3 6875 -1
7901 28 6875 -1
7902 18 6875 -1
7933 3 6875 -1
8036 19 6875 -1
8060 5 6875 -1
8166 1 6875 -1
8167 1 6875 -1