11 733 3073 3059 3002 3028 3007 3005 3010 3084 3026 3024 3092 3034 -1
15 42 3005 -1
20 153 3027 -1
24 270 3028 3089 -1
36 231 3034 3089 -1
42 88 3026 -1
44 42 3028 -1
59 94 3015 -1
68 187 3034 3028 3089 3018 3034 3084 3024 3026 3021 3089 -1
71 68 3027 -1
86 101 3092 -1
87 164 3027 -1
90 63 3034 3027 -1
98 5 3002 -1
106 5 3033 -1
113 68 3034 -1
122 193 3007 3034 3084 3024 3059 3029 3010 3028 -1
127 83 3028 3009 -1
136 64 3005 -1
147 50 3059 3026 -1
166 77 3005 -1
168 7 3027 -1
172 120 3018 3020 3099 3030 3089 3009 -1
173 332 3002 -1
180 54 3010 3089 -1
193 19 3034 3005 -1
203 26 3018 -1
263 21 3092 -1
280 76 3089 -1
290 61 3005 -1
291 30 3034 3014 -1
306 215 3089 3015 3021 3005 -1
308 144 3005 -1
310 236 3028 3034 3089 3089 -1
311 312 3007 3034 3009 3089 3033 -1
313 41 3005 -1
319 193 3033 3029 -1
346 27 3034 -1
383 19 3089 3026 -1
407 101 3020 -1
417 8 3005 -1
425 49 3089 3020 -1
432 155 3033 3002 3027 3024 3059 3026 -1
449 4 3007 3010 -1
457 640 3084 3059 3020 3034 3089 3089 3010 -1
539 2 3010 -1
546 107 3005 -1
556 117 3018 -1
582 29 3073 -1
586 8 3005 -1
600 171 3033 3009 3034 3002 3034 -1
646 15 3089 -1
650 85 3034 -1
663 133 3014 3084 -1
667 18 3009 -1
668 2 3089 -1
689 27 3089 -1
704 82 3028 3005 -1
722 124 3007 3033 3034 3029 -1
737 120 3092 -1
766 709 3089 3073 3034 3034 3027 3092 3002 3089 3021 3033 3015 3005 3000 3029 3014 3010 3009 -1
769 137 3002 -1
784 205 3020 3089 3030 3089 3014 3007 -1
789 209 3089 3073 3092 3089 3027 -1
805 82 3009 -1
813 261 3034 3026 3029 3005 3034 3059 3033 3024 -1
822 11 3026 -1
825 139 3084 3024 3026 3028 -1
826 218 3099 3034 3021 3089 3029 3033 -1
827 3 3024 -1
836 26 3026 -1
838 34 3009 -1
841 22 3029 3092 -1
842 27 3018 -1
856 30 3030 -1
865 45 3089 -1
879 108 3026 3014 3059 3028 -1
904 59 3084 -1
922 147 3005 -1
946 85 3026 -1
947 21 3005 -1
974 30 3005 -1
988 257 3005 3089 3030 3007 3084 3026 3059 3009 3029 3024 3020 3033 3034 3010 3021 3028 -1
993 233 3014 -1
996 279 3027 3029 3089 -1
1000 34 3089 3015 -1
1006 130 3034 3034 -1
1024 40 3009 3033 3029 3034 -1
1032 34 3089 3024 -1
1034 34 3005 -1
1037 50 3014 -1
1055 139 3005 3089 -1
1062 157 3030 3026 3005 3021 3029 3033 3059 3024 -1
1063 29 3089 -1
1064 14 3034 -1
1075 59 3034 -1
1097 93 3014 3033 3020 3089 3027 3030 3089 -1
1098 260 3034 3005 3033 3084 3018 3030 3029 -1
1127 58 3084 -1
1132 42 3027 -1
1133 282 3034 3014 3089 3073 3002 -1
1134 3 3005 -1
1135 112 3034 -1
1137 104 3026 3059 3033 -1
1151 460 3089 3002 3089 3027 3009 3024 3005 3028 3034 3092 3026 3033 3034 -1
1166 318 3007 3002 3089 3026 3021 3034 3089 3092 3033 -1
1167 78 3033 3028 -1
1184 57 3034 -1
1200 92 3033 3021 3089 3099 3034 -1
1202 68 3034 3033 3018 -1
1204 58 3030 3002 -1
1207 24 3050 3056 -1
1210 221 3020 3027 3089 -1
1215 40 3089 -1
1221 75 3099 3021 3007 3024 -1
1236 98 3030 3005 -1
1241 33 3084 3005 -1
1247 69 3002 -1
1253 21 3033 -1
1259 41 3005 -1
1267 61 3033 -1
1279 126 3005 3009 -1
1285 24 3009 3005 -1
1291 34 3014 3021 -1
1296 9 3026 -1
1297 48 3084 3005 3024 -1
1305 227 3010 3084 3021 3033 3005 3029 3073 3030 3028 3009 3024 3018 3007 3099 3059 -1
1306 19 3059 -1
1319 185 3021 3033 3024 3005 3014 -1
1320 6 3005 -1
1356 18 3020 -1
1357 84 3033 -1
1360 10 3020 -1
1374 385 3084 3084 3005 3089 3089 -1
1381 51 3026 3059 -1
1382 9 3005 -1
1390 28 3099 3020 3009 -1
1395 192 3029 3026 3033 3059 -1
1419 29 3029 -1
1428 159 3021 3005 3033 -1
1466 24 3089 -1
1468 19 3089 -1
1470 115 3005 3002 -1
1487 115 3030 3020 3021 -1
1492 159 3033 3020 3005 -1
1496 190 3007 3033 3005 -1
1497 18 3020 -1
1501 19 3089 -1
1506 34 3020 -1
1521 104 3014 3024 3005 -1
1522 90 3059 3084 -1
1537 72 3033 3024 3005 3027 -1
1538 75 3005 -1
1542 237 3026 3092 3015 3027 3007 3014 3089 -1
1549 522 3010 3034 3084 3033 3026 3005 3059 3009 3034 3028 3027 3089 3089 3024 3007 3030 3029 -1
1550 20 3007 -1
1564 27 3030 -1
1566 42 3033 3059 3026 -1
1583 78 3034 -1
1585 80 3005 -1
1592 25 3034 -1
1608 344 3034 3021 3034 3029 3089 3089 3089 3099 3030 -1
1614 71 3034 -1
1622 39 3005 -1
1647 15 3005 -1
1691 47 3033 3000 -1
1701 98 3089 3029 3089 3026 3002 -1
1705 44 3029 3033 -1
1717 98 3007 3029 -1
1729 15 3084 -1
1733 40 3015 3089 3073 -1
1744 5 3024 -1
1748 37 3009 3026 -1
1749 63 3033 3030 3020 -1
1767 75 3033 3029 -1
1769 64 3027 -1
1772 95 3024 -1
1783 58 3030 3005 -1
1794 25 3034 -1
1795 41 3020 -1
1803 20 3002 -1
1807 6 3059 -1
1808 103 3028 -1
1813 33 3024 3034 3014 3026 3028 -1
1814 79 3034 3033 3029 -1
1820 90 3089 -1
1835 55 3002 -1
1837 26 3034 3033 -1
1848 13 3089 -1
1875 26 3029 -1
1896 50 3092 3099 3021 -1
1912 3 3026 3059 -1
1918 18 3005 3014 -1
1919 113 3033 3034 3099 -1
1922 126 3029 3024 3084 3028 3002 3059 3026 3007 3021 3030 -1
1925 22 3018 -1
1951 26 3010 -1
1972 184 3029 3059 3027 3030 3005 3024 3026 3084 3089 3009 3007 3028 -1
1980 44 3005 3029 -1
1990 29 3007 -1
1993 3 3059 -1
2001 37 3089 -1
2003 42 3092 3084 3026 -1
2009 46 3033 -1
2016 12 3026 3059 -1
2062 118 3014 3007 -1
2065 45 3002 3018 -1
2072 121 3029 3033 -1
2093 52 3029 -1
2109 27 3007 -1
2111 4 3030 -1
2114 31 3026 3028 3059 3029 3007 3084 3034 -1
2116 14 3005 -1
2120 56 3089 -1
2129 42 3024 3034 3026 -1
2133 122 3029 -1
2135 143 3010 3033 3089 3020 3034 3034 3089 3089 -1
2145 134 3005 3024 3084 3002 -1
2171 9 3021 -1
2172 24 3034 -1
2174 49 3030 -1
2186 57 3029 3021 3089 -1
2209 25 3020 -1
2210 16 3084 -1
2215 12 3018 3027 -1
2223 13 3084 -1
2225 36 3034 3007 3020 3089 3034 3089 3089 -1
2230 38 3059 3084 3033 3005 -1
2231 26 3030 -1
2233 34 3033 -1
2236 75 3020 3034 3030 3089 3099 3033 -1
2237 254 3034 3034 3028 3010 3089 3033 3014 3089 3024 3021 3089 3026 3029 3005 3059 3084 -1
2240 106 3024 3014 3030 3005 3020 -1
2251 23 3020 -1
2252 15 3005 3026 -1
2256 125 3028 3005 3030 -1
2258 90 3089 -1
2272 31 3034 3089 3089 -1
2277 6 3089 3089 -1
2290 95 3005 3059 3024 3010 3009 3007 -1
2297 150 3005 3033 3034 3089 3014 3020 3024 3059 3009 3026 -1
2298 26 3028 -1
2299 65 3026 3030 -1
2307 4 3024 -1
2323 54 3028 3020 3005 -1
2326 249 3026 3021 3020 3009 3010 3059 3005 3007 3028 3084 3030 3024 -1
2328 205 3010 3026 3014 3028 3005 3024 3034 -1
2332 20 3020 -1
2356 57 3026 3024 3033 3084 3005 3007 3028 -1
2360 2 3005 -1
2365 58 3009 3030 3005 3020 3028 -1
2368 17 3021 3018 -1
2369 134 3002 -1
2371 93 3026 3059 3029 3033 3034 3007 -1
2376 22 3024 3005 -1
2379 46 3099 3005 -1
2381 37 3089 3089 3007 3089 -1
2384 65 3007 3028 -1
2387 52 3089 3089 3014 -1
2398 56 3024 3026 3084 -1
2410 27 3027 -1
2411 96 3014 3024 3084 3029 3028 3005 3034 3030 -1
2416 22 3029 -1
2435 29 3034 3089 3030 -1
2440 43 3084 3026 3007 3034 -1
2472 76 3089 3099 -1
2473 83 3033 3029 -1
2474 101 3024 3029 3034 3033 -1
2475 2 3026 -1
2476 35 3099 3056 3068 3033 3034 3029 -1
2485 286 3073 3029 3024 3034 3009 3059 3028 3020 3027 3007 3026 3005 3010 -1
2488 20 3018 -1
2497 37 3050 3089 3010 -1
2502 22 3018 3002 -1
2504 82 3084 3020 3092 3034 3009 3002 -1
2507 64 3033 3005 3034 3021 3015 -1
2510 69 3034 3005 3030 -1
2516 36 3026 -1
2518 4 3024 -1
2541 27 3068 3029 -1
2542 73 3028 3021 -1
2545 7 3026 -1
2546 28 3034 -1
2547 64 3089 3034 3034 -1
2548 12 3005 -1
2549 63 3024 3007 3002 3005 3033 3029 -1
2557 77 3014 -1
2558 2 3020 -1
2559 54 3029 3034 -1
2560 89 3009 3034 3073 3084 3024 -1
2564 49 3027 -1
2565 827 3029 3059 3089 3021 3007 3073 3068 3034 3056 3084 3030 3050 3005 3092 3026 3024 3009 3020 3089 3034 3000 3099 3033 3028 3002 3018 3027 3010 -1
2576 138 3005 3021 3084 3033 3092 3089 3099 -1
2585 46 3089 3028 3005 3030 3024 -1
2593 26 3026 -1
2594 42 3089 3005 3030 -1
2595 42 3089 3034 -1
2596 13 3073 -1
2599 9 3009 -1
2605 58 3033 3029 -1
2609 6 3002 -1
2613 17 3059 -1
2617 22 3029 -1
2618 50 3030 -1
2619 44 3084 3028 -1
2623 47 3024 -1
2646 30 3029 3099 -1
2651 216 3084 3020 3005 3024 3021 3026 3029 3028 3009 3030 3059 3007 3010 -1
2653 102 3028 3005 3009 3026 3084 3007 3059 3024 -1
2654 56 3005 3010 3026 3007 -1
2657 35 3005 3084 -1
2658 231 3010 3000 3002 3092 3005 -1
2659 5 3005 -1
2660 148 3014 3089 3030 3005 3089 3027 3010 3089 3020 -1
2667 93 3089 3092 3015 -1
2674 83 3034 3026 3029 3024 3007 -1
2686 120 3028 3020 3007 3021 3089 3089 3009 -1
2688 516 3026 3005 3084 3014 3033 3015 3034 3009 3020 3092 3059 3027 3028 3024 3089 3034 3089 3010 3021 3007 3030 3089 3002 -1
2689 34 3024 3089 3010 -1
2691 39 3014 3092 -1
2692 18 3030 -1
2693 132 3002 3009 3014 3021 3030 3010 3092 3018 3005 3007 -1
2696 61 3026 3021 3059 3020 -1
2697 45 3024 3030 3084 3005 3026 -1
2698 5 3030 3020 -1
2699 63 3024 3018 3059 3084 3026 3009 -1
2700 113 3059 3005 3007 3026 3021 3030 3084 3024 3028 3010 -1
2702 39 3089 3089 3099 -1
2703 42 3020 3021 -1
2704 40 3033 3034 -1
2706 13 3007 -1
2707 100 3024 3020 3033 3002 3015 3034 3073 -1
2708 5 3002 3030 -1
2713 166 3026 3028 3024 3009 3059 3030 3007 3021 3084 3005 -1
2727 35 3028 3007 3014 -1
2737 16 3089 -1
2747 65 3026 3005 3010 3024 3007 -1
2774 45 3089 3084 -1
2775 36 3089 3034 -1
2790 145 3028 3009 3030 3021 3059 3005 3024 3036 3084 3089 -1
2792 17 3007 -1
2815 10 3029 -1
2822 29 3059 3033 3029 -1
2832 27 3029 -1
2842 93 3010 3005 3028 3009 3020 3024 -1
2851 45 3015 -1
2856 2 3089 -1
2859 90 3034 3073 3024 3028 -1
2860 5 3018 -1
2867 1 3027 -1
2871 165 3024 3029 3033 3005 3084 3026 3034 3073 3028 3010 3092 -1
2872 54 3084 3028 3005 3024 -1
2883 18 3021 -1
2889 11 3027 -1
2900 28 3089 -1
2906 4 3084 3059 -1
2908 11 3018 -1
2909 51 3033 -1
2912 26 3020 3034 3099 3021 3033 -1
2913 9 3005 -1
2923 33 3026 3020 3028 -1
2932 50 3059 3028 -1
2935 30 3002 -1
2940 91 3026 3028 3005 3009 -1
2947 10 3029 -1
2948 23 3089 3033 -1
2958 48 3089 3084 3005 3089 -1
2964 59 3021 3033 3034 -1
2967 232 3014 3026 3007 3073 3029 3059 3002 3010 3034 3009 3005 -1
2968 37 3026 -1
2969 3 3028 -1
2972 271 3089 3027 3002 3028 3089 3092 -1
2974 15 3099 -1
2983 18 3014 -1
2988 56 3059 3026 -1
2989 10 3026 3059 -1
2995 4 3029 -1
3000 31 3021 -1
3005 27 3024 3030 -1
3006 29 3021 3030 3020 3029 -1
3010 118 3033 3089 3007 3059 3024 3009 3026 3005 3084 3028 3030 -1
3015 30 3020 -1
3018 18 3099 3034 3084 -1
3020 48 3089 3030 3099 3021 -1
3024 47 3005 3029 -1
3026 151 3073 3084 3028 3024 3029 3059 3014 3033 3027 3092 3007 -1
3027 31 3029 3089 -1
3028 99 3026 3009 3084 3029 3007 -1
3029 1 3027 -1
3031 42 3005 -1
3032 205 3026 3089 3005 3089 3020 3027 -1
3033 38 3026 3059 3024 3089 -1
3034 38 3089 3089 3089 3005 3014 3092 -1
3037 7 3089 3089 3089 3021 -1
3039 14 3005 -1
3040 6 3021 -1
3041 14 3030 -1
3046 10 3050 3018 -1
3047 10 3034 3033 3099 -1
3051 1 3056 -1
3052 1 3056 -1
3053 8 3056 -1
3054 1 3056 -1
3055 42 3026 3059 3009 3028 3005 3034 3024 3010 -1
3056 34 3002 3034 3099 3033 3009 -1
3057 36 3007 3024 -1
3059 34 3026 3033 -1
3060 4 3033 -1
3061 2 3033 -1
3062 30 3089 3033 -1
3063 2 3082 -1
3073 33 3034 3002 3021 -1
3077 4 3034 3099 -1
3083 2 3034 -1
3084 52 3026 3089 3059 3005 -1
3085 1 3034 -1
3086 7 3034 -1
3087 7 3034 3089 -1
3088 24 3089 3005 3034 -1
3089 4 3034 -1
3090 10 3034 -1
3091 1 3034 -1
3092 52 3027 3034 -1
3093 1 3099 -1
3094 5 3089 3099 -1
3095 25 3099 -1
3096 3 3099 -1
3110 19 3028 -1
3123 3 3020 -1
3125 16 3005 -1
3127 12 3028 -1
3142 41 3005 -1
3144 66 3021 3028 3059 3026 -1
3145 17 3089 3034 -1
3168 69 3007 3020 -1
3172 13 3028 3007 -1
3175 34 3059 3024 3026 -1
3188 8 3028 -1
3191 55 3027 3002 -1
3192 39 3024 3092 3026 3059 -1
3196 19 3059 -1
3199 13 3028 -1
3209 32 3005 -1
3225 13 3020 -1
3227 20 3089 -1
3238 22 3084 -1
3252 33 3059 3024 3028 3009 -1
3256 20 3020 3021 -1
3258 69 3034 3015 3005 -1
3260 8 3030 -1
3262 8 3034 -1
3272 2 3030 -1
3274 60 3015 3084 -1
3276 60 3028 3026 3007 3034 3014 3024 3021 -1
3284 7 3089 3024 -1
3288 1 3020 -1
3291 56 3014 3059 3089 -1
3297 39 3007 3021 -1
3300 5 3021 -1
3301 15 3059 3026 -1
3304 31 3018 3010 3005 -1
3317 15 3024 -1
3321 16 3084 -1
3331 1 3030 -1
3332 1 3030 -1
3333 14 3030 -1
3334 11 3030 -1
3343 10 3028 3005 -1
3345 36 3021 -1
3346 4 3021 -1
3350 55 3028 3002 3034 3027 -1
3352 165 3092 3005 3084 3024 3007 3026 3059 3027 3009 3028 -1
3366 31 3027 3014 -1
3375 36 3026 3005 -1
3379 19 3009 -1
3380 33 3005 -1
3381 177 3000 -1
3386 11 3005 3089 3028 -1
3390 47 3073 -1
3392 26 3084 3024 -1
3394 121 3005 3014 3084 3027 3010 -1
3395 1 3018 -1
3396 2 3018 -1
3397 2 3018 -1
3398 1 3018 -1
3399 3 3018 -1
3400 1 3018 -1
3401 1 3018 -1
3402 88 3092 3002 3018 3014 3027 3034 -1
3404 73 3010 3089 3027 3059 -1
3439 69 3009 3026 3084 -1
3443 13 3026 -1
3447 214 3014 3089 3034 3092 3027 3015 -1
3449 306 3014 3034 3027 3015 3073 3092 3002 3089 -1
3450 27 3034 3014 -1
3451 49 3073 -1
3452 91 3073 3092 -1
3453 241 3092 3089 3027 3073 3034 3002 -1
3454 124 3084 3028 -1
3455 59 3073 3002 3034 -1
3456 250 3014 3034 3092 3027 3089 -1
3457 97 3084 3073 3002 3092 3027 3028 -1
3458 61 3026 3005 3002 -1
3459 73 3015 3027 3089 -1
3461 49 3034 3073 3089 -1
3463 54 3014 3073 3034 3027 -1
3469 21 3084 3073 3028 -1
3477 45 3024 3010 3005 -1
3478 42 3089 -1
3479 83 3027 3005 3002 3009 3084 3089 3073 -1
3480 12 3007 -1
3481 11 3059 -1
3482 10 3028 -1
3483 16 3026 -1
3488 14 3084 -1
3498 96 3015 -1
3508 7 3026 -1
3513 3 3009 -1
3519 49 3007 3028 3092 3024 3026 3084 -1
3521 23 3005 -1
3523 15 3005 3010 -1
3525 13 3005 3059 -1
3527 47 3026 3007 3059 3010 3028 3024 3084 -1
3528 7 3024 -1
3541 62 3084 3005 3007 3026 3059 3028 -1
3554 3 3009 -1
3555 11 3024 3009 3026 -1
3557 7 3028 3084 -1
3562 38 3024 3005 -1
3568 128 3010 3015 -1
3571 39 3059 -1
3576 5 3026 -1
3586 135 3084 -1
3591 12 3014 -1
3597 11 3026 3059 3010 -1
3601 41 3027 3089 -1
3603 10 3002 -1
3611 19 3005 3059 -1
3614 187 3027 3002 3034 3089 3089 -1
3615 113 3026 3059 3024 3007 -1
3622 22 3059 3084 3028 3024 3026 -1
3624 49 3026 3007 3024 -1
3629 4 3010 -1
3630 30 3005 3024 -1
3631 70 3084 3026 3007 -1
3633 26 3028 -1
3635 33 3007 -1
3639 11 3026 -1
3641 194 3014 3084 3027 3002 3089 3026 3059 3024 -1
3642 291 3089 3084 -1
3643 35 3024 3089 -1
3647 13 3007 3024 3028 -1
3655 7 3002 -1
3658 38 3089 3005 -1
3659 32 3028 3059 3084 3026 -1
3660 67 3002 -1
3661 28 3024 3026 3007 -1
3665 13 3028 -1
3666 125 3089 3024 3026 3089 -1
3678 13 3059 -1
3682 20 3024 -1
3709 7 3026 -1
3714 15 3010 -1
3715 1 3010 -1
3717 1 3010 -1
3718 1 3005 -1
3719 14 3005 -1
3724 69 3026 3059 -1
3726 3 3092 -1
3728 71 3089 3034 -1
3744 1 3024 -1
3748 26 3026 3059 -1
3750 2 3007 -1
3751 10 3028 -1
3754 6 3026 3059 -1
3766 5 3028 3034 -1
3775 10 3024 -1
3785 15 3026 -1
3786 72 3089 -1
3787 233 3073 3014 3089 3089 3007 3084 3034 -1
3792 19 3034 -1
3794 44 3092 -1
3796 107 3002 3092 3034 3014 -1
3798 18 3007 3028 -1
3799 6 3028 3007 -1
3800 3 3028 -1
3802 5 3024 3084 -1
3806 31 3024 -1
3812 32 3024 -1
3815 14 3024 -1
3821 2 3007 -1
3830 18 3014 -1
3839 5 3014 -1
3842 12 3024 3007 -1
3854 79 3034 3089 3024 3059 3026 -1
3858 1 3059 -1
3862 2 3059 -1
3863 5 3026 3059 -1
3864 1 3059 -1
3865 2 3059 -1
3873 3 3084 -1
3876 3 3026 -1
3881 1 3026 -1
3902 16 3034 -1
3919 14 3024 -1
3952 1 3024 -1
3953 1 3024 -1
3954 2 3024 -1
3955 2 3024 -1
3956 55 3024 3089 -1
3965 79 3073 3027 -1
3976 43 3034 3014 -1
3995 53 3015 3089 -1
4008 7 3089 3089 -1
4036 139 3027 3000 -1
4040 71 3089 -1
4041 54 3089 3015 3089 -1
4044 53 3073 3014 -1
4045 244 3089 3015 3034 3002 3092 3073 -1
4046 40 3002 -1
4065 104 3015 3002 -1
4070 56 3092 -1
4073 90 3014 -1
4077 63 3034 3092 3027 -1
4099 101 3092 -1
4116 8 3002 -1
4127 42 3014 -1
4142 30 3034 -1
4149 2 3089 -1
4150 13 3073 -1
4151 79 3034 3027 3073 -1
4152 34 3014 -1
4219 101 3092 3014 3002 -1
4221 41 3014 -1
4273 19 3014 -1
4276 47 3027 3089 3092 -1
4310 225 3027 3000 3089 3084 -1
4326 5 3089 -1
4329 9 3092 -1
4335 28 3084 -1
4353 69 3015 3027 -1
4355 40 3092 3089 -1
4377 11 3034 -1
4415 15 3073 -1
4430 4 3014 -1
4441 186 3092 3002 -1
4442 15 3014 -1
4447 12 3084 -1
4448 32 3014 -1
4483 137 3089 -1
4487 6 3089 -1
4488 35 3084 -1
4547 41 3014 -1
4550 81 3027 3089 3092 -1
4563 11 3092 -1
4574 37 3084 -1
4582 4 3014 -1
4588 9 3014 -1
4615 1 3014 -1
4616 6 3014 3089 -1
4617 1 3014 -1
4618 3 3034 3014 -1
4632 202 3000 3084 -1
4644 1 3034 -1
4653 80 3089 -1
4662 44 3073 -1
4666 23 3089 -1
4688 59 3073 3002 -1
4712 91 3015 3089 -1
4717 57 3089 -1
4718 31 3089 -1
4725 33 3002 -1
4726 12 3027 -1
4741 3 3002 -1
4746 7 3002 -1
4764 52 3000 3084 3089 -1
4781 28 3089 -1
4792 45 3084 -1
4818 15 3002 -1
4824 88 3089 -1
4828 105 3089 -1
4829 57 3089 3027 -1
4859 29 3092 -1
4866 2 3073 -1
4894 34 3015 -1
4899 160 3092 3002 3089 3027 3084 -1
4924 9 3015 -1
4937 14 3002 -1
4948 194 3027 3092 3089 3015 3002 -1
4964 51 3015 3089 -1
4967 317 3089 3015 3092 3027 3089 3002 -1
4973 7 3002 -1
4974 41 3027 3089 3002 -1
4976 20 3089 -1
4981 49 3084 -1
4982 27 3092 -1
4992 4 3002 -1
4994 17 3015 -1
5008 23 3089 -1
5009 14 3027 -1
5013 6 3027 -1
5020 45 3027 3089 -1
5022 173 3015 -1
5029 21 3027 -1
5037 18 3089 -1
5038 5 3002 -1
5039 7 3002 -1
5040 2 3002 -1
5051 8 3084 -1
5079 240 3084 3015 3089 -1
5110 84 3092 -1
5117 1 3092 -1
5118 9 3092 3027 -1
5119 18 3092 -1
5121 9 3089 -1
5123 60 3015 -1
5126 3 3092 -1
5166 41 3084 -1
5171 40 3089 -1
5176 100 3089 3089 3027 -1
5177 92 3089 3084 -1
5179 212 3000 3084 -1
5180 47 3089 -1
5184 64 3089 3027 -1
5185 120 3015 -1
5189 237 3089 3089 3015 3027 -1
5190 56 3027 -1
5203 12 3027 -1
5207 9 3089 -1
5233 19 3027 -1
5243 11 3027 -1
5246 29 3089 3089 -1
5254 34 3089 -1
5262 35 3089 -1
5263 74 3089 3027 -1
5282 4 3089 -1
5296 15 3089 -1
5313 11 3027 -1
5316 22 3089 -1
5320 6 3027 -1
5344 2 3027 -1
5360 9 3027 -1
5382 19 3027 -1
5386 3 3027 -1
5391 14 3027 -1
5396 9 3089 -1
5399 8 3089 -1
5427 34 3089 -1
5436 1 3027 -1
5437 24 3027 -1
5438 1 3027 -1
5439 39 3027 -1
5440 1 3027 -1
5445 39 3015 3000 -1
5446 21 3015 -1
5455 7 3089 -1
5457 20 3089 -1
5484 18 3089 -1
5524 402 3000 3089 3084 3015 -1
5531 224 3015 3089 3000 -1
5543 128 3015 3089 -1
5582 105 3015 -1
5612 38 3084 -1
5630 31 3015 -1
5655 48 3084 3089 -1
5680 2 3089 -1
5684 17 3089 -1
5691 49 3089 3015 -1
5697 219 3089 3084 -1
5704 2 3089 -1
5739 37 3015 -1
5783 15 3089 -1
5787 29 3089 -1
5796 173 3089 3015 3084 -1
5800 182 3084 3000 -1
5804 22 3000 -1
5810 26 3084 -1
5814 106 3089 3084 -1
5818 40 3015 -1
5819 52 3089 -1
5836 8 3089 -1
5857 62 3089 -1
5862 24 3089 -1
5871 51 3089 3084 -1
5930 1 3089 -1
5932 35 3089 -1
5933 4 3089 -1
5934 32 3089 -1
5935 6 3089 -1
5936 2 3089 -1
5937 1 3089 -1
5938 2 3089 -1
5939 2 3089 -1
5940 12 3089 -1
5941 1 3089 -1
5999 16 3084 -1
6000 8 3084 -1
6020 23 3015 -1
6043 38 3084 3015 -1
6075 16 3015 -1
6156 20 3015 -1
6305 147 3084 -1
6421 15 3084 -1
6494 70 3084 -1
6510 54 3084 -1
6523 31 3084 -1
6560 42 3084 -1
6624 122 3000 -1
6774 23 3084 -1
6855 14 3084 -1
6907 183 3000 3084 -1
6941 35 3000 -1
6993 75 3084 -1
7053 19 3084 -1
7054 21 3000 -1
7055 95 3000 -1
7057 100 3084 3000 -1
7080 58 3084 -1
7231 87 3000 3084 -1
7236 16 3084 -1
7239 21 3000 -1
7279 17 3000 -1
7294 37 3084 -1
7378 40 3084 -1
7426 1 3000 -1
7471 9 3084 -1
7614 37 3084 -1
7808 12 3084 -1