11 733 5130 5132 5100 5144 5106 -1
36 231 5144 -1
68 187 5123 5188 5179 -1
109 166 5179 5188 5140 -1
113 68 5178 -1
122 193 5155 -1
136 64 5140 -1
145 15 5189 -1
173 332 5130 5100 5106 -1
270 14 5106 -1
305 6 5130 -1
306 215 5123 5182 -1
311 312 5179 -1
319 193 5178 5182 -1
395 37 5199 -1
432 155 5130 -1
457 640 5121 5199 5130 5140 5178 5189 5188 5100 5179 5148 -1
580 28 5103 5144 5106 -1
634 106 5106 5103 -1
663 133 5144 -1
737 120 5132 5144 5199 5179 5188 -1
758 2 5130 -1
762 42 5162 5148 -1
766 709 5106 5199 5178 5182 5155 5132 5189 5130 5100 5144 5148 5123 5188 5103 5140 5121 -1
789 209 5178 5182 5100 5155 5123 5130 -1
813 261 5103 5100 5123 -1
816 25 5132 -1
825 139 5123 -1
831 12 5162 -1
935 19 5106 -1
993 233 5100 -1
996 279 5162 -1
1004 8 5178 -1
1042 38 5155 -1
1074 75 5188 5140 -1
1111 42 5178 -1
1133 282 5121 5182 5103 5100 5189 5123 5106 -1
1151 460 5178 5100 5182 5188 5121 -1
1166 318 5188 5100 -1
1204 58 5199 -1
1210 221 5100 -1
1247 69 5189 -1
1286 55 5106 -1
1305 227 5155 -1
1374 385 5123 5199 5176 5155 5148 5189 5123 -1
1401 3 5103 -1
1467 8 5144 -1
1470 115 5130 -1
1496 190 5106 5178 -1
1542 237 5178 5140 5144 5123 5103 5155 -1
1549 522 5123 5100 5155 -1
1608 344 5100 -1
1623 36 5140 5130 -1
1639 36 5189 5162 -1
1667 32 5178 5103 -1
1688 24 5106 -1
1691 47 5178 5100 -1
1697 42 5178 -1
1701 98 5123 5188 -1
1720 13 5103 5106 -1
1722 14 5106 -1
1734 47 5178 -1
1737 6 5178 -1
1748 37 5100 -1
1767 75 5100 -1
1799 42 5178 -1
1823 45 5130 5188 -1
1835 55 5100 -1
1847 46 5132 5188 -1
1891 23 5144 -1
1915 16 5121 5100 5106 -1
1922 126 5130 5132 5106 -1
1972 184 5155 5188 -1
1982 26 5188 -1
1990 29 5188 -1
2003 42 5144 -1
2009 46 5162 -1
2011 2 5162 -1
2037 6 5140 5103 -1
2065 45 5100 -1
2085 28 5162 -1
2092 6 5162 -1
2095 6 5162 -1
2102 31 5176 -1
2109 27 5100 -1
2118 114 5130 -1
2135 143 5155 5100 -1
2145 134 5130 -1
2186 57 5103 5199 -1
2237 254 5162 5155 5178 5130 5100 -1
2249 38 5199 -1
2256 125 5178 -1
2258 90 5199 5121 5182 -1
2264 51 5100 -1
2299 65 5148 -1
2326 249 5100 5106 -1
2328 205 5188 -1
2369 134 5182 5189 5123 -1
2384 65 5162 5106 -1
2387 52 5189 -1
2410 27 5178 -1
2452 29 5179 -1
2485 286 5144 5178 5106 5100 5189 5103 -1
2504 82 5189 -1
2516 36 5130 -1
2565 827 5106 5144 5199 5189 5130 5179 5100 5148 5132 -1
2566 6 5130 -1
2576 138 5148 -1
2585 46 5121 -1
2595 42 5178 -1
2605 58 5188 5106 5189 -1
2623 47 5121 5176 -1
2651 216 5100 5130 -1
2658 231 5144 5106 5132 5162 5130 -1
2660 148 5123 5182 -1
2667 93 5189 5179 5123 5103 5121 -1
2680 6 5103 -1
2686 120 5123 -1
2688 516 5188 5182 5103 5106 5100 5189 5144 5132 5155 5130 5178 5123 5179 -1
2689 34 5155 5100 -1
2693 132 5144 5130 -1
2699 63 5100 -1
2702 39 5103 -1
2738 3 5179 -1
2747 65 5144 -1
2760 20 5100 -1
2774 45 5121 5123 -1
2775 36 5123 5182 5100 -1
2790 145 5130 -1
2793 6 5178 -1
2831 39 5144 -1
2855 13 5100 -1
2871 165 5130 5144 5106 -1
2889 11 5155 -1
2909 51 5189 5155 5123 -1
2932 50 5103 -1
2953 10 5106 -1
2967 232 5132 5106 5100 5176 5130 -1
2972 271 5132 5155 5130 5144 5106 5100 5199 5140 5178 -1
2988 56 5178 -1
3000 31 5182 5178 5123 -1
3002 5 5123 -1
3007 8 5106 -1
3009 38 5182 -1
3010 118 5130 -1
3027 31 5178 -1
3032 205 5178 -1
3034 38 5100 -1
3035 13 5162 -1
3092 52 5123 5144 5178 -1
3110 19 5130 -1
3209 32 5182 -1
3227 20 5140 -1
3238 22 5100 -1
3258 69 5130 -1
3274 60 5144 5123 5123 -1
3345 36 5123 5182 -1
3350 55 5189 -1
3352 165 5130 -1
3378 37 5178 -1
3381 177 5199 5188 -1
3386 11 5100 -1
3394 121 5189 5130 -1
3402 88 5106 5130 -1
3404 73 5106 5100 -1
3439 69 5188 -1
3445 15 5100 5182 -1
3447 214 5189 5179 5188 5144 5123 5106 5178 -1
3449 306 5144 5106 5155 5132 5130 5162 5100 5123 5182 5178 5189 5103 -1
3452 91 5178 5106 5121 5155 -1
3453 241 5100 5130 5189 5188 5140 5144 5178 5182 5106 -1
3455 59 5100 -1
3456 250 5144 5132 5188 5130 5100 5106 5123 5178 5176 5155 -1
3459 73 5155 5103 5178 5199 5144 -1
3460 17 5178 -1
3463 54 5106 -1
3478 42 5179 -1
3479 83 5130 -1
3498 96 5155 5189 -1
3519 49 5144 -1
3568 128 5130 -1
3571 39 5106 5103 -1
3586 135 5123 5178 5199 5188 5103 -1
3601 41 5189 -1
3614 187 5155 5100 5182 5106 5103 5121 5178 5123 -1
3615 113 5121 5132 5130 -1
3634 57 5155 -1
3641 194 5182 5121 5103 -1
3642 291 5188 5182 5123 5103 5178 5121 5179 5140 -1
3643 35 5103 -1
3658 38 5140 -1
3660 67 5130 5132 -1
3666 125 5100 5189 5130 -1
3728 71 5100 -1
3743 8 5123 -1
3751 10 5178 -1
3786 72 5155 -1
3787 233 5148 5162 -1
3796 107 5130 5182 5123 5106 5100 5144 -1
3798 18 5155 5178 -1
3813 72 5106 5132 -1
3830 18 5100 -1
3871 5 5162 -1
3910 14 5123 -1
3919 14 5188 5121 -1
3956 55 5130 5100 -1
3965 79 5130 5178 -1
3969 58 5182 -1
3976 43 5123 -1
3995 53 5155 5188 5178 5144 -1
4013 4 5123 -1
4036 139 5189 -1
4040 71 5178 5123 -1
4041 54 5178 5121 -1
4045 244 5182 5121 5188 5132 5123 5100 5103 5106 5130 5140 5144 -1
4055 3 5106 -1
4063 26 5123 5178 -1
4065 104 5178 -1
4070 56 5106 5182 5100 -1
4073 90 5130 5189 5140 5178 -1
4076 52 5130 5132 5106 -1
4077 63 5106 5155 5130 5100 -1
4082 15 5182 -1
4099 101 5123 5100 5189 5188 5178 -1
4138 59 5189 5155 -1
4144 38 5144 -1
4151 79 5100 5188 5144 5115 -1
4152 34 5144 -1
4211 39 5199 -1
4212 30 5130 5178 5123 -1
4219 101 5144 5162 5132 5106 5130 -1
4222 28 5132 -1
4276 47 5144 5189 -1
4295 16 5100 5144 -1
4308 2 5140 5162 -1
4310 225 5182 5179 5155 5189 5188 5123 5178 5199 -1
4329 9 5106 -1
4335 28 5121 5144 -1
4353 69 5189 5155 5178 -1
4354 4 5100 -1
4355 40 5155 -1
4364 14 5199 -1
4371 4 5100 -1
4432 8 5103 -1
4437 33 5199 -1
4441 186 5100 5106 5132 5148 5130 5144 5140 -1
4442 15 5100 -1
4443 4 5179 -1
4448 32 5144 -1
4455 16 5178 -1
4483 137 5155 5148 5188 5123 -1
4509 11 5106 5100 -1
4527 6 5176 5130 -1
4532 6 5179 -1
4534 16 5178 -1
4536 58 5100 5189 -1
4547 41 5144 -1
4550 81 5123 5155 5189 -1
4557 15 5182 -1
4563 11 5130 5132 -1
4574 37 5182 5179 -1
4587 25 5130 -1
4592 3 5133 -1
4598 34 5121 5178 -1
4600 15 5189 -1
4604 3 5188 -1
4632 202 5178 5123 5189 5100 5121 -1
4647 9 5123 -1
4652 4 5144 -1
4653 80 5162 5123 5189 -1
4662 44 5123 -1
4673 68 5140 5106 5188 -1
4686 40 5155 5100 5130 5106 -1
4693 2 5162 -1
4710 7 5100 -1
4712 91 5178 5155 5189 5123 -1
4717 57 5123 5178 -1
4718 31 5123 -1
4725 33 5106 5144 5130 5132 -1
4746 7 5178 -1
4748 19 5182 -1
4764 52 5123 5106 -1
4781 28 5178 -1
4792 45 5148 -1
4795 66 5123 -1
4813 45 5140 -1
4814 16 5199 -1
4818 15 5162 -1
4821 1 5162 -1
4824 88 5123 5155 5103 5182 -1
4828 105 5178 5123 5155 -1
4829 57 5155 -1
4846 24 5106 5189 -1
4852 3 5178 -1
4853 3 5162 -1
4859 29 5106 5130 5144 -1
4894 34 5189 5123 5121 -1
4899 160 5182 5189 5123 5199 5155 5140 5100 5132 5144 5103 5130 5106 5178 -1
4929 4 5144 -1
4936 2 5144 -1
4938 13 5162 -1
4943 31 5100 -1
4948 194 5130 5162 5189 5148 5144 5106 5100 -1
4964 51 5106 5100 -1
4966 25 5106 5162 5144 -1
4967 317 5100 5144 5103 5121 5189 5140 5182 5178 5106 5155 5123 5179 5130 5188 -1
4974 41 5130 5144 5123 -1
4976 20 5100 -1
4980 12 5178 -1
4981 49 5188 -1
4982 27 5115 5144 5100 -1
4988 22 5178 5106 -1
4993 3 5144 -1
4994 17 5199 -1
5002 116 5189 5182 5199 5144 5148 5188 -1
5006 16 5132 -1
5008 23 5130 5144 5189 -1
5009 14 5130 -1
5015 9 5199 -1
5016 8 5100 5162 -1
5020 45 5130 5178 -1
5022 173 5178 5140 5182 5188 5179 5121 -1
5029 21 5155 -1
5037 18 5123 -1
5050 7 5130 -1
5070 3 5123 -1
5078 3 5130 -1
5079 240 5100 5121 5178 5130 5188 5189 5123 5199 5148 5144 -1
5095 2 5100 -1
5096 14 5100 -1
5097 1 5100 -1
5098 2 5100 -1
5102 48 5103 5182 5106 5188 -1
5103 118 5178 5106 5148 -1
5104 3 5106 -1
5105 1 5106 -1
5106 24 5103 -1
5110 84 5176 5132 5178 5123 5123 5182 5162 5144 5130 -1
5111 3 5130 -1
5119 18 5130 5132 5144 -1
5121 9 5130 -1
5122 1 5130 -1
5123 60 5182 5130 5178 -1
5124 1 5130 -1
5125 16 5130 5178 -1
5126 3 5144 5130 -1
5138 1 5144 -1
5139 8 5144 5182 -1
5140 50 5144 5188 -1
5141 1 5144 -1
5142 4 5144 -1
5153 5 5188 -1
5154 2 5162 -1
5155 16 5162 -1
5158 1 5162 -1
5159 1 5162 -1
5160 9 5162 -1
5161 1 5162 -1
5163 1 5162 -1
5164 2 5162 -1
5166 41 5162 -1
5171 40 5189 5188 -1
5172 18 5178 -1
5173 121 5179 5199 -1
5175 20 5189 -1
5176 100 5123 5155 5103 5123 5189 5182 -1
5177 92 5123 5179 5188 5140 5178 -1
5179 212 5178 5121 5188 5103 -1
5180 47 5123 5182 -1
5181 29 5188 -1
5182 14 5123 -1
5184 64 5155 5189 -1
5185 120 5178 5188 5123 -1
5187 28 5123 -1
5188 211 5199 5189 5179 5140 -1
5189 237 5182 5123 5178 5103 5140 5121 5155 -1
5190 56 5155 5182 5123 5189 -1
5193 15 5188 -1
5194 9 5178 -1
5196 29 5178 -1
5198 5 5123 -1
5217 17 5178 5123 -1
5226 13 5123 -1
5246 29 5182 -1
5254 34 5178 -1
5262 35 5123 5178 -1
5263 74 5182 -1
5285 20 5189 5155 -1
5295 23 5199 -1
5296 15 5155 -1
5301 42 5121 5188 -1
5312 9 5189 -1
5313 11 5155 -1
5316 22 5140 -1
5320 6 5199 -1
5321 13 5189 -1
5339 3 5123 -1
5360 9 5123 -1
5382 19 5189 5155 5182 -1
5391 14 5178 -1
5400 4 5178 -1
5423 36 5179 -1
5427 34 5178 -1
5437 24 5182 5123 -1
5439 39 5140 -1
5455 7 5155 -1
5472 15 5155 -1
5473 1 5155 -1
5479 12 5182 -1
5482 12 5189 -1
5484 18 5178 -1
5485 13 5178 -1
5524 402 5199 5178 5121 5140 5188 5148 5179 -1
5531 224 5199 5140 5179 5178 5188 5103 5121 5123 -1
5534 11 5178 -1
5543 128 5199 5121 5123 5182 5103 5178 -1
5549 7 5178 -1
5550 12 5178 -1
5553 36 5178 -1
5562 3 5189 -1
5565 3 5189 5188 -1
5566 1 5189 -1
5582 105 5140 -1
5596 11 5103 -1
5630 31 5178 5121 -1
5647 3 5123 -1
5655 48 5103 5199 -1
5662 3 5182 -1
5668 1 5178 -1
5684 17 5182 5176 -1
5691 49 5123 -1
5696 49 5178 5121 -1
5697 219 5178 5182 5188 5199 5123 -1
5707 4 5123 -1
5709 4 5140 -1
5768 11 5178 -1
5769 4 5123 -1
5770 5 5178 -1
5783 15 5178 -1
5787 29 5182 5103 5179 -1
5796 173 5121 5140 5103 5178 5179 5179 -1
5800 182 5199 5179 -1
5802 248 5140 5179 5199 5148 5188 -1
5811 65 5140 -1
5814 106 5188 -1
5818 40 5178 -1
5819 52 5178 5140 -1
5822 81 5178 5188 5199 -1
5824 29 5182 -1
5827 14 5123 -1
5829 11 5123 -1
5839 36 5188 -1
5855 8 5123 -1
5857 62 5188 5103 -1
5862 24 5188 -1
5871 51 5178 5182 -1
5873 5 5123 -1
5877 7 5123 -1
5884 2 5123 -1
5896 3 5182 -1
5899 2 5123 -1
5902 1 5123 -1
5903 1 5123 -1
5916 4 5182 -1
5922 7 5103 -1
5932 35 5121 -1
5935 6 5178 -1
5946 3 5182 -1
5952 14 5182 -1
5961 9 5188 -1
5998 80 5140 5148 5179 -1
6001 5 5121 -1
6007 3 5103 -1
6020 23 5178 -1
6032 70 5148 5199 -1
6038 6 5188 -1
6043 38 5103 5121 -1
6068 30 5179 -1
6073 1 5103 -1
6074 1 5103 -1
6075 16 5121 5103 5178 -1
6094 11 5121 -1
6097 24 5199 -1
6108 4 5121 -1
6133 4 5121 -1
6134 6 5121 -1
6135 1 5121 -1
6146 8 5178 -1
6170 8 5188 -1
6200 3 5178 -1
6220 13 5178 -1
6241 64 5178 -1
6247 1 5178 -1
6248 10 5178 -1
6271 8 5188 -1
6272 80 5188 -1
6280 31 5199 -1
6299 70 5199 -1
6305 147 5188 5140 5199 -1
6316 15 5199 -1
6327 71 5188 5199 -1
6359 72 5199 5188 -1
6460 56 5188 5179 -1
6506 1 5140 -1
6507 1 5140 -1
6508 1 5140 -1
6509 1 5140 -1
6510 54 5179 -1
6518 30 5199 -1
6523 31 5148 -1
6555 33 5199 -1
6560 42 5199 -1
6596 137 5148 5199 -1
6608 16 5188 -1
6615 119 5199 5148 -1
6618 79 5179 -1
6714 92 5199 -1
6772 49 5199 -1
6774 23 5148 -1
6784 41 5199 -1
6789 9 5199 -1
6906 49 5199 -1
6907 183 5179 5148 5199 -1
6918 23 5179 -1
6946 25 5179 -1
6971 5 5199 -1
6991 18 5199 -1
6993 75 5199 -1
7026 11 5148 -1
7045 36 5148 -1
7047 133 5179 5148 -1
7049 27 5148 -1
7052 114 5199 -1
7055 95 5148 -1
7056 29 5148 -1
7080 58 5199 -1
7231 87 5148 -1
7294 37 5199 5179 5148 -1
7295 6 5199 -1
7317 4 5199 -1
7326 1 5199 -1
7327 6 5199 -1
7352 11 5148 -1
7391 47 5179 -1
7614 37 5179 -1
7642 1 5179 -1
7685 13 5179 -1
7741 4 5148 -1
7744 49 5179 -1
7745 1 5148 -1
7775 11 5179 -1
7930 1 5179 -1
7931 2 5179 -1