6 258 1156 1168 1167 1152 1144 1125 -1
7 20 1193 1190 -1
9 71 1103 -1
11 733 1124 1151 1103 1144 1154 1193 1186 1167 1128 1111 1127 1156 1196 1165 1185 1137 1160 1186 1164 1168 1190 1199 -1
12 54 1160 -1
14 105 1123 1164 -1
16 16 1186 -1
17 37 1190 -1
20 153 1164 1167 1156 1190 -1
21 77 1190 -1
23 48 1123 -1
24 270 1123 1111 1164 1193 1186 1165 1125 1156 -1
25 63 1131 -1
28 110 1186 1190 -1
29 136 1131 -1
33 20 1144 -1
35 64 1193 1127 -1
36 231 1196 1127 1131 1193 1166 1123 1186 1125 1111 1190 1186 -1
42 88 1123 1127 -1
44 42 1111 1186 -1
47 113 1186 1186 1111 -1
49 12 1123 -1
58 35 1186 1186 -1
59 94 1125 1131 1152 -1
66 41 1131 1193 -1
68 187 1159 1157 -1
72 113 1131 1123 1193 -1
74 69 1186 1123 1190 1111 -1
75 24 1186 1186 -1
77 23 1193 1185 -1
81 3 1157 -1
86 101 1186 1186 1131 -1
87 164 1199 1131 1193 1123 -1
90 63 1131 1124 1128 -1
104 19 1103 -1
109 166 1164 -1
110 59 1191 -1
113 68 1186 -1
120 3 1186 1186 -1
122 193 1166 1159 -1
125 28 1167 -1
126 22 1156 1186 -1
127 83 1159 -1
128 51 1166 1164 -1
132 21 1151 -1
138 69 1190 1193 1125 1186 -1
147 50 1137 1185 -1
151 44 1128 1141 1125 -1
154 53 1123 -1
157 41 1156 1114 1123 1166 -1
161 27 1127 1131 -1
166 77 1157 -1
171 56 1193 1186 1190 1196 -1
172 120 1166 -1
173 332 1167 1168 1196 1127 1103 1193 1124 1199 1151 1123 1190 1111 1137 1186 -1
176 39 1186 1160 1131 1156 1190 1123 1167 -1
177 16 1186 1186 -1
180 54 1100 1166 -1
182 59 1186 1167 1156 1131 1127 1186 1128 -1
187 32 1151 -1
193 19 1186 -1
197 6 1111 -1
199 11 1186 -1
201 20 1186 1123 -1
203 26 1111 -1
204 10 1165 1151 -1
209 9 1123 1186 1190 -1
215 84 1141 1186 1156 1193 1103 1124 -1
222 3 1151 -1
231 44 1193 -1
240 2 1151 1152 -1
241 8 1186 -1
249 13 1196 -1
254 15 1190 -1
255 87 1166 1123 -1
259 42 1111 -1
263 21 1123 -1
265 30 1131 -1
280 76 1186 1151 1123 1186 -1
290 61 1131 1165 1164 -1
304 64 1164 1131 1165 1123 -1
306 215 1157 1199 1141 1167 1166 -1
308 144 1167 1193 1157 1131 1156 1127 -1
310 236 1111 1125 1193 1167 1164 1103 1166 1196 1131 1128 1123 -1
311 312 1167 1186 1114 1166 1152 1128 1125 1160 1199 1186 1123 1193 1151 1164 -1
312 223 1168 1186 1128 1196 1125 1156 1144 1190 1141 1164 1193 1165 1152 1186 1127 -1
313 41 1151 -1
315 70 1127 1156 1166 1123 1186 -1
317 126 1193 1128 1167 1123 1125 1190 -1
319 193 1103 1152 1199 1164 1186 1167 -1
320 3 1186 -1
321 22 1190 -1
336 28 1196 -1
339 79 1186 1186 -1
341 12 1186 -1
346 27 1166 -1
347 6 1165 -1
348 19 1128 1156 -1
356 16 1186 -1
371 117 1196 1157 1186 1186 -1
376 36 1167 1127 1193 -1
383 19 1166 -1
403 18 1166 -1
407 101 1164 1141 1111 -1
412 21 1151 -1
425 49 1165 -1
432 155 1103 1186 -1
457 640 1199 1167 1151 1103 1159 1111 1193 -1
467 7 1151 -1
469 8 1186 -1
499 11 1193 1186 -1
546 107 1165 1164 1151 -1
553 19 1186 -1
554 4 1103 -1
556 117 1186 1144 1193 1123 1164 1190 1111 -1
572 2 1111 -1
579 3 1186 1127 -1
582 29 1185 -1
588 23 1193 -1
600 171 1186 1193 1186 1103 1111 1165 -1
601 9 1152 -1
626 31 1167 1186 1141 1193 -1
634 106 1196 1186 1193 1164 1186 1190 -1
635 52 1166 1160 1193 1186 1131 -1
640 3 1186 -1
643 44 1151 1123 -1
644 23 1125 -1
645 17 1186 -1
647 29 1186 1186 1193 1123 -1
649 15 1186 -1
650 85 1156 1144 1186 1186 -1
658 6 1186 1190 -1
659 13 1193 -1
661 2 1186 -1
663 133 1166 1123 1125 1193 1128 1167 -1
667 18 1111 1193 -1
686 57 1128 1196 1144 1165 -1
688 5 1196 -1
689 27 1186 -1
691 24 1199 1186 -1
695 87 1123 1151 1166 -1
696 2 1125 -1
697 85 1190 1141 1128 1125 -1
704 82 1166 1125 -1
705 23 1127 -1
706 56 1190 1111 1123 1186 1193 -1
707 110 1193 1167 1123 1131 1190 -1
708 39 1141 1114 1128 1156 -1
710 88 1123 1141 1127 1152 1193 -1
712 18 1193 -1
715 21 1193 -1
722 124 1164 1127 1166 1167 1186 1186 -1
727 19 1186 1199 1186 -1
730 29 1131 1186 -1
733 7 1151 -1
742 85 1167 1165 -1
749 62 1186 -1
759 55 1193 1186 1186 1123 -1
762 42 1123 1186 -1
766 709 1167 1157 1186 1164 1125 1159 1185 1166 1114 1191 -1
769 137 1186 1167 1166 1137 1186 1190 1127 1196 1131 1144 1193 1123 1111 -1
784 205 1199 1186 1164 1193 1114 1160 1151 1165 1186 1166 -1
788 52 1157 1156 1131 -1
789 209 1167 1165 1156 1186 1193 1123 -1
791 29 1193 -1
795 57 1123 1167 -1
805 82 1103 1167 1193 1164 1125 1144 -1
813 261 1166 1157 1193 1186 1157 1167 1137 -1
816 25 1193 -1
820 9 1186 1123 1186 -1
822 11 1137 -1
823 11 1131 -1
825 139 1166 -1
826 218 1168 1199 1165 1154 1151 1167 1124 -1
831 12 1111 -1
838 34 1199 1124 -1
842 27 1166 1124 1144 -1
844 35 1125 -1
854 56 1127 -1
865 45 1144 -1
869 9 1196 1190 -1
871 47 1168 1167 1193 -1
872 26 1166 1164 -1
879 108 1166 -1
885 6 1144 -1
896 25 1125 1123 -1
900 5 1193 -1
904 59 1103 1199 1151 -1
911 24 1123 1131 -1
912 8 1123 -1
914 6 1131 -1
916 3 1186 -1
922 147 1160 1165 1156 1111 1193 1151 1167 1186 1164 1103 1137 -1
926 5 1141 1131 -1
933 10 1103 -1
937 33 1151 1156 1152 1123 1127 -1
941 74 1193 1199 1151 1127 -1
943 28 1193 1164 1167 -1
946 85 1193 1186 1166 1125 -1
948 26 1199 1156 -1
954 8 1186 1131 -1
956 40 1123 1190 1131 -1
960 17 1125 -1
962 3 1186 -1
970 10 1144 1156 -1
971 53 1159 1131 1152 1193 1167 -1
974 30 1166 -1
978 54 1156 1125 1114 1193 -1
981 16 1193 1123 1164 -1
982 32 1156 1190 1152 1144 1125 -1
985 5 1193 -1
986 50 1166 -1
988 257 1186 1185 1166 -1
993 233 1166 1125 1103 1151 1111 1165 1164 1168 1167 1190 -1
994 42 1193 1160 -1
996 279 1186 1166 1185 -1
998 25 1152 -1
1000 34 1103 1154 -1
1006 130 1167 1141 1144 -1
1009 43 1125 1165 1164 -1
1022 13 1131 1156 1167 -1
1023 9 1167 -1
1028 6 1186 1123 -1
1029 20 1190 1131 1114 -1
1031 16 1186 1186 -1
1034 34 1141 1186 1164 -1
1035 10 1190 -1
1037 50 1167 1144 -1
1042 38 1137 -1
1043 20 1186 1186 -1
1046 9 1156 1193 1167 -1
1050 33 1193 1199 1123 -1
1051 48 1164 1186 1123 1186 -1
1055 139 1193 -1
1062 157 1185 1125 1190 1164 1152 1193 -1
1063 29 1167 -1
1065 8 1186 1186 -1
1066 5 1131 -1
1068 3 1125 -1
1075 59 1157 1165 1111 1140 1127 -1
1078 5 1193 -1
1086 8 1152 1151 -1
1089 2 1152 -1
1090 2 1186 -1
1095 10 1103 -1
1097 93 1193 -1
1098 260 1103 1166 1186 -1
1099 8 1103 -1
1102 13 1103 -1
1111 42 1193 1196 -1
1114 40 1193 1160 1144 1140 -1
1120 1 1123 -1
1127 58 1166 1127 1128 -1
1129 53 1156 1167 1131 -1
1130 1 1131 -1
1132 42 1193 -1
1133 282 1165 1156 1190 1159 -1
1135 112 1164 1199 1152 -1
1137 104 1103 -1
1141 2 1193 -1
1142 28 1186 1186 1167 1166 -1
1143 15 1186 1186 -1
1144 7 1190 1196 1125 -1
1145 2 1186 1125 -1
1150 8 1152 -1
1151 460 1137 1152 1166 1111 1185 1186 1191 1164 1103 -1
1155 1 1156 -1
1157 1 1156 -1
1158 1 1156 -1
1159 2 1165 -1
1160 24 1193 1167 -1
1166 318 1185 1186 1165 1164 -1
1167 78 1186 1193 1190 1164 -1
1168 5 1186 -1
1169 24 1186 -1
1170 2 1190 1186 -1
1171 1 1186 -1
1172 1 1186 -1
1173 2 1186 1186 -1
1174 1 1186 -1
1175 2 1186 1186 -1
1176 1 1186 -1
1179 8 1186 -1
1183 8 1186 -1
1184 57 1186 1166 1167 -1
1185 25 1151 1167 1186 -1
1187 1 1190 -1
1188 2 1190 -1
1189 1 1190 -1
1192 1 1192 -1
1194 1 1196 -1
1195 5 1196 -1
1200 92 1166 1167 -1
1201 32 1193 -1
1202 68 1111 1186 1151 -1
1203 20 1199 1165 -1
1204 58 1199 -1
1207 24 1193 -1
1210 221 1103 1186 1137 1193 1127 1166 1164 1185 1111 -1
1211 66 1193 1151 -1
1215 40 1186 -1
1221 75 1193 1137 1164 -1
1230 31 1167 1164 -1
1233 9 1151 -1
1234 15 1193 1167 -1
1235 20 1127 1193 -1
1236 98 1164 1167 1103 1168 1166 -1
1237 4 1193 -1
1242 12 1199 -1
1247 69 1167 1166 -1
1248 22 1160 -1
1253 21 1164 -1
1259 41 1166 1193 -1
1261 6 1165 -1
1267 61 1103 -1
1278 51 1127 1193 1167 -1
1279 126 1154 1185 1166 1167 -1
1284 18 1151 -1
1286 55 1193 -1
1290 15 1167 -1
1291 34 1193 -1
1292 5 1193 -1
1293 26 1167 -1
1297 48 1193 1166 1186 -1
1305 227 1127 1157 1154 1166 1167 -1
1319 185 1154 1166 1165 1164 1127 1151 1103 -1
1331 6 1193 -1
1333 2 1111 -1
1334 1 1193 -1
1335 39 1127 1193 -1
1336 8 1193 -1
1337 1 1193 -1
1338 3 1193 -1
1339 4 1193 -1
1340 3 1193 -1
1341 2 1193 -1
1342 4 1193 -1
1343 2 1193 -1
1344 1 1193 -1
1345 1 1193 -1
1346 2 1193 -1
1350 114 1151 1165 1164 1167 1199 1124 1103 -1
1352 118 1124 1111 1164 1199 1103 -1
1353 24 1111 -1
1357 84 1166 1164 1167 1127 -1
1368 12 1186 -1
1374 385 1191 1166 1167 1165 1127 1103 -1
1377 31 1168 1164 -1
1380 59 1140 1127 1167 -1
1381 51 1164 -1
1386 56 1127 1164 -1
1390 28 1186 -1
1394 6 1167 -1
1395 192 1186 1164 1168 1111 -1
1403 3 1199 -1
1416 6 1127 -1
1419 29 1111 -1
1424 41 1167 1164 -1
1428 159 1151 1164 1199 1111 1124 1137 1103 -1
1441 23 1103 1186 -1
1462 30 1186 1165 -1
1465 8 1186 -1
1470 115 1164 1167 1151 1166 -1
1471 45 1167 -1
1473 70 1164 1166 1111 -1
1480 44 1165 1103 -1
1482 26 1164 1151 -1
1483 51 1167 -1
1487 115 1124 1168 1165 1199 -1
1489 41 1164 1103 1167 -1
1492 159 1103 1164 1167 1151 1199 1168 -1
1493 1 1167 -1
1494 1 1167 -1
1495 10 1164 1167 -1
1496 190 1167 1151 1103 1186 1199 1164 1166 -1
1497 18 1167 -1
1498 4 1167 -1
1499 10 1167 -1
1500 26 1199 1167 -1
1501 19 1167 1103 -1
1521 104 1199 1111 1166 1151 -1
1522 90 1103 1151 -1
1525 33 1103 -1
1537 72 1164 1151 -1
1538 75 1103 1124 1165 1199 -1
1542 237 1111 1159 1185 1103 -1
1549 522 1199 1166 1164 1165 1111 1103 1137 1186 1151 1157 -1
1550 20 1157 -1
1555 67 1164 1165 -1
1583 78 1111 1154 1166 -1
1585 80 1151 1165 1164 -1
1592 25 1186 -1
1594 108 1124 1164 1168 1103 -1
1596 31 1199 -1
1605 10 1168 1199 -1
1608 344 1137 1151 1111 1199 1103 1168 1124 1186 1165 -1
1615 109 1199 1164 1124 1137 1103 1151 1168 -1
1621 76 1111 -1
1631 5 1165 1168 -1
1638 3 1103 -1
1639 36 1186 -1
1644 46 1186 -1
1646 4 1199 -1
1662 4 1124 -1
1668 5 1186 -1
1670 16 1124 -1
1677 2 1199 -1
1691 47 1191 -1
1697 42 1164 1186 -1
1700 48 1151 -1
1701 98 1186 -1
1717 98 1185 1164 1166 -1
1729 15 1124 -1
1730 29 1166 -1
1736 1 1199 -1
1737 6 1199 -1
1738 3 1199 -1
1739 1 1199 -1
1751 13 1103 -1
1754 18 1185 -1
1756 82 1103 -1
1757 16 1137 -1
1767 75 1165 1164 1151 -1
1769 64 1151 1164 -1
1772 95 1103 1137 1164 1186 1151 1111 -1
1778 4 1164 -1
1783 58 1103 -1
1784 1 1103 -1
1785 1 1103 -1
1794 25 1166 -1
1795 41 1166 -1
1800 20 1151 1186 1111 -1
1803 20 1164 -1
1808 103 1111 1164 -1
1816 10 1151 -1
1820 90 1166 -1
1822 10 1164 -1
1835 55 1186 -1
1836 16 1165 1151 -1
1837 26 1137 -1
1838 54 1137 -1
1855 12 1111 -1
1875 26 1166 -1
1876 1 1111 -1
1891 23 1186 -1
1899 6 1165 -1
1908 9 1164 1137 -1
1919 113 1151 -1
1925 22 1111 -1
1931 14 1186 -1
1946 1 1165 -1
1947 7 1165 -1
1948 8 1186 1165 -1
1962 27 1164 1151 -1
1972 184 1166 1159 -1
1977 33 1111 -1
1985 57 1166 -1
1994 1 1151 -1
1995 3 1151 -1
1996 1 1151 -1
1997 88 1151 1111 1186 1137 -1
2009 46 1166 -1
2052 13 1186 -1
2062 118 1166 1111 -1
2063 16 1186 -1
2065 45 1166 1111 -1
2072 121 1186 1137 -1
2085 28 1111 -1
2093 52 1186 -1
2102 31 1166 -1
2108 4 1186 -1
2109 27 1186 -1
2113 5 1154 -1
2115 12 1186 -1
2116 14 1166 -1
2120 56 1166 -1
2133 122 1186 -1
2142 2 1186 -1
2145 134 1166 -1
2172 24 1111 -1
2186 57 1111 -1
2187 1 1111 -1
2188 2 1111 -1
2189 1 1111 -1
2190 1 1111 -1
2191 1 1111 -1
2209 25 1166 -1
2210 16 1140 -1
2226 23 1166 -1
2231 26 1186 -1
2233 34 1186 -1
2237 254 1185 1166 -1
2240 106 1186 -1
2241 14 1186 -1
2242 3 1140 -1
2257 47 1166 -1
2258 90 1166 -1
2264 51 1186 -1
2272 31 1166 -1
2290 95 1166 1157 1100 -1
2297 150 1166 -1
2323 54 1157 -1
2326 249 1157 1157 1140 1100 1166 -1
2328 205 1166 1186 -1
2356 57 1166 -1
2371 93 1186 1166 -1
2375 32 1185 1186 -1
2384 65 1166 -1
2411 96 1166 -1
2472 76 1154 -1
2485 286 1185 1166 -1
2488 20 1166 -1
2497 37 1166 -1
2502 22 1186 -1
2504 82 1185 -1
2506 28 1186 -1
2510 69 1166 1186 -1
2518 4 1186 -1
2519 1 1186 -1
2520 1 1186 -1
2521 1 1186 -1
2522 1 1186 -1
2523 5 1186 -1
2526 1 1186 -1
2527 2 1186 -1
2528 1 1186 -1
2529 1 1186 -1
2557 77 1154 -1
2559 54 1166 -1
2565 827 1191 1157 1100 1154 1166 1185 -1
2576 138 1166 1159 -1
2594 42 1166 -1
2605 58 1166 -1
2618 50 1166 -1
2651 216 1185 1166 -1
2653 102 1166 -1
2658 231 1166 1157 1185 -1
2660 148 1166 1157 1140 -1
2667 93 1159 -1
2674 83 1166 -1
2686 120 1166 -1
2688 516 1185 1159 1166 -1
2693 132 1166 -1
2696 61 1185 -1
2700 113 1100 1166 -1
2704 40 1157 -1
2711 2 1166 -1
2713 166 1157 1166 1157 1100 -1
2740 28 1154 -1
2744 36 1154 -1
2747 65 1100 -1
2790 145 1166 -1
2791 15 1166 -1
2831 39 1166 -1
2842 93 1157 1166 1157 -1
2871 165 1157 -1
2932 50 1157 -1
2940 91 1166 -1
2951 14 1185 -1
2964 59 1140 -1
2967 232 1166 -1
2968 37 1166 -1
2972 271 1159 -1
2988 56 1191 -1
3000 31 1166 -1
3010 118 1166 -1
3024 47 1166 -1
3026 151 1157 -1
3028 99 1166 -1
3031 42 1166 -1
3032 205 1166 1157 -1
3033 38 1166 -1
3034 38 1157 -1
3037 7 1166 -1
3057 36 1166 -1
3081 14 1157 -1
3088 24 1157 -1
3144 66 1166 -1
3148 18 1166 -1
3168 69 1185 -1
3258 69 1157 1166 1157 -1
3275 10 1166 -1
3291 56 1166 -1
3310 18 1191 -1
3352 165 1166 1185 -1
3373 12 1157 -1
3380 33 1166 -1
3386 11 1166 -1
3388 11 1159 -1
3402 88 1185 1157 -1
3404 73 1159 -1
3439 69 1166 -1
3449 306 1159 1185 -1
3450 27 1185 -1
3451 49 1185 -1
3453 241 1185 -1
3454 124 1185 -1
3455 59 1185 -1
3457 97 1191 1157 -1
3461 49 1185 -1
3462 36 1157 1185 -1
3463 54 1185 -1
3466 12 1166 -1
3469 21 1166 -1
3470 21 1166 -1
3478 42 1159 -1
3479 83 1166 -1
3488 14 1157 -1
3508 7 1166 -1
3528 7 1166 -1
3562 38 1166 -1
3568 128 1185 -1
3587 4 1166 -1
3602 1 1166 -1
3603 10 1166 -1
3614 187 1100 1157 1159 -1
3620 1 1157 -1
3621 1 1157 -1
3622 22 1157 -1
3642 291 1159 -1
3660 67 1157 -1
3666 125 1159 1185 -1
3691 70 1191 -1
3786 72 1159 -1
3787 233 1185 -1
3855 6 1157 -1
4045 244 1159 -1
4056 20 1157 -1
4065 104 1185 -1
4074 33 1157 -1
4076 52 1159 -1
4123 23 1157 -1
4124 27 1157 -1
4136 27 1157 -1
4151 79 1185 -1
4223 5 1157 -1
4266 11 1157 -1
4273 19 1157 -1
4304 1 1157 -1
4305 1 1157 -1
4306 1 1157 -1
4307 2 1157 -1
4310 225 1191 -1
4324 8 1185 -1
4364 14 1185 -1
4433 17 1185 -1
4437 33 1185 -1
4441 186 1191 -1
4581 3 1185 -1
4632 202 1159 -1
4948 194 1191 -1
4967 317 1159 -1
5176 100 1159 -1
5262 35 1159 -1
5263 74 1159 -1
5427 34 1159 -1
5524 402 1191 -1
5543 128 1159 -1
5624 20 1159 -1
5650 1 1191 -1
5775 39 1191 -1
5787 29 1159 -1
5800 182 1191 -1
5915 39 1191 -1
5920 9 1191 -1
6003 1 1159 -1
6004 5 1159 -1
6596 137 1191 -1
6624 122 1191 -1
6907 183 1191 -1
6993 75 1191 -1
7047 133 1191 -1
7049 27 1191 -1
7052 114 1191 -1
7092 75 1191 -1
7614 37 1191 -1
7682 15 1191 -1
7766 13 1191 -1