11 733 3291 3258 3260 3284 -1
36 231 3274 3258 -1
53 25 3276 -1
68 187 3258 3238 -1
72 113 3291 3276 3238 -1
87 164 3238 3276 -1
99 15 3293 -1
109 166 3291 -1
113 68 3238 -1
122 193 3253 3258 3276 3260 3251 -1
127 83 3265 -1
136 64 3297 -1
172 120 3253 3243 3251 -1
173 332 3238 -1
180 54 3265 -1
182 59 3253 3251 -1
306 215 3291 -1
310 236 3253 3251 -1
311 312 3253 3238 3265 -1
336 28 3238 -1
457 640 3291 3253 3276 3274 3291 3276 -1
546 107 3260 -1
580 28 3293 -1
633 48 3253 -1
663 133 3284 3253 -1
697 85 3274 -1
698 7 3260 -1
704 82 3253 -1
710 88 3284 -1
722 124 3253 -1
737 120 3238 3284 -1
742 85 3238 -1
749 62 3238 -1
763 45 3284 -1
766 709 3293 3253 3265 3284 3251 3291 3274 3238 3276 3276 -1
769 137 3253 3251 -1
784 205 3265 3291 -1
789 209 3291 -1
813 261 3258 3284 3276 -1
825 139 3276 3258 -1
826 218 3251 3253 -1
841 22 3251 -1
854 56 3253 3238 -1
879 108 3276 3260 -1
944 5 3251 -1
946 85 3253 -1
948 26 3243 3253 -1
988 257 3265 3284 3260 3293 3253 3251 -1
996 279 3253 3238 3274 -1
1032 34 3253 -1
1037 50 3253 -1
1050 33 3251 -1
1074 75 3291 -1
1075 59 3243 -1
1097 93 3274 -1
1098 260 3265 3297 3238 3253 -1
1102 13 3276 -1
1132 42 3238 -1
1133 282 3284 3238 3276 -1
1135 112 3253 -1
1137 104 3265 -1
1151 460 3251 3274 3238 3253 -1
1164 23 3238 -1
1166 318 3291 3291 3251 3265 3253 3238 -1
1167 78 3253 -1
1200 92 3243 3253 3238 3265 3251 -1
1204 58 3276 -1
1207 24 3291 -1
1210 221 3253 3251 3284 -1
1211 66 3265 -1
1215 40 3265 3291 -1
1221 75 3253 3251 -1
1241 33 3260 -1
1253 21 3274 -1
1279 126 3253 -1
1305 227 3265 3253 3251 -1
1319 185 3265 3253 3276 3237 3276 -1
1357 84 3265 -1
1365 7 3238 -1
1368 12 3265 -1
1374 385 3265 3274 3258 3243 3251 3297 3238 3293 3260 -1
1385 24 3238 -1
1395 192 3265 -1
1419 29 3253 -1
1428 159 3258 -1
1470 115 3276 3253 -1
1471 45 3238 -1
1473 70 3253 -1
1487 115 3265 -1
1492 159 3258 3253 -1
1496 190 3276 3251 3253 3258 -1
1498 4 3238 -1
1506 34 3253 -1
1521 104 3265 3253 -1
1522 90 3260 3297 -1
1537 72 3260 3276 -1
1538 75 3260 -1
1542 237 3291 3238 3293 -1
1547 27 3253 -1
1549 522 3274 3251 3260 3258 3253 3265 -1
1583 78 3251 3265 3253 -1
1594 108 3253 -1
1596 31 3284 3276 3265 -1
1606 4 3291 3291 -1
1608 344 3260 3265 3251 3253 -1
1614 71 3253 -1
1621 76 3238 3265 -1
1622 39 3265 -1
1623 36 3291 -1
1639 36 3291 -1
1644 46 3238 -1
1661 36 3253 -1
1667 32 3276 -1
1697 42 3251 -1
1701 98 3260 3238 3253 -1
1707 29 3251 -1
1729 15 3265 -1
1730 29 3253 -1
1733 40 3238 -1
1734 47 3265 3258 -1
1749 63 3260 -1
1762 37 3297 -1
1769 64 3253 -1
1783 58 3260 -1
1795 41 3265 3284 3258 -1
1811 37 3238 -1
1814 79 3291 3253 -1
1820 90 3253 3276 -1
1838 54 3258 -1
1896 50 3253 -1
1922 126 3251 3253 3265 3260 3284 -1
1967 31 3260 -1
1972 184 3260 -1
1985 57 3253 -1
1991 66 3251 3253 -1
1992 16 3253 -1
2003 42 3265 3253 -1
2009 46 3251 -1
2062 118 3265 -1
2065 45 3253 3260 3291 -1
2093 52 3253 -1
2118 114 3253 -1
2119 4 3251 -1
2135 143 3238 3253 -1
2145 134 3291 3265 3260 -1
2160 11 3253 -1
2174 49 3253 -1
2186 57 3238 -1
2225 36 3238 3253 3265 -1
2226 23 3253 -1
2229 17 3251 -1
2233 34 3238 -1
2236 75 3253 3258 3265 3251 3243 -1
2237 254 3284 3291 3260 -1
2240 106 3260 3238 -1
2249 38 3291 -1
2251 23 3265 -1
2256 125 3253 3291 -1
2257 47 3291 3253 -1
2258 90 3253 -1
2264 51 3293 -1
2290 95 3200 3258 3260 -1
2297 150 3258 3260 3253 3265 -1
2298 26 3253 -1
2299 65 3251 3265 -1
2323 54 3260 -1
2326 249 3276 3276 3276 3291 3260 3200 3258 -1
2328 205 3291 3260 3258 -1
2332 20 3253 3251 -1
2356 57 3258 -1
2359 2 3265 -1
2365 58 3253 3260 3291 -1
2369 134 3238 -1
2379 46 3200 3291 -1
2384 65 3238 -1
2387 52 3274 -1
2398 56 3260 -1
2411 96 3291 3253 -1
2416 22 3251 3276 -1
2440 43 3238 -1
2456 31 3238 -1
2472 76 3251 -1
2473 83 3253 3251 -1
2474 101 3265 3258 3251 3253 -1
2481 8 3293 -1
2485 286 3260 3258 3274 3238 -1
2493 5 3291 -1
2497 37 3265 3255 3258 -1
2507 64 3253 3251 3265 -1
2510 69 3276 3265 3253 -1
2511 4 3238 -1
2516 36 3265 -1
2542 73 3260 -1
2547 64 3253 -1
2549 63 3238 -1
2557 77 3276 -1
2559 54 3253 -1
2560 89 3276 3238 3253 -1
2565 827 3284 3265 3253 3258 3276 3297 3293 3258 3260 3251 3200 3243 3238 3276 3235 -1
2576 138 3265 3274 -1
2585 46 3260 -1
2595 42 3258 -1
2596 13 3276 3284 -1
2605 58 3251 -1
2618 50 3260 -1
2623 47 3284 3253 -1
2651 216 3260 3284 3258 3253 3251 -1
2653 102 3260 3276 -1
2654 56 3253 -1
2657 35 3260 3276 -1
2658 231 3297 -1
2660 148 3265 3291 3291 3251 -1
2667 93 3265 -1
2674 83 3253 3251 3265 -1
2686 120 3265 3251 3243 -1
2688 516 3265 3291 3284 3260 3253 3251 3276 3276 -1
2689 34 3265 3284 -1
2690 25 3253 -1
2691 39 3291 -1
2692 18 3265 -1
2696 61 3251 3274 -1
2697 45 3260 3253 -1
2699 63 3253 3265 3284 3251 3260 -1
2700 113 3291 3258 3251 3260 -1
2701 12 3265 -1
2702 39 3265 -1
2703 42 3265 3251 3253 -1
2704 40 3251 3265 -1
2707 100 3258 3284 -1
2713 166 3260 3258 3291 3265 -1
2724 6 3200 -1
2727 35 3276 3276 3276 3265 -1
2737 16 3253 -1
2740 28 3200 -1
2746 20 3265 -1
2747 65 3260 3265 3291 3258 -1
2774 45 3238 -1
2790 145 3265 3253 3260 -1
2799 6 3200 -1
2819 12 3251 -1
2842 93 3265 3253 3276 3260 3291 3258 -1
2859 90 3258 -1
2871 165 3253 3284 3251 3258 -1
2872 54 3243 3258 -1
2883 18 3274 -1
2886 3 3238 -1
2900 28 3253 -1
2904 16 3265 -1
2909 51 3260 -1
2912 26 3265 -1
2923 33 3291 3265 -1
2925 18 3265 -1
2932 50 3291 -1
2933 1 3253 -1
2940 91 3238 3291 -1
2947 10 3253 -1
2958 48 3291 3291 3265 -1
2964 59 3251 3258 3265 -1
2967 232 3284 3265 3276 3291 3258 -1
2968 37 3293 3265 -1
2972 271 3258 3274 3291 -1
2981 36 3238 -1
3005 27 3260 3265 -1
3010 118 3251 3265 -1
3015 30 3274 -1
3020 48 3253 3265 3251 -1
3024 47 3265 3253 3284 -1
3026 151 3276 3265 3258 3260 3276 -1
3028 99 3265 3251 3258 -1
3031 42 3265 -1
3032 205 3291 3238 3291 3297 -1
3039 14 3260 -1
3044 4 3265 -1
3055 42 3251 3258 3253 -1
3056 34 3265 -1
3059 34 3265 -1
3062 30 3253 3251 -1
3092 52 3251 -1
3095 25 3253 3251 -1
3098 25 3253 3251 3265 -1
3125 16 3265 3253 -1
3142 41 3293 -1
3144 66 3265 3251 -1
3168 69 3260 3291 -1
3172 13 3276 -1
3175 34 3260 -1
3191 55 3274 -1
3192 39 3258 -1
3199 13 3253 -1
3229 1 3235 -1
3230 1 3235 -1
3231 1 3235 -1
3232 1 3235 -1
3233 4 3235 -1
3240 1 3243 -1
3241 1 3243 -1
3242 4 3253 -1
3244 1 3245 -1
3250 2 3251 -1
3252 33 3253 3258 -1
3256 20 3276 3276 -1
3258 69 3291 3258 3260 3274 -1
3259 1 3265 -1
3260 8 3265 -1
3261 1 3265 -1
3262 8 3265 -1
3274 60 3238 -1
3276 60 3258 3291 -1
3292 8 3291 -1
3297 39 3238 3258 -1
3315 13 3260 -1
3317 15 3260 -1
3321 16 3238 -1
3350 55 3260 -1
3352 165 3258 -1
3375 36 3260 3276 -1
3381 177 3238 -1
3390 47 3291 3274 -1
3392 26 3284 -1
3394 121 3276 3260 3291 3291 -1
3404 73 3238 -1
3439 69 3291 3276 3258 3260 -1
3447 214 3291 3274 3238 -1
3449 306 3274 3276 3284 -1
3452 91 3274 -1
3453 241 3291 3284 3274 3238 -1
3454 124 3260 -1
3455 59 3284 -1
3456 250 3274 3291 3238 -1
3460 17 3238 -1
3465 3 3258 -1
3477 45 3260 -1
3496 7 3258 -1
3498 96 3297 3238 -1
3519 49 3291 3258 -1
3521 23 3291 3258 -1
3522 53 3291 -1
3527 47 3260 -1
3541 62 3260 3276 -1
3556 11 3276 -1
3562 38 3260 -1
3568 128 3258 -1
3586 135 3291 3238 3293 -1
3589 5 3276 -1
3614 187 3274 3291 3284 3238 -1
3615 113 3258 3291 3260 -1
3624 49 3274 -1
3631 70 3258 -1
3633 26 3260 -1
3636 11 3276 -1
3641 194 3258 3260 3238 -1
3642 291 3291 3274 3238 -1
3645 34 3291 3260 -1
3647 13 3260 -1
3660 67 3260 3291 -1
3661 28 3260 -1
3666 125 3284 3260 3274 -1
3667 5 3276 -1
3691 70 3238 -1
3714 15 3258 -1
3719 14 3260 -1
3720 9 3260 -1
3724 69 3291 3258 -1
3731 12 3200 -1
3785 15 3276 -1
3786 72 3260 -1
3787 233 3291 3276 3260 -1
3792 19 3238 -1
3794 44 3284 -1
3796 107 3284 3276 3274 -1
3798 18 3260 -1
3806 31 3291 -1
3812 32 3258 -1
3814 24 3260 3258 -1
3815 14 3260 -1
3817 1 3200 -1
3842 12 3260 -1
3854 79 3276 3274 3238 -1
3912 15 3291 -1
3916 25 3274 -1
3949 26 3258 3260 -1
3954 2 3260 -1
3956 55 3276 -1
3962 2 3260 -1
3963 1 3260 -1
3965 79 3297 -1
3969 58 3291 -1
3973 20 3291 -1
3976 43 3276 -1
3985 26 3291 -1
4007 9 3258 -1
4008 7 3276 -1
4036 139 3293 3274 -1
4042 21 3291 -1
4045 244 3291 3284 -1
4046 40 3276 -1
4070 56 3284 3274 -1
4073 90 3274 3284 -1
4074 33 3276 -1
4076 52 3291 -1
4099 101 3291 3238 3274 -1
4123 23 3291 -1
4127 42 3276 3276 3291 -1
4128 9 3291 -1
4136 27 3291 3291 -1
4138 59 3274 -1
4151 79 3238 -1
4219 101 3284 -1
4221 41 3274 3238 3284 -1
4222 28 3274 -1
4233 2 3284 -1
4248 1 3291 -1
4261 23 3276 -1
4295 16 3284 -1
4310 225 3238 3274 3291 -1
4354 4 3284 -1
4363 13 3291 -1
4422 7 3293 -1
4437 33 3238 -1
4441 186 3238 -1
4483 137 3238 3274 3291 -1
4488 35 3238 -1
4489 11 3238 -1
4536 58 3276 3284 -1
4547 41 3276 -1
4564 30 3276 -1
4616 6 3238 -1
4653 80 3276 3291 -1
4662 44 3238 3276 -1
4666 23 3293 -1
4673 68 3284 3291 -1
4688 59 3276 -1
4712 91 3238 -1
4717 57 3293 -1
4725 33 3284 -1
4748 19 3284 -1
4764 52 3293 -1
4781 28 3274 -1
4824 88 3274 -1
4828 105 3291 3238 -1
4859 29 3276 -1
4894 34 3274 3276 -1
4899 160 3274 3284 3238 -1
4947 8 3276 3284 -1
4948 194 3238 3284 3274 3276 -1
4960 8 3291 -1
4964 51 3284 -1
4967 317 3274 3291 3238 -1
4974 41 3284 -1
4980 12 3274 -1
5015 9 3293 -1
5022 173 3291 -1
5028 40 3238 -1
5039 7 3284 -1
5043 2 3284 -1
5053 53 3238 -1
5077 1 3284 -1
5078 3 3284 -1
5079 240 3291 3297 3284 -1
5080 2 3284 -1
5081 3 3284 -1
5102 48 3238 3293 -1
5103 118 3238 -1
5140 50 3291 -1
5166 41 3238 -1
5172 18 3274 3238 -1
5176 100 3274 -1
5179 212 3238 3274 -1
5180 47 3274 -1
5185 120 3291 3238 -1
5188 211 3238 3274 3291 -1
5189 237 3238 3274 -1
5190 56 3274 -1
5196 29 3238 -1
5217 17 3238 -1
5263 74 3274 -1
5445 39 3238 -1
5479 12 3238 -1
5485 13 3238 -1
5524 402 3293 3238 3291 -1
5531 224 3291 3274 -1
5532 16 3291 -1
5552 8 3238 -1
5553 36 3293 -1
5562 3 3274 -1
5582 105 3291 -1
5591 21 3291 -1
5612 38 3297 3291 -1
5614 5 3293 -1
5624 20 3293 -1
5696 49 3291 -1
5702 10 3238 -1
5718 1 3274 -1
5773 63 3238 -1
5775 39 3297 -1
5796 173 3291 3238 -1
5800 182 3238 3297 -1
5802 248 3291 3293 -1
5810 26 3291 -1
5812 42 3291 -1
5814 106 3293 3238 -1
5816 50 3291 -1
5817 30 3291 -1
5822 81 3291 -1
5927 8 3293 -1
5934 32 3291 -1
5998 80 3291 -1
6016 10 3238 -1
6072 45 3293 3297 -1
6169 3 3291 -1
6174 10 3238 -1
6217 28 3291 -1
6221 26 3297 -1
6229 18 3238 -1
6241 64 3291 3238 -1
6270 57 3291 -1
6299 70 3238 -1
6305 147 3291 -1
6320 17 3291 -1
6323 49 3291 -1
6442 2 3238 -1
6443 51 3238 -1
6460 56 3291 -1
6483 18 3291 -1
6484 10 3238 -1
6494 70 3238 -1
6502 12 3238 -1
6510 54 3293 3297 -1
6596 137 3293 3238 -1
6618 79 3293 3297 -1
6624 122 3238 3293 -1
6657 9 3293 -1
6866 4 3238 -1
6900 29 3297 -1
6907 183 3293 3238 -1
6914 52 3297 -1
6918 23 3297 -1
6934 51 3238 -1
6941 35 3238 -1
6946 25 3238 -1
7045 36 3238 -1
7046 19 3238 -1
7047 133 3297 3238 3293 -1
7052 114 3238 -1
7053 19 3297 -1
7054 21 3238 -1
7055 95 3238 -1
7057 100 3297 -1
7063 15 3238 -1
7080 58 3297 -1
7086 111 3293 3297 -1
7120 10 3238 -1
7131 23 3238 -1
7132 21 3238 -1
7231 87 3238 -1
7280 71 3293 3238 -1
7321 3 3293 -1
7343 10 3238 -1
7390 18 3238 -1
7394 2 3293 -1
7490 25 3238 -1
7517 1 3293 -1
7564 30 3293 3238 -1
7586 6 3238 -1
7594 3 3293 -1
7598 26 3238 -1
7614 37 3238 -1
7649 8 3238 -1
7663 1 3238 -1
7664 1 3238 -1
7665 5 3238 -1
7682 15 3297 -1
7774 30 3293 -1
7862 8 3293 -1
7865 22 3293 -1
7902 18 3293 -1
8060 5 3293 -1
8061 3 3293 -1