11 733 3645 3680 3635 3661 3650 3615 3631 3660 3607 -1
20 153 3614 -1
24 270 3660 3643 3661 3607 -1
27 89 3643 -1
29 136 3643 -1
36 231 3680 -1
53 25 3650 -1
66 41 3680 -1
68 187 3634 3643 3635 3614 3691 3661 3607 -1
71 68 3635 -1
72 113 3607 -1
109 166 3634 3614 -1
122 193 3661 3615 3645 3635 -1
127 83 3680 -1
128 51 3680 -1
143 95 3631 -1
147 50 3643 -1
166 77 3650 -1
172 120 3670 3614 -1
173 332 3643 -1
178 52 3634 -1
180 54 3681 -1
216 7 3634 -1
266 13 3680 -1
275 47 3650 -1
291 30 3635 -1
302 9 3635 -1
306 215 3680 -1
310 236 3664 3643 3634 3643 -1
319 193 3607 3691 3643 -1
371 117 3645 -1
383 19 3615 -1
395 37 3634 -1
405 17 3680 -1
406 33 3631 -1
407 101 3645 -1
432 155 3635 3680 -1
457 640 3680 3615 3614 3634 3660 3661 3691 3643 -1
546 107 3614 3650 -1
556 117 3661 -1
580 28 3664 -1
633 48 3607 -1
663 133 3661 3635 -1
695 87 3680 3607 -1
697 85 3635 3631 -1
704 82 3680 -1
722 124 3680 -1
737 120 3631 -1
749 62 3607 3634 -1
759 55 3680 -1
763 45 3691 3664 -1
766 709 3614 3635 3607 3634 3664 3615 3691 3645 3631 3631 3643 -1
784 205 3650 3615 3680 3631 3661 -1
789 209 3664 3607 3631 -1
798 12 3661 3660 -1
813 261 3615 3650 -1
825 139 3635 3631 3660 3650 3614 -1
841 22 3664 -1
856 30 3680 -1
861 16 3680 -1
879 108 3661 3650 3635 3607 3680 -1
947 21 3615 -1
964 4 3634 -1
982 32 3615 -1
988 257 3680 3681 3670 3645 -1
1031 16 3650 -1
1034 34 3680 -1
1062 157 3645 -1
1074 75 3634 -1
1075 59 3650 -1
1133 282 3660 3691 3643 3645 3661 3607 3615 3664 3635 -1
1137 104 3643 3615 -1
1142 28 3680 -1
1151 460 3680 3643 -1
1166 318 3643 3650 3615 3607 3631 3635 -1
1167 78 3650 -1
1168 5 3660 -1
1184 57 3635 -1
1196 4 3645 -1
1210 221 3670 3634 -1
1236 98 3615 -1
1259 41 3680 -1
1286 55 3643 3680 -1
1305 227 3680 -1
1306 19 3680 -1
1319 185 3650 -1
1374 385 3631 -1
1381 51 3634 -1
1467 8 3664 -1
1468 19 3645 -1
1470 115 3607 3614 -1
1473 70 3680 -1
1492 159 3645 -1
1500 26 3615 -1
1522 90 3670 -1
1542 237 3645 3634 -1
1549 522 3631 3615 3634 3661 3691 3643 3650 3680 -1
1550 20 3650 3660 -1
1552 50 3607 -1
1583 78 3650 -1
1614 71 3680 -1
1621 76 3645 -1
1622 39 3680 -1
1623 36 3634 -1
1626 2 3650 -1
1639 36 3631 3680 -1
1661 36 3635 3645 -1
1717 98 3680 3614 3607 -1
1733 40 3607 -1
1748 37 3635 3661 -1
1749 63 3670 -1
1767 75 3680 -1
1769 64 3615 -1
1796 38 3614 -1
1811 37 3634 -1
1814 79 3645 -1
1820 90 3650 -1
1838 54 3631 -1
1848 13 3680 -1
1869 4 3680 -1
1885 43 3650 -1
1922 126 3650 -1
1951 26 3615 -1
1972 184 3680 3650 -1
1980 44 3660 -1
1985 57 3650 -1
2003 42 3607 -1
2009 46 3680 -1
2014 11 3607 -1
2105 3 3681 -1
2114 31 3680 -1
2118 114 3607 -1
2129 42 3645 -1
2135 143 3691 3614 -1
2144 17 3660 -1
2145 134 3631 3645 3664 -1
2172 24 3614 -1
2186 57 3607 -1
2226 23 3607 -1
2230 38 3680 -1
2231 26 3614 -1
2237 254 3660 3680 3650 3643 3661 3645 3615 3635 -1
2240 106 3615 -1
2256 125 3643 3635 3614 -1
2257 47 3680 -1
2258 90 3631 -1
2264 51 3660 3691 -1
2276 21 3614 -1
2277 6 3643 -1
2290 95 3670 3680 -1
2297 150 3615 3650 3607 3661 -1
2298 26 3660 -1
2299 65 3615 -1
2322 15 3645 -1
2326 249 3631 3645 3680 3615 3661 3660 3681 3646 3670 3650 -1
2328 205 3661 3615 3650 3607 -1
2356 57 3615 3650 -1
2369 134 3643 3634 -1
2371 93 3634 -1
2379 46 3631 3615 -1
2381 37 3631 3607 3631 -1
2387 52 3643 -1
2398 56 3650 -1
2411 96 3615 3680 3645 3650 3635 -1
2440 43 3664 3643 -1
2456 31 3607 -1
2474 101 3631 -1
2485 286 3660 3615 3650 3680 3645 -1
2488 20 3607 -1
2493 5 3634 -1
2497 37 3629 -1
2504 82 3650 3607 -1
2506 28 3631 -1
2516 36 3664 3680 -1
2535 24 3607 -1
2544 9 3615 -1
2547 64 3650 -1
2548 12 3645 -1
2549 63 3650 3615 -1
2557 77 3643 3607 -1
2559 54 3680 -1
2560 89 3615 3650 3661 -1
2564 49 3635 3680 -1
2565 827 3664 3607 3691 3680 3615 3631 3646 3670 3681 3650 3609 3645 3661 3660 3635 -1
2576 138 3643 3670 -1
2585 46 3645 3615 -1
2593 26 3650 -1
2595 42 3650 3615 -1
2605 58 3643 3660 -1
2614 4 3680 -1
2646 30 3645 -1
2651 216 3680 3607 3650 3635 3661 3645 3615 3691 -1
2653 102 3650 3680 3645 3634 3615 -1
2654 56 3650 -1
2657 35 3645 -1
2658 231 3660 3661 3691 3609 3664 -1
2660 148 3607 3670 -1
2667 93 3643 3614 3691 -1
2674 83 3650 -1
2686 120 3643 3670 3614 -1
2688 516 3615 3645 3661 3680 3634 3664 3631 3691 3614 3635 3607 3670 3643 -1
2693 132 3615 3660 3664 3607 3643 -1
2696 61 3661 -1
2697 45 3650 3615 -1
2699 63 3650 -1
2700 113 3680 3615 3661 -1
2704 40 3650 -1
2707 100 3645 3650 -1
2713 166 3670 3660 3615 3645 3650 3661 -1
2747 65 3650 3680 3670 -1
2765 30 3634 -1
2790 145 3680 3650 3670 -1
2799 6 3680 -1
2811 9 3607 -1
2831 39 3631 -1
2832 27 3650 3645 -1
2842 93 3645 -1
2851 45 3643 -1
2859 90 3645 3615 3650 -1
2871 165 3661 3650 3615 -1
2900 28 3650 -1
2923 33 3680 3646 -1
2932 50 3635 3661 3615 -1
2935 30 3607 -1
2951 14 3615 -1
2958 48 3645 3650 -1
2964 59 3615 -1
2967 232 3615 3635 3631 3607 3691 3680 3660 3609 -1
2968 37 3650 -1
2972 271 3691 3664 3607 3635 3661 3615 3650 3634 3645 -1
2988 56 3615 -1
2991 6 3615 -1
3009 38 3614 3643 3650 -1
3010 118 3670 3680 3650 -1
3018 18 3680 -1
3024 47 3650 -1
3026 151 3650 3615 3607 3635 3680 3645 -1
3028 99 3670 3635 3634 3650 3614 3661 -1
3032 205 3670 3615 3635 3681 3645 -1
3033 38 3650 -1
3034 38 3615 3661 -1
3046 10 3646 -1
3055 42 3650 -1
3081 14 3607 -1
3084 52 3680 -1
3086 7 3607 -1
3107 10 3660 -1
3110 19 3615 3635 -1
3142 41 3681 -1
3144 66 3650 3661 3660 3680 -1
3148 18 3650 -1
3168 69 3631 3615 3650 -1
3172 13 3664 -1
3180 23 3670 -1
3191 55 3691 -1
3192 39 3650 3615 -1
3196 19 3650 -1
3200 8 3615 -1
3209 32 3691 -1
3225 13 3615 -1
3252 33 3650 -1
3256 20 3650 -1
3258 69 3615 3643 3660 -1
3274 60 3635 -1
3276 60 3661 3615 3681 3650 -1
3290 29 3650 -1
3292 8 3631 -1
3301 15 3680 -1
3304 31 3646 -1
3306 2 3645 -1
3317 15 3661 -1
3321 16 3691 -1
3333 14 3681 -1
3334 11 3645 -1
3350 55 3660 3635 3615 -1
3352 165 3607 3635 3670 3615 3660 3664 3691 3650 3645 3661 -1
3373 12 3615 -1
3375 36 3680 3615 3645 -1
3378 37 3635 -1
3380 33 3615 -1
3381 177 3631 3634 -1
3388 11 3645 -1
3392 26 3650 -1
3394 121 3634 3615 3635 3645 3660 3650 -1
3402 88 3645 3607 -1
3404 73 3680 3643 3650 -1
3439 69 3631 3670 3650 -1
3447 214 3664 3635 -1
3449 306 3635 3645 3664 3643 3607 3614 -1
3450 27 3645 -1
3451 49 3645 3660 3635 -1
3452 91 3635 3643 -1
3453 241 3635 3607 3643 3691 -1
3454 124 3660 3680 3635 3645 3615 -1
3455 59 3643 -1
3456 250 3664 3635 3645 3660 3661 3607 3691 -1
3457 97 3650 3680 3661 3634 -1
3458 61 3634 -1
3459 73 3643 -1
3461 49 3607 -1
3463 54 3664 3635 -1
3466 12 3680 -1
3469 21 3615 -1
3470 21 3670 -1
3472 9 3635 -1
3477 45 3681 3646 3650 -1
3479 83 3631 3691 3615 3661 -1
3480 12 3650 -1
3483 16 3634 -1
3498 96 3631 -1
3508 7 3680 -1
3519 49 3661 3615 -1
3522 53 3650 3691 -1
3525 13 3680 -1
3527 47 3650 3631 -1
3541 62 3645 3680 3650 -1
3553 5 3670 -1
3556 11 3680 -1
3557 7 3645 3615 -1
3562 38 3650 -1
3567 17 3670 3680 -1
3568 128 3635 3661 3615 3645 3660 -1
3571 39 3634 3643 -1
3586 135 3634 -1
3589 5 3681 -1
3591 12 3615 3645 -1
3600 6 3650 -1
3601 41 3645 -1
3611 19 3680 -1
3613 1 3616 -1
3614 187 3643 3634 3691 3607 -1
3615 113 3660 3664 3607 3645 3635 3691 3650 -1
3622 22 3650 -1
3624 49 3660 -1
3630 30 3650 3661 3660 -1
3631 70 3660 3615 3650 -1
3632 1 3650 -1
3633 26 3680 3650 -1
3634 57 3650 3643 3635 -1
3635 33 3615 3660 3650 -1
3636 11 3646 3650 -1
3637 4 3650 -1
3638 1 3650 -1
3639 11 3650 -1
3640 1 3650 -1
3641 194 3643 3650 3607 3631 3643 3615 -1
3642 291 3650 3634 3614 3643 -1
3643 35 3634 3650 3645 -1
3645 34 3650 -1
3646 9 3650 -1
3647 13 3650 -1
3658 38 3664 -1
3659 32 3660 -1
3660 67 3645 3615 3646 3631 3607 -1
3661 28 3615 3631 -1
3666 125 3615 3660 3661 -1
3678 13 3680 -1
3691 70 3615 3634 -1
3719 14 3645 -1
3720 9 3615 -1
3724 69 3645 3661 3615 3660 -1
3752 15 3615 -1
3771 2 3643 -1
3777 7 3646 -1
3786 72 3631 -1
3787 233 3631 -1
3796 107 3615 3635 3664 3607 3691 -1
3806 31 3643 -1
3813 72 3615 3660 3661 3645 -1
3814 24 3615 -1
3819 9 3631 -1
3854 79 3607 3643 -1
3855 6 3615 -1
3877 10 3643 3643 -1
3902 16 3635 -1
3911 2 3643 -1
3912 15 3615 -1
3917 23 3645 -1
3919 14 3614 -1
3925 6 3634 -1
3956 55 3645 -1
3965 79 3615 3645 -1
3969 58 3607 3635 3615 3661 -1
3971 4 3661 -1
3973 20 3615 -1
3977 13 3645 -1
3985 26 3635 3631 3634 -1
3995 53 3634 -1
3998 2 3664 -1
4001 27 3660 -1
4009 2 3631 -1
4036 139 3607 3631 -1
4040 71 3643 3615 3635 -1
4041 54 3634 3691 3643 -1
4042 21 3615 3631 -1
4044 53 3607 -1
4045 244 3643 3635 3607 3614 3645 3664 -1
4063 26 3645 -1
4065 104 3661 3607 3615 3634 3645 -1
4070 56 3691 -1
4072 21 3643 -1
4073 90 3634 3645 3643 3614 3643 -1
4074 33 3661 3660 3645 3664 -1
4076 52 3615 -1
4077 63 3635 3645 -1
4099 101 3643 3634 3635 -1
4111 10 3645 -1
4123 23 3615 3631 -1
4124 27 3615 3660 -1
4127 42 3631 -1
4136 27 3631 3615 -1
4138 59 3645 -1
4142 30 3645 3660 3661 3635 -1
4151 79 3615 3660 3664 3643 3645 -1
4152 34 3615 3660 -1
4189 9 3643 3643 -1
4197 2 3615 -1
4211 39 3661 3635 -1
4214 8 3645 -1
4219 101 3643 3691 3607 3635 -1
4222 28 3635 -1
4224 5 3635 -1
4228 3 3615 -1
4231 1 3615 -1
4238 1 3631 -1
4266 11 3660 -1
4276 47 3643 3664 -1
4295 16 3645 -1
4297 32 3691 3645 -1
4298 10 3643 3643 -1
4310 225 3643 3634 3614 -1
4312 5 3645 -1
4315 19 3660 3645 -1
4324 8 3660 -1
4331 2 3634 -1
4338 11 3607 -1
4353 69 3634 -1
4355 40 3634 3661 -1
4357 1 3661 -1
4375 3 3660 -1
4422 7 3645 -1
4437 33 3635 -1
4441 186 3614 3664 3634 3635 3691 -1
4448 32 3664 -1
4454 1 3645 -1
4455 16 3645 -1
4456 3 3645 -1
4457 1 3645 -1
4471 3 3664 -1
4483 137 3691 -1
4485 11 3635 -1
4502 2 3664 -1
4536 58 3643 -1
4557 15 3643 -1
4564 30 3643 -1
4587 25 3634 -1
4632 202 3643 -1
4653 80 3691 3664 -1
4661 19 3635 -1
4662 44 3631 -1
4673 68 3614 3634 -1
4682 14 3635 -1
4686 40 3691 3664 -1
4688 59 3635 3607 3643 -1
4712 91 3643 3635 -1
4718 31 3691 -1
4723 1 3635 -1
4725 33 3664 -1
4756 32 3691 -1
4764 52 3631 -1
4795 66 3634 -1
4813 45 3614 -1
4829 57 3691 -1
4846 24 3664 3691 -1
4859 29 3607 -1
4899 160 3664 3643 3691 3634 -1
4948 194 3691 3607 3664 -1
4964 51 3664 3631 -1
4967 317 3614 3634 3691 3631 3664 3643 -1
4994 17 3634 -1
5002 116 3631 3634 3643 -1
5003 2 3607 -1
5020 45 3643 -1
5022 173 3614 -1
5079 240 3691 3643 3634 3614 -1
5102 48 3643 -1
5103 118 3614 3634 3631 -1
5106 24 3643 -1
5110 84 3664 3614 -1
5119 18 3664 -1
5123 60 3634 -1
5125 16 3634 -1
5139 8 3643 -1
5140 50 3691 3634 -1
5154 2 3664 -1
5155 16 3691 -1
5166 41 3643 -1
5171 40 3643 3634 -1
5173 121 3631 -1
5176 100 3643 -1
5177 92 3614 3634 -1
5179 212 3614 3643 3631 -1
5180 47 3643 -1
5184 64 3643 -1
5185 120 3614 3634 -1
5188 211 3631 3634 -1
5189 237 3634 -1
5193 15 3634 -1
5215 7 3634 -1
5217 17 3631 -1
5246 29 3643 -1
5261 2 3691 -1
5262 35 3691 3643 -1
5263 74 3691 -1
5296 15 3634 -1
5301 42 3643 -1
5316 22 3643 3634 -1
5399 8 3643 -1
5423 36 3614 -1
5452 18 3634 -1
5520 2 3643 -1
5524 402 3631 3634 -1
5529 31 3631 -1
5531 224 3631 3634 -1
5534 11 3643 -1
5543 128 3634 3643 -1
5582 105 3634 3631 3643 -1
5596 11 3631 -1
5612 38 3634 -1
5655 48 3643 -1
5691 49 3643 -1
5697 219 3614 3631 3634 -1
5702 10 3634 -1
5714 42 3643 -1
5739 37 3643 -1
5775 39 3631 -1
5796 173 3634 3614 3643 -1
5797 3 3634 -1
5799 14 3614 -1
5802 248 3634 3614 -1
5803 2 3634 -1
5812 42 3634 3614 -1
5816 50 3634 -1
5818 40 3614 -1
5819 52 3634 3643 -1
5822 81 3634 -1
5834 6 3643 -1
5857 62 3634 3643 -1
5871 51 3643 -1
5961 9 3614 -1
5980 4 3634 -1
5998 80 3634 -1
6024 7 3634 -1
6028 1 3643 -1
6068 30 3634 -1
6146 8 3614 -1
6220 13 3634 -1
6241 64 3634 -1
6248 10 3634 -1
6270 57 3634 -1
6272 80 3634 -1
6305 147 3634 3631 -1
6324 6 3614 -1
6327 71 3631 -1
6360 35 3614 -1
6394 6 3634 -1
6479 13 3634 -1
6488 19 3634 -1
6494 70 3631 -1
6503 4 3634 -1
6518 30 3631 -1
6544 1 3634 -1
6545 5 3634 -1
6546 2 3634 -1
6547 1 3634 -1
6548 8 3634 -1
6615 119 3631 -1
6620 91 3631 -1
6624 122 3631 -1
6665 25 3631 -1
6714 92 3631 -1
6906 49 3631 -1
6907 183 3631 -1
6913 34 3631 -1
6918 23 3631 -1
7099 15 3631 -1
7104 15 3631 -1
7184 1 3631 -1
7187 1 3631 -1
7188 12 3631 -1
7189 3 3631 -1