24 270 6955 -1
29 136 6913 6946 -1
36 231 6955 -1
68 187 6914 -1
86 101 6930 -1
87 164 6930 -1
99 15 6918 -1
103 55 6946 -1
109 166 6946 6901 6979 6914 6955 6934 6913 6980 6934 -1
136 64 6913 -1
143 95 6979 -1
155 16 6993 -1
166 77 6945 -1
173 332 6994 -1
231 44 6930 -1
311 312 6918 -1
319 193 6913 6930 -1
395 37 6934 6976 -1
406 33 6979 -1
457 640 6901 6930 6907 6913 -1
600 171 6946 -1
643 44 6934 -1
691 24 6930 -1
737 120 6930 6934 6946 6946 6913 6979 6946 6976 -1
766 709 6930 6907 6934 6976 6946 6980 6901 -1
791 29 6914 -1
896 25 6934 6979 6979 -1
948 26 6907 -1
967 12 6918 6946 -1
988 257 6980 6946 -1
1041 31 6934 -1
1051 48 6955 -1
1074 75 6930 -1
1098 260 6934 6979 6953 6955 6913 6976 6980 6946 -1
1151 460 6955 6914 -1
1166 318 6918 -1
1204 58 6980 -1
1210 221 6901 6934 6930 -1
1365 7 6914 -1
1374 385 6914 6980 6934 6918 6946 -1
1542 237 6955 6914 -1
1691 47 6914 -1
1823 45 6979 6979 -1
1835 55 6930 -1
1982 26 6948 6994 -1
2003 42 6918 -1
2059 3 6980 6907 -1
2067 3 6914 -1
2120 56 6980 -1
2145 134 6901 -1
2186 57 6913 -1
2192 3 6914 -1
2240 106 6913 -1
2249 38 6913 6976 -1
2297 150 6914 -1
2330 2 6914 -1
2369 134 6955 -1
2481 8 6955 -1
2485 286 6914 6934 6976 -1
2560 89 6980 6918 -1
2565 827 6934 6979 6946 6980 6918 6914 6946 6901 6913 6976 6948 6979 6945 6953 6993 6955 6930 6907 6946 -1
2576 138 6918 6980 -1
2619 44 6914 6955 6980 -1
2620 26 6901 -1
2623 47 6994 -1
2658 231 6979 6976 6907 -1
2677 37 6953 6946 6946 6930 6979 6913 -1
2688 516 6901 -1
2693 132 6901 6955 -1
2697 45 6976 -1
2707 100 6976 6913 -1
2790 145 6945 6953 -1
2831 39 6913 -1
2851 45 6980 6955 -1
2972 271 6930 6955 6946 -1
3032 205 6918 -1
3073 33 6907 6918 -1
3084 52 6980 -1
3142 41 6946 -1
3293 8 6955 -1
3297 39 6918 -1
3366 31 6914 -1
3378 37 6934 -1
3380 33 6946 6918 -1
3381 177 6948 6976 6930 6918 6934 6901 6955 6913 6907 6945 -1
3439 69 6930 -1
3447 214 6914 6955 6979 6907 6913 6946 6934 -1
3456 250 6907 -1
3478 42 6918 -1
3498 96 6918 -1
3571 39 6976 -1
3586 135 6979 6930 6942 6976 6907 6934 6913 -1
3631 70 6918 -1
3634 57 6976 -1
3641 194 6934 6948 6955 6930 6901 -1
3642 291 6946 6934 6918 6948 6924 6934 6901 6953 6924 6913 6930 6914 -1
3655 7 6918 -1
3665 13 6946 -1
3691 70 6934 6945 -1
3764 6 6955 -1
3772 1 6930 -1
3775 10 6979 -1
3787 233 6979 6948 6934 -1
3812 32 6946 -1
3910 14 6918 -1
3965 79 6976 -1
4036 139 6907 6946 6918 -1
4040 71 6934 6980 6914 -1
4045 244 6901 6930 -1
4071 15 6930 -1
4099 101 6913 6934 -1
4110 4 6914 -1
4151 79 6914 -1
4164 3 6907 -1
4221 41 6934 -1
4310 225 6979 6945 6946 6980 6907 6946 6946 6913 -1
4318 2 6914 -1
4335 28 6980 -1
4347 33 6918 -1
4437 33 6976 6955 6907 -1
4441 186 6980 6934 -1
4483 137 6914 6934 6979 6946 6979 6955 -1
4534 16 6914 -1
4536 58 6907 -1
4550 81 6945 6979 6948 6953 6955 -1
4616 6 6930 -1
4632 202 6955 6976 6933 6979 6914 6946 6948 6934 -1
4647 9 6907 -1
4662 44 6946 -1
4669 9 6913 -1
4712 91 6955 6942 -1
4717 57 6979 -1
4764 52 6901 -1
4795 66 6980 6913 6914 6979 -1
4824 88 6913 6976 -1
4828 105 6901 6955 6930 6913 6994 -1
4879 20 6907 -1
4899 160 6946 -1
4924 9 6913 -1
4943 31 6913 6980 6976 6914 -1
4948 194 6946 6914 6907 -1
4967 317 6930 6901 6976 6946 6955 6945 -1
4974 41 6913 -1
4988 22 6918 -1
5002 116 6980 6946 6948 6979 6914 6979 -1
5016 8 6914 -1
5022 173 6934 6953 6930 6979 6948 6945 6938 6933 6955 -1
5028 40 6907 -1
5053 53 6980 6934 6907 6955 -1
5059 15 6946 6913 -1
5079 240 6934 6946 6913 6976 6948 -1
5102 48 6918 6980 -1
5103 118 6914 -1
5106 24 6980 -1
5143 8 6913 6907 -1
5166 41 6930 -1
5173 121 6918 6979 6946 6907 6976 6946 -1
5177 92 6934 6979 -1
5179 212 6913 6948 6945 6979 6907 6946 6918 -1
5185 120 6953 6945 6930 6955 6938 6933 -1
5188 211 6945 6913 6918 6930 6901 6955 6976 -1
5189 237 6946 6946 6913 6979 6918 6946 -1
5200 14 6979 -1
5201 12 6980 -1
5217 17 6934 6907 -1
5233 19 6914 -1
5246 29 6993 6976 -1
5254 34 6946 -1
5316 22 6913 -1
5342 22 6979 6913 -1
5378 13 6946 -1
5401 3 6976 -1
5439 39 6930 -1
5487 23 6914 -1
5524 402 6945 6976 6980 6979 6914 6913 6946 6918 6934 6901 6934 6993 6946 6955 6946 6907 6930 6979 -1
5529 31 6979 6955 6979 -1
5531 224 6907 6901 6946 6930 6913 6946 -1
5543 128 6930 6955 6901 6953 -1
5550 12 6946 -1
5553 36 6914 6930 -1
5582 105 6913 6955 6976 -1
5604 5 6945 -1
5630 31 6930 6901 -1
5646 1 6953 -1
5655 48 6976 -1
5658 10 6980 -1
5692 19 6913 -1
5697 219 6901 6979 6930 6955 -1
5714 42 6930 -1
5739 37 6934 6901 -1
5773 63 6934 6976 6914 6955 6913 -1
5775 39 6914 6946 -1
5796 173 6953 6955 6980 6913 6976 6934 -1
5800 182 6938 6976 6982 6980 6946 6913 6934 6979 6918 6907 6946 6979 6946 -1
5802 248 6976 6914 6934 6979 6907 6901 6980 6913 6946 6955 6979 -1
5804 22 6914 -1
5806 45 6907 -1
5810 26 6907 -1
5811 65 6934 6901 6994 6945 6953 6930 -1
5812 42 6979 6901 6979 -1
5814 106 6946 6913 6979 6980 -1
5816 50 6955 -1
5817 30 6976 6955 -1
5819 52 6980 -1
5822 81 6934 6913 -1
5824 29 6901 6946 6930 -1
5827 14 6913 -1
5839 36 6934 -1
5857 62 6948 6946 -1
5862 24 6955 6945 -1
5871 51 6980 -1
5872 25 6907 -1
5915 39 6914 -1
5920 9 6918 6946 -1
5934 32 6901 -1
5949 3 6976 -1
5966 4 6946 -1
5998 80 6946 6946 6934 6914 -1
6006 47 6945 6907 6918 -1
6016 10 6914 -1
6020 23 6980 -1
6032 70 6946 6930 6913 6955 6980 6918 6901 -1
6072 45 6946 6914 -1
6177 2 6934 -1
6180 3 6907 -1
6198 12 6979 -1
6204 4 6930 -1
6218 47 6913 -1
6241 64 6976 -1
6242 4 6930 -1
6270 57 6930 6901 6955 6979 6994 6946 6913 -1
6272 80 6946 6955 6979 6976 6979 6914 -1
6299 70 6979 6907 6934 6953 6934 6901 -1
6305 147 6930 6979 6918 -1
6316 15 6907 -1
6323 49 6930 6976 6979 6979 -1
6325 5 6979 -1
6327 71 6901 6994 6976 6913 6979 -1
6359 72 6901 6930 6976 6934 6913 -1
6360 35 6994 -1
6398 15 6955 -1
6414 15 6913 6914 -1
6421 15 6934 6993 -1
6443 51 6913 6918 -1
6445 7 6914 -1
6456 3 6930 -1
6458 22 6907 6930 -1
6460 56 6993 6946 -1
6486 57 6907 6913 6976 -1
6494 70 6914 6955 6979 6946 -1
6500 5 6930 -1
6502 12 6914 -1
6510 54 6946 6934 -1
6518 30 6976 6980 -1
6523 31 6934 6948 6976 -1
6538 7 6918 -1
6552 27 6979 -1
6560 42 6980 6946 6976 6913 -1
6563 54 6979 6934 6907 6994 6982 6946 -1
6577 10 6934 -1
6595 12 6948 -1
6596 137 6993 6946 6914 6980 6934 6913 -1
6611 11 6913 6930 -1
6613 8 6948 -1
6615 119 6980 6930 6946 6955 6913 6979 6945 6946 6901 6976 -1
6618 79 6994 6946 6955 6924 6913 -1
6619 77 6955 6930 6934 6913 6946 6976 -1
6620 91 6982 6948 6946 6930 6945 6955 6901 6976 -1
6624 122 6946 6980 6913 6907 6914 6934 -1
6634 4 6946 6946 -1
6635 11 6913 -1
6649 23 6901 6934 6930 -1
6714 92 6913 6976 6946 6946 6934 -1
6736 31 6901 6930 -1
6772 49 6980 6979 6901 6946 6913 6976 6914 -1
6774 23 6993 6913 -1
6781 5 6979 -1
6784 41 6901 6913 6934 -1
6804 5 6907 -1
6846 6 6930 -1
6848 6 6901 6913 -1
6865 16 6913 6901 6930 -1
6875 15 6980 -1
6896 3 6934 -1
6900 29 6918 -1
6902 20 6901 -1
6906 49 6913 6976 -1
6907 183 6913 6914 6946 6994 6946 6979 6918 6976 6934 -1
6911 2 6976 -1
6913 34 6946 -1
6914 52 6913 6979 -1
6916 30 6946 6980 6907 -1
6918 23 6907 -1
6924 12 6907 -1
6929 1 6930 -1
6934 51 6913 6907 6955 6914 -1
6938 2 6934 -1
6941 35 6923 6913 6976 -1
6946 25 6924 -1
6949 5 6979 6955 -1
6951 26 6979 6980 -1
6953 1 6955 -1
6954 2 6955 -1
6961 2 6993 -1
6976 37 6918 6914 -1
6993 75 6979 6980 6913 6976 6914 -1
6994 9 6913 -1
6996 1 6997 -1
7005 13 6914 -1
7012 10 6913 6914 -1
7024 3 6913 -1
7026 11 6979 6918 -1
7045 36 6980 6934 -1
7047 133 6979 6934 6914 6918 6980 6946 -1
7049 27 6980 -1
7052 114 6914 6934 6907 6924 6979 -1
7054 21 6934 6907 -1
7055 95 6946 6907 6934 6980 -1
7056 29 6993 6980 -1
7057 100 6980 6946 6907 6979 6918 6946 6934 6914 -1
7063 15 6913 6907 -1
7080 58 6980 6979 -1
7084 1 6946 -1
7085 1 6946 -1
7086 111 6918 6946 6946 6907 -1
7092 75 6980 6914 -1
7099 15 6907 6913 6976 -1
7100 15 6913 6976 -1
7104 15 6976 6913 -1
7131 23 6907 -1
7132 21 6913 -1
7150 10 6914 -1
7153 7 6907 6914 -1
7183 6 6914 6980 -1
7188 12 6976 -1
7217 1 6994 -1
7225 24 6914 -1
7231 87 6914 6907 6934 6980 -1
7232 1 6907 -1
7233 18 6946 6907 -1
7234 1 6907 -1
7235 1 6907 -1
7236 16 6907 -1
7237 8 6907 -1
7238 9 6907 -1
7239 21 6907 -1
7241 18 6914 6913 6976 -1
7276 5 6913 -1
7277 2 6913 -1
7278 3 6913 -1
7279 17 6913 -1
7280 71 6946 6918 6913 -1
7293 4 6976 -1
7294 37 6979 6993 -1
7295 6 6976 -1
7301 18 6946 6918 -1
7343 10 6914 -1
7352 11 6980 -1
7378 40 6946 6980 6918 6946 -1
7391 47 6993 -1
7405 17 6980 6946 -1
7407 1 6946 -1
7415 4 6914 -1
7425 7 6946 -1
7471 9 6914 -1
7490 25 6934 6993 -1
7511 14 6946 -1
7564 30 6946 6934 -1
7578 24 6946 6918 -1
7580 7 6934 -1
7598 26 6934 -1
7614 37 6914 -1
7647 2 6934 -1
7659 6 6934 -1
7666 13 6946 6924 6980 -1
7675 16 6946 -1
7682 15 6979 6946 -1
7691 18 6946 -1
7697 12 6980 -1
7701 2 6980 -1
7719 3 6914 -1
7727 26 6946 -1
7733 42 6914 6946 6979 -1
7740 1 6980 -1
7741 4 6980 -1
7742 1 6980 -1
7743 10 6914 6980 -1
7744 49 6979 6918 6914 -1
7774 30 6918 -1
7808 12 6914 -1
7818 15 6979 6946 -1
7833 4 6914 -1
7873 5 6914 -1
7874 4 6914 -1
7891 1 6914 -1
7892 1 6914 -1
7893 2 6914 -1
7894 1 6914 -1
7900 27 6918 6946 -1
7901 28 6918 6946 -1
7902 18 6946 -1
7931 2 6979 -1
8012 7 6946 -1
8035 1 6946 -1
8077 1 6918 -1
8243 3 6924 -1