11 733 4510 4531 4578 4528 4547 -1
24 270 4510 -1
36 231 4574 4578 -1
68 187 4574 4587 4536 -1
87 164 4510 -1
103 55 4536 -1
109 166 4536 -1
122 193 4530 4578 4531 -1
136 64 4530 -1
154 53 4531 -1
178 52 4578 -1
311 312 4534 4578 -1
319 193 4527 4551 4587 -1
335 48 4551 -1
425 49 4530 -1
432 155 4551 4587 4578 -1
445 4 4547 -1
457 640 4527 4536 4574 4530 4587 4536 4547 4534 -1
546 107 4578 4536 -1
582 29 4536 -1
600 171 4510 -1
633 48 4534 -1
695 87 4587 -1
697 85 4574 -1
766 709 4528 4527 4587 4551 4578 4530 4534 4531 4510 4547 -1
789 209 4551 4587 4527 4530 -1
813 261 4578 -1
825 139 4530 4578 4551 -1
879 108 4528 4531 4578 -1
988 257 4578 -1
996 279 4574 4530 -1
1000 34 4527 -1
1006 130 4510 -1
1024 40 4510 -1
1041 31 4587 -1
1055 139 4530 -1
1062 157 4531 -1
1097 93 4530 -1
1125 22 4578 -1
1127 58 4587 -1
1133 282 4527 4534 4587 4551 4531 4528 4574 4578 -1
1151 460 4530 4531 4510 4534 4551 -1
1166 318 4527 4547 -1
1200 92 4534 -1
1241 33 4536 -1
1247 69 4534 -1
1253 21 4510 -1
1319 185 4528 -1
1374 385 4534 4530 -1
1537 72 4578 4551 4536 4528 -1
1542 237 4547 4578 4534 4587 4527 -1
1549 522 4578 4574 4527 4587 -1
1608 344 4531 4530 -1
1621 76 4578 -1
1622 39 4578 -1
1667 32 4547 -1
1687 6 4528 -1
1697 42 4530 -1
1701 98 4578 4574 4527 -1
1707 29 4578 -1
1796 38 4536 -1
1811 37 4574 4536 -1
1813 33 4578 4531 -1
1823 45 4587 -1
1896 50 4536 4547 -1
1915 16 4587 -1
1982 26 4536 -1
2003 42 4531 -1
2033 13 4510 -1
2115 12 4574 -1
2120 56 4536 -1
2129 42 4531 4510 4547 4578 4528 -1
2135 143 4536 4530 4534 -1
2145 134 4574 4587 -1
2186 57 4574 -1
2237 254 4574 4528 4510 4551 4578 -1
2240 106 4528 -1
2258 90 4510 -1
2264 51 4530 -1
2297 150 4578 4528 -1
2299 65 4587 -1
2326 249 4500 4578 -1
2356 57 4528 -1
2365 58 4528 4530 4510 -1
2369 134 4547 4530 4587 4536 4536 -1
2379 46 4557 4552 -1
2381 37 4547 -1
2387 52 4574 4587 -1
2398 56 4528 4578 -1
2411 96 4531 4547 -1
2456 31 4531 -1
2473 83 4528 4531 -1
2481 8 4536 -1
2485 286 4574 4578 4510 -1
2516 36 4574 -1
2542 73 4510 -1
2549 63 4531 4587 4536 -1
2557 77 4551 -1
2565 827 4551 4530 4510 4547 4587 4531 4578 4536 4536 4528 -1
2576 138 4536 -1
2585 46 4574 4528 -1
2592 8 4587 -1
2596 13 4536 -1
2623 47 4527 -1
2651 216 4578 4530 4547 4551 4536 -1
2653 102 4510 4578 -1
2658 231 4510 4531 4588 -1
2660 148 4528 4510 4574 -1
2677 37 4536 -1
2680 6 4530 -1
2683 8 4587 -1
2688 516 4530 4578 4528 4536 4547 4574 4527 4534 4531 4587 4536 4510 4551 -1
2691 39 4510 4527 -1
2693 132 4547 -1
2696 61 4578 -1
2702 39 4574 4547 -1
2704 40 4574 -1
2707 100 4534 -1
2713 166 4510 -1
2727 35 4551 -1
2737 16 4510 -1
2744 36 4574 -1
2746 20 4528 -1
2790 145 4578 4536 -1
2819 12 4536 -1
2831 39 4578 4531 -1
2859 90 4531 4557 4500 4528 4510 4588 4588 -1
2871 165 4551 4510 4534 4547 4587 -1
2909 51 4587 4534 4528 -1
2923 33 4547 -1
2935 30 4588 -1
2951 14 4531 -1
2958 48 4528 -1
2967 232 4574 4578 4551 4510 -1
2972 271 4528 4534 4578 4547 4551 4587 4536 4527 -1
3009 38 4528 4578 -1
3015 30 4534 -1
3024 47 4578 -1
3026 151 4547 4578 4587 4510 -1
3027 31 4574 -1
3028 99 4510 4578 4551 -1
3032 205 4528 4510 4588 -1
3033 38 4510 -1
3034 38 4510 4531 4528 -1
3057 36 4587 -1
3092 52 4534 4587 -1
3110 19 4587 -1
3137 5 4578 -1
3144 66 4531 4578 -1
3168 69 4510 -1
3191 55 4587 4530 -1
3209 32 4587 -1
3227 20 4536 4536 -1
3258 69 4531 4510 -1
3274 60 4547 4574 4578 -1
3284 7 4557 -1
3290 29 4531 4587 -1
3291 56 4531 4578 -1
3315 13 4587 -1
3350 55 4510 4587 4528 -1
3352 165 4547 4587 4510 4528 -1
3366 31 4574 -1
3374 3 4534 -1
3375 36 4536 4528 -1
3378 37 4510 -1
3381 177 4536 -1
3388 11 4510 -1
3390 47 4530 -1
3394 121 4536 4578 4528 -1
3402 88 4547 -1
3404 73 4527 -1
3406 4 4587 -1
3435 3 4510 -1
3439 69 4531 4510 4536 -1
3443 13 4531 -1
3447 214 4530 4547 4587 4574 4551 -1
3448 3 4578 -1
3449 306 4551 4530 4587 4528 4574 4547 4531 4534 4527 -1
3450 27 4531 4578 4528 -1
3452 91 4551 4534 4527 -1
3453 241 4531 4528 4547 4587 4578 4551 4574 -1
3454 124 4531 4551 4578 4528 4510 4557 -1
3455 59 4588 4547 4551 -1
3456 250 4557 4588 4574 4587 4531 4578 4510 4536 -1
3458 61 4551 4547 -1
3459 73 4574 -1
3461 49 4578 4587 4529 -1
3462 36 4510 -1
3463 54 4551 4531 4528 4510 4578 -1
3472 9 4534 -1
3478 42 4527 -1
3479 83 4574 -1
3496 7 4531 -1
3498 96 4587 4534 -1
3519 49 4587 -1
3522 53 4510 4551 -1
3541 62 4578 -1
3568 128 4547 4536 4530 4551 4578 -1
3591 12 4578 -1
3601 41 4578 4530 -1
3614 187 4587 4510 4527 4530 4534 4574 4551 -1
3615 113 4578 4547 4587 4531 -1
3624 49 4587 4528 -1
3630 30 4510 4531 -1
3631 70 4510 -1
3634 57 4574 4587 -1
3641 194 4587 4547 -1
3642 291 4534 4574 4527 4536 4530 -1
3643 35 4530 4578 -1
3645 34 4528 4531 4510 -1
3660 67 4531 4510 4528 -1
3665 13 4536 -1
3666 125 4547 4536 4534 4530 -1
3673 5 4547 -1
3724 69 4510 -1
3725 3 4528 -1
3728 71 4587 -1
3786 72 4536 4530 4536 4574 -1
3787 233 4536 4536 4530 4578 4551 -1
3788 2 4574 -1
3792 19 4578 -1
3796 107 4528 4574 4578 4534 4587 4547 4531 -1
3803 8 4551 -1
3812 32 4587 4578 -1
3813 72 4534 4536 4536 -1
3835 26 4588 -1
3854 79 4530 4547 4578 4510 -1
3897 7 4551 -1
3919 14 4547 4587 -1
3956 55 4528 4531 4578 -1
3958 16 4531 -1
3965 79 4578 -1
3969 58 4587 -1
3976 43 4547 -1
3977 13 4578 -1
3983 4 4534 -1
3985 26 4578 -1
3995 53 4574 4587 4547 -1
4001 27 4536 -1
4036 139 4530 4574 -1
4040 71 4531 4578 -1
4041 54 4530 -1
4044 53 4551 4578 4531 4551 -1
4045 244 4551 4547 4574 4536 4534 4578 4527 4510 4528 -1
4051 1 4510 -1
4062 4 4578 -1
4065 104 4578 4531 4551 4510 -1
4068 6 4528 -1
4070 56 4534 4547 4587 -1
4072 21 4578 -1
4073 90 4547 4530 4551 -1
4074 33 4547 -1
4077 63 4547 4528 -1
4099 101 4530 4547 -1
4123 23 4578 -1
4127 42 4528 4531 4578 -1
4138 59 4530 -1
4150 13 4531 -1
4151 79 4578 4531 4587 -1
4152 34 4531 -1
4187 8 4531 -1
4191 14 4531 -1
4212 30 4587 4547 4551 -1
4219 101 4578 4528 4547 -1
4221 41 4536 4547 -1
4222 28 4528 4536 4578 4510 -1
4261 23 4531 -1
4273 19 4578 -1
4276 47 4527 4547 -1
4290 2 4531 -1
4295 16 4536 -1
4297 32 4528 -1
4310 225 4574 4534 4530 4587 4536 4527 -1
4312 5 4578 -1
4327 2 4528 -1
4335 28 4529 4578 -1
4351 4 4510 4531 -1
4353 69 4587 -1
4355 40 4531 4530 -1
4429 9 4531 -1
4433 17 4531 -1
4441 186 4551 4547 4574 -1
4448 32 4547 4578 4529 4531 4587 -1
4451 6 4510 -1
4455 16 4536 4578 -1
4482 6 4587 -1
4483 137 4587 4547 -1
4486 9 4587 -1
4487 6 4587 4551 -1
4488 35 4530 -1
4492 2 4510 -1
4526 2 4528 -1
4530 6 4531 -1
4531 8 4531 4578 -1
4533 1 4531 -1
4534 16 4531 -1
4535 5 4578 4531 -1
4536 58 4531 4578 4530 -1
4540 1 4541 -1
4547 41 4557 -1
4550 81 4530 -1
4553 2 4557 -1
4554 1 4557 -1
4557 15 4527 -1
4564 30 4578 -1
4565 2 4578 -1
4574 37 4578 -1
4575 2 4578 -1
4576 8 4536 4530 4578 -1
4577 2 4578 -1
4598 34 4536 -1
4632 202 4574 4534 -1
4653 80 4587 4530 4547 4536 4574 -1
4661 19 4547 -1
4662 44 4536 -1
4673 68 4587 -1
4682 14 4551 -1
4686 40 4587 4534 -1
4688 59 4551 -1
4712 91 4534 4574 -1
4717 57 4587 4536 -1
4725 33 4551 4547 -1
4726 12 4587 -1
4748 19 4527 -1
4756 32 4588 -1
4764 52 4547 4536 -1
4781 28 4574 -1
4788 15 4551 -1
4796 3 4534 -1
4813 45 4587 -1
4824 88 4574 4534 -1
4828 105 4530 -1
4829 57 4587 -1
4846 24 4587 -1
4859 29 4551 4547 -1
4864 4 4587 -1
4881 3 4530 -1
4899 160 4534 4574 4587 4547 -1
4948 194 4547 4587 -1
4964 51 4574 -1
4966 25 4536 -1
4967 317 4530 4534 4547 4587 4527 4574 4536 4536 -1
4974 41 4587 4574 -1
4976 20 4587 4574 -1
4981 49 4587 -1
4982 27 4536 -1
4988 22 4551 -1
5002 116 4536 -1
5006 16 4547 -1
5008 23 4587 -1
5009 14 4547 -1
5013 6 4587 -1
5020 45 4530 -1
5022 173 4507 4574 -1
5037 18 4536 4530 4536 -1
5050 7 4587 -1
5061 4 4527 -1
5079 240 4574 4587 4547 4536 4534 4536 4527 -1
5099 9 4587 -1
5102 48 4507 -1
5103 118 4536 -1
5110 84 4547 -1
5119 18 4547 -1
5123 60 4574 4534 -1
5125 16 4534 -1
5136 1 4536 -1
5139 8 4547 -1
5140 50 4574 4547 -1
5150 14 4536 4530 4547 -1
5171 40 4574 -1
5173 121 4536 -1
5175 20 4534 -1
5176 100 4534 4527 4587 4530 4536 -1
5177 92 4536 -1
5179 212 4534 4530 4536 4536 -1
5180 47 4534 4536 4527 4574 -1
5181 29 4574 -1
5182 14 4534 -1
5184 64 4587 -1
5187 28 4530 4536 -1
5188 211 4534 4536 4530 4536 4574 -1
5189 237 4574 4587 4534 -1
5190 56 4587 -1
5200 14 4587 -1
5203 12 4587 -1
5243 11 4587 -1
5254 34 4536 -1
5262 35 4574 4527 -1
5263 74 4527 4587 4536 4530 -1
5273 12 4536 -1
5285 20 4587 4536 4530 -1
5295 23 4530 4536 -1
5299 1 4587 -1
5300 1 4587 -1
5301 42 4527 4574 -1
5316 22 4574 -1
5317 10 4536 -1
5396 9 4500 4536 -1
5419 8 4534 -1
5421 4 4500 -1
5437 24 4574 4527 -1
5452 18 4530 -1
5454 19 4530 -1
5472 15 4574 -1
5479 12 4574 -1
5524 402 4536 4507 -1
5531 224 4536 4530 4534 -1
5543 128 4527 -1
5582 105 4536 -1
5605 10 4536 -1
5606 23 4534 4574 -1
5667 4 4507 -1
5675 8 4574 4530 -1
5680 2 4530 -1
5691 49 4534 -1
5692 19 4536 -1
5697 219 4527 4574 4536 -1
5738 12 4536 -1
5768 11 4534 -1
5772 10 4536 -1
5783 15 4574 4527 -1
5796 173 4536 4527 -1
5802 248 4536 -1
5804 22 4574 -1
5811 65 4536 -1
5814 106 4536 -1
5818 40 4536 -1
5819 52 4527 -1
5824 29 4536 -1
5855 8 4574 -1
5856 1 4574 -1
5857 62 4574 -1
5871 51 4536 -1
5998 80 4536 -1
6093 5 4536 -1
6218 47 4536 -1
6248 10 4536 -1
6272 80 4536 -1
6299 70 4536 -1
6327 71 4536 -1
6359 72 4536 -1
6522 21 4536 -1
6523 31 4536 4507 -1
6525 13 4536 -1
6541 1 4507 -1
6563 54 4536 -1
6609 2 4536 -1
6615 119 4536 -1
6619 77 4536 -1
6620 91 4536 -1
6736 31 4536 -1
6790 10 4536 -1
6829 4 4536 -1
6900 29 4536 -1
6913 34 4536 -1
6916 30 4507 -1
6945 16 4536 -1
6959 5 4536 -1
6984 4 4536 -1
6991 18 4536 -1
7011 2 4536 -1
7035 2 4536 -1
7036 2 4536 -1
7037 1 4536 -1
7092 75 4507 -1
7900 27 4507 -1