11 733 4814 4811 4808 4827 4820 -1
24 270 4827 -1
27 89 4828 -1
44 42 4875 -1
68 187 4828 4884 -1
86 101 4828 -1
103 55 4808 -1
154 53 4875 -1
166 77 4875 -1
173 332 4875 4828 4875 4875 4828 -1
280 76 4808 -1
291 30 4811 -1
310 236 4828 4827 -1
311 312 4884 -1
319 193 4828 4827 -1
325 15 4808 -1
335 48 4820 4814 -1
346 27 4822 4814 -1
407 101 4846 -1
425 49 4875 -1
432 155 4827 -1
457 640 4820 4899 4846 4811 4824 4828 4814 4827 4875 -1
580 28 4899 -1
582 29 4811 4808 -1
637 26 4820 -1
663 133 4846 -1
697 85 4820 -1
727 19 4828 -1
737 120 4875 -1
742 85 4875 4820 -1
762 42 4875 -1
766 709 4824 4820 4884 4827 4828 4808 4846 4899 4814 -1
784 205 4820 4875 -1
789 209 4875 4824 4808 4820 4827 4828 -1
825 139 4827 4820 -1
854 56 4827 -1
865 45 4846 -1
879 108 4814 -1
963 3 4875 -1
996 279 4875 -1
1004 8 4846 -1
1008 5 4875 -1
1034 34 4828 -1
1041 31 4875 4828 -1
1051 48 4827 -1
1055 139 4875 4875 -1
1133 282 4846 4814 4827 4824 4811 4828 4820 4808 -1
1137 104 4827 -1
1151 460 4828 4899 4875 -1
1166 318 4828 -1
1185 25 4875 -1
1210 221 4846 -1
1310 2 4827 -1
1374 385 4846 4875 -1
1468 19 4808 4827 4814 -1
1473 70 4827 4814 -1
1492 159 4811 -1
1542 237 4899 4846 4828 -1
1549 522 4875 4875 4811 -1
1552 50 4846 -1
1621 76 4811 -1
1623 36 4811 -1
1687 6 4811 -1
1688 24 4827 -1
1701 98 4828 4899 -1
1733 40 4875 4875 -1
1767 75 4828 -1
1783 58 4811 -1
1823 45 4824 -1
1847 46 4811 -1
1984 7 4875 -1
1985 57 4808 -1
2117 18 4808 4820 4827 -1
2129 42 4808 -1
2135 143 4827 4820 4846 4899 -1
2145 134 4875 4875 4827 -1
2186 57 4828 -1
2226 23 4827 -1
2237 254 4828 4824 4827 4808 4814 4811 -1
2256 125 4811 -1
2257 47 4827 -1
2289 13 4876 -1
2297 150 4811 -1
2299 65 4824 -1
2326 249 4811 -1
2369 134 4875 4875 4828 4824 -1
2381 37 4875 -1
2384 65 4828 4828 -1
2387 52 4875 4828 -1
2398 56 4811 -1
2440 43 4828 4827 -1
2452 29 4875 -1
2485 286 4814 4828 4827 4828 4899 -1
2488 20 4827 -1
2504 82 4846 4827 -1
2516 36 4808 4875 -1
2549 63 4814 -1
2565 827 4811 4814 4875 4808 4884 4820 4827 4824 4846 -1
2592 8 4846 -1
2613 17 4828 4808 -1
2651 216 4827 4899 -1
2653 102 4827 -1
2655 30 4827 -1
2658 231 4824 4811 4820 4875 -1
2667 93 4828 4846 -1
2686 120 4828 -1
2688 516 4827 4820 4824 4899 4828 4811 4846 4828 4808 4814 -1
2693 132 4811 -1
2707 100 4899 -1
2737 16 4820 -1
2747 65 4811 -1
2760 20 4828 -1
2765 30 4875 -1
2790 145 4811 4875 -1
2793 6 4828 -1
2831 39 4846 -1
2832 27 4814 4820 -1
2859 90 4811 4831 -1
2871 165 4824 4827 -1
2889 11 4899 -1
2932 50 4814 4875 -1
2967 232 4811 4828 4828 4827 4814 -1
2972 271 4828 4827 4899 4814 4824 4811 4846 -1
2988 56 4884 -1
3015 30 4828 4899 -1
3026 151 4827 -1
3027 31 4808 -1
3028 99 4828 -1
3032 205 4846 -1
3073 33 4820 4827 -1
3168 69 4811 4820 -1
3175 34 4827 -1
3191 55 4824 4846 -1
3209 32 4824 -1
3238 22 4824 -1
3274 60 4899 4828 -1
3276 60 4820 -1
3290 29 4824 -1
3310 18 4875 -1
3326 12 4827 -1
3350 55 4846 4827 -1
3352 165 4827 4824 -1
3378 37 4846 -1
3381 177 4884 -1
3390 47 4899 4827 -1
3394 121 4811 -1
3402 88 4808 4827 4820 -1
3404 73 4884 -1
3447 214 4828 4846 4815 4879 4827 4814 -1
3449 306 4820 4875 4814 4827 4846 4828 4824 4808 4828 4811 -1
3451 49 4808 4827 -1
3452 91 4827 -1
3453 241 4899 4814 4827 4824 4828 4808 -1
3454 124 4814 4808 4822 4811 4875 -1
3455 59 4820 4828 -1
3456 250 4828 4827 4828 4899 -1
3457 97 4828 4827 -1
3458 61 4828 -1
3459 73 4875 -1
3461 49 4811 4875 4828 -1
3462 36 4811 -1
3463 54 4827 4820 4808 4814 4811 -1
3469 21 4827 -1
3478 42 4828 -1
3479 83 4814 4828 4827 -1
3498 96 4846 4899 -1
3522 53 4875 4824 -1
3568 128 4811 -1
3586 135 4828 -1
3593 26 4884 -1
3601 41 4820 -1
3614 187 4828 4824 4846 -1
3631 70 4846 -1
3634 57 4846 -1
3641 194 4811 4828 4884 -1
3642 291 4828 4899 -1
3643 35 4899 -1
3660 67 4820 -1
3666 125 4814 4828 4811 4828 4899 -1
3683 7 4884 -1
3691 70 4820 -1
3728 71 4808 4875 4875 -1
3729 12 4811 -1
3787 233 4846 4808 4875 4814 4828 4811 4827 4820 -1
3796 107 4899 4827 4824 4814 -1
3835 26 4827 4808 4814 -1
3845 7 4824 -1
3854 79 4828 4814 4827 4884 4846 -1
3916 25 4899 -1
3929 2 4875 -1
3930 5 4875 -1
3956 55 4814 -1
3965 79 4875 4827 -1
3969 58 4875 4875 -1
3976 43 4811 4875 -1
3995 53 4899 4828 4824 4846 -1
4001 27 4811 -1
4036 139 4808 -1
4040 71 4814 4811 4827 -1
4041 54 4899 4827 -1
4044 53 4875 -1
4045 244 4827 4808 4899 4828 4814 -1
4056 20 4820 4808 -1
4070 56 4899 -1
4072 21 4820 -1
4073 90 4824 4828 -1
4076 52 4811 4814 4828 -1
4099 101 4828 4884 4828 4875 4846 4899 -1
4127 42 4811 -1
4150 13 4875 -1
4151 79 4827 -1
4186 7 4827 -1
4211 39 4827 -1
4219 101 4808 4811 4827 4820 4828 4814 4828 -1
4221 41 4828 -1
4261 23 4811 -1
4295 16 4828 -1
4298 10 4827 -1
4310 225 4899 4824 4846 4828 -1
4329 9 4828 -1
4335 28 4846 -1
4353 69 4846 4828 -1
4377 11 4875 -1
4415 15 4820 -1
4426 5 4828 -1
4434 2 4827 -1
4437 33 4875 -1
4441 186 4828 4814 4828 4827 -1
4448 32 4828 -1
4483 137 4828 -1
4485 11 4876 -1
4488 35 4808 -1
4489 11 4828 -1
4511 9 4808 -1
4536 58 4899 -1
4550 81 4846 -1
4560 2 4828 -1
4563 11 4828 -1
4564 30 4811 -1
4574 37 4846 4811 -1
4587 25 4828 -1
4592 3 4808 -1
4598 34 4875 4875 -1
4600 15 4846 -1
4632 202 4828 4814 4846 4808 -1
4633 11 4814 -1
4653 80 4866 -1
4662 44 4820 -1
4665 8 4814 -1
4672 1 4875 -1
4687 19 4824 -1
4688 59 4811 4827 4808 4814 4820 -1
4710 7 4824 -1
4712 91 4828 4846 -1
4717 57 4828 4899 4814 -1
4725 33 4875 4808 -1
4726 12 4824 4820 -1
4741 3 4828 -1
4743 1 4875 -1
4757 6 4814 4808 4811 -1
4764 52 4875 -1
4774 12 4827 4811 4808 4814 -1
4801 1 4875 -1
4803 1 4808 -1
4804 1 4808 -1
4805 2 4814 4808 -1
4806 1 4808 -1
4807 1 4808 -1
4810 1 4811 -1
4813 45 4814 4846 -1
4814 16 4827 -1
4818 15 4820 -1
4819 1 4820 -1
4824 88 4899 4828 -1
4826 1 4827 -1
4827 2 4828 4828 -1
4829 57 4824 -1
4846 24 4824 4828 -1
4851 2 4846 -1
4859 29 4828 -1
4867 1 4875 -1
4868 1 4875 -1
4869 1 4875 -1
4870 1 4875 -1
4871 1 4875 -1
4872 1 4875 -1
4894 34 4828 4846 -1
4899 160 4828 4824 -1
4948 194 4828 4824 -1
4967 317 4824 4828 4899 4846 -1
4974 41 4828 -1
4976 20 4824 4828 -1
5009 14 4899 -1
5020 45 4824 4875 -1
5022 173 4875 -1
5053 53 4884 -1
5079 240 4899 4828 4846 4875 4828 4824 -1
5085 1 4828 -1
5103 118 4884 -1
5110 84 4828 -1
5116 2 4828 4828 -1
5125 16 4828 -1
5140 50 4824 -1
5171 40 4846 -1
5173 121 4875 -1
5175 20 4899 4846 -1
5176 100 4899 4846 -1
5177 92 4828 -1
5178 15 4828 -1
5179 212 4899 4828 4846 -1
5182 14 4846 -1
5184 64 4899 4824 4846 -1
5185 120 4828 -1
5188 211 4899 4846 -1
5189 237 4828 4824 -1
5190 56 4846 4824 -1
5191 5 4846 -1
5199 19 4875 -1
5200 14 4824 -1
5226 13 4828 -1
5243 11 4824 -1
5262 35 4828 -1
5263 74 4824 -1
5289 5 4824 -1
5290 1 4824 -1
5291 1 4824 -1
5312 9 4846 -1
5336 2 4875 -1
5382 19 4846 -1
5427 34 4828 -1
5437 24 4828 -1
5452 18 4875 -1
5472 15 4846 -1
5479 12 4884 -1
5487 23 4846 -1
5524 402 4875 4828 -1
5531 224 4875 4875 4899 4828 4884 -1
5543 128 4828 -1
5576 1 4846 -1
5606 23 4899 -1
5612 38 4828 -1
5704 2 4828 -1
5739 37 4828 4875 -1
5776 9 4899 -1
5787 29 4828 -1
5796 173 4875 4875 4828 -1
5800 182 4884 -1
5802 248 4884 -1
5804 22 4828 -1
5809 20 4875 -1
5817 30 4828 -1
5823 13 4875 4875 -1
5839 36 4828 -1
5862 24 4828 -1
5871 51 4875 -1
5932 35 4875 4828 -1
5933 4 4875 -1
5934 32 4828 -1
5961 9 4828 -1
6031 2 4875 -1
6043 38 4828 -1
6068 30 4875 4828 -1
6069 3 4875 -1
6070 2 4828 -1
6075 16 4828 -1
6091 1 4828 -1
6092 1 4828 -1
6093 5 4828 -1
6112 1 4875 -1
6113 2 4875 4875 -1
6114 2 4875 -1
6182 3 4875 -1
6280 31 4884 -1
6460 56 4875 -1
6494 70 4884 -1
6510 54 4875 -1
6518 30 4884 4875 -1
6563 54 4875 -1
6596 137 4884 -1
6658 5 4875 -1
6665 25 4884 -1
6714 92 4875 4884 -1
6900 29 4875 -1
6902 20 4875 -1
6907 183 4875 -1
6916 30 4884 -1
6934 51 4884 -1
6945 16 4875 -1
6946 25 4884 -1
6993 75 4875 -1
7046 19 4884 -1
7052 114 4884 -1
7054 21 4884 -1
7055 95 4875 -1
7057 100 4875 -1
7086 111 4875 -1
7116 1 4875 -1
7230 4 4884 -1
7231 87 4884 -1
7236 16 4884 -1
7238 9 4884 -1
7239 21 4875 4884 -1
7362 5 4884 -1
7492 3 4875 -1
7493 2 4875 -1
7514 1 4879 -1
7580 7 4884 -1
7597 4 4884 -1
7598 26 4884 -1
7608 2 4884 -1
7610 1 4884 -1