11 733 4335 4384 -1
20 153 4373 -1
24 270 4310 4338 -1
27 89 4335 -1
37 21 4310 -1
68 187 4338 4373 4310 -1
86 101 4338 -1
87 164 4338 -1
109 166 4361 -1
122 193 4384 4335 4365 4335 -1
147 50 4365 4384 4310 -1
150 22 4373 -1
154 53 4310 -1
173 332 4310 -1
187 32 4384 -1
203 26 4338 -1
231 44 4338 -1
306 215 4365 -1
308 144 4373 -1
319 193 4310 4335 -1
335 48 4365 -1
371 117 4335 -1
395 37 4341 -1
425 49 4373 -1
434 6 4361 -1
457 640 4335 4361 4315 -1
556 117 4338 -1
600 171 4310 4338 -1
637 26 4335 -1
645 17 4315 -1
737 120 4335 -1
742 85 4384 -1
759 55 4338 -1
766 709 4335 4341 4315 4338 4310 -1
784 205 4373 4384 -1
789 209 4335 4315 4338 -1
795 57 4384 -1
798 12 4384 4365 -1
805 82 4384 -1
825 139 4310 -1
879 108 4335 -1
896 25 4310 -1
956 40 4338 -1
988 257 4384 -1
993 233 4365 -1
994 42 4384 -1
996 279 4384 4335 4315 -1
1018 3 4335 -1
1097 93 4335 4310 -1
1133 282 4310 4335 4365 4384 -1
1137 104 4335 -1
1151 460 4384 4338 4310 4335 -1
1166 318 4315 -1
1204 58 4335 -1
1236 98 4365 -1
1247 69 4384 -1
1280 2 4341 -1
1319 185 4323 -1
1353 24 4338 -1
1356 18 4373 -1
1374 385 4338 4361 4335 4341 4310 -1
1473 70 4338 -1
1496 190 4310 -1
1506 34 4349 -1
1537 72 4335 -1
1542 237 4310 4338 -1
1549 522 4349 4338 4310 -1
1550 20 4365 4384 -1
1554 4 4310 -1
1608 344 4361 4338 4384 4365 -1
1647 15 4315 -1
1667 32 4341 4310 -1
1680 4 4315 4373 -1
1697 42 4349 -1
1701 98 4338 4373 4310 -1
1730 29 4384 -1
1733 40 4335 -1
1734 47 4310 4335 -1
1808 103 4338 -1
1816 10 4335 -1
1823 45 4315 -1
1835 55 4338 -1
1915 16 4310 -1
1980 44 4335 -1
1990 29 4384 -1
2001 37 4361 4355 -1
2033 13 4338 -1
2050 4 4335 -1
2065 45 4338 -1
2109 27 4338 -1
2129 42 4335 -1
2134 13 4323 4365 -1
2135 143 4335 4335 -1
2144 17 4349 -1
2145 134 4335 4384 -1
2186 57 4338 -1
2215 12 4384 -1
2217 6 4384 -1
2237 254 4365 4335 4335 4384 -1
2249 38 4361 -1
2256 125 4335 -1
2258 90 4349 -1
2277 6 4335 -1
2290 95 4384 -1
2297 150 4338 -1
2298 26 4349 4365 -1
2326 249 4349 4323 4384 4373 -1
2328 205 4323 -1
2369 134 4315 4310 -1
2371 93 4323 4361 -1
2375 32 4384 4365 -1
2387 52 4315 -1
2410 27 4310 -1
2452 29 4361 4341 -1
2480 3 4315 -1
2485 286 4384 4338 -1
2542 73 4338 4361 -1
2559 54 4384 -1
2560 89 4365 4384 4341 -1
2564 49 4338 -1
2565 827 4349 4335 4361 4335 4384 4365 4355 4315 4341 -1
2587 12 4349 -1
2595 42 4338 -1
2605 58 4335 -1
2623 47 4315 4338 -1
2651 216 4365 -1
2658 231 4335 4315 4373 -1
2660 148 4373 4365 -1
2667 93 4310 -1
2674 83 4335 -1
2686 120 4310 -1
2688 516 4310 4335 4384 4338 4335 4315 -1
2696 61 4335 -1
2699 63 4365 -1
2702 39 4310 -1
2707 100 4338 4365 -1
2713 166 4365 4349 4323 4384 -1
2719 20 4323 -1
2727 35 4323 -1
2747 65 4365 4384 -1
2775 36 4384 -1
2793 6 4335 -1
2811 9 4315 -1
2831 39 4310 -1
2832 27 4384 -1
2842 93 4384 4349 -1
2859 90 4335 4351 4365 4373 4331 -1
2871 165 4338 4315 -1
2883 18 4310 -1
2909 51 4335 4310 -1
2932 50 4323 4373 4365 -1
2967 232 4335 -1
2968 37 4349 -1
2972 271 4361 4315 4338 4335 -1
2983 18 4335 -1
2988 56 4335 4310 -1
3009 38 4365 4338 4384 -1
3015 30 4338 -1
3026 151 4349 4384 4335 -1
3027 31 4335 4310 -1
3028 99 4384 4310 -1
3032 205 4373 4384 4323 -1
3086 7 4338 -1
3090 10 4341 -1
3092 52 4315 -1
3107 10 4365 -1
3168 69 4384 4365 -1
3189 9 4384 -1
3191 55 4315 -1
3202 6 4373 -1
3209 32 4338 4315 -1
3258 69 4338 -1
3276 60 4323 -1
3291 56 4365 -1
3297 39 4384 -1
3352 165 4315 4335 4384 -1
3366 31 4335 4310 4365 -1
3373 12 4323 -1
3390 47 4338 -1
3393 10 4335 -1
3394 121 4315 -1
3402 88 4349 -1
3404 73 4310 -1
3417 31 4310 -1
3439 69 4365 -1
3445 15 4335 -1
3447 214 4310 4335 4335 4355 -1
3449 306 4310 4315 4338 4335 4335 -1
3452 91 4310 -1
3453 241 4338 4335 4355 4335 4310 4315 -1
3454 124 4331 4335 4311 -1
3456 250 4351 4384 4338 4361 4310 -1
3457 97 4315 -1
3458 61 4338 -1
3459 73 4310 4355 -1
3462 36 4338 -1
3478 42 4338 -1
3479 83 4365 4335 -1
3488 14 4365 -1
3498 96 4335 4335 -1
3521 23 4384 -1
3554 3 4373 -1
3563 3 4341 -1
3567 17 4335 -1
3568 128 4373 4335 4335 4323 -1
3571 39 4310 4335 -1
3586 135 4310 -1
3601 41 4310 -1
3614 187 4315 4338 4310 4335 -1
3615 113 4349 4365 4384 -1
3630 30 4373 -1
3631 70 4335 4349 -1
3634 57 4335 -1
3635 33 4384 4373 -1
3641 194 4310 4335 4335 -1
3642 291 4338 4361 4310 -1
3643 35 4310 -1
3645 34 4365 -1
3660 67 4373 4384 4365 -1
3661 28 4365 -1
3666 125 4384 -1
3673 5 4315 -1
3691 70 4335 4310 -1
3692 4 4338 -1
3724 69 4384 4349 4373 -1
3728 71 4335 4335 4349 -1
3751 10 4310 -1
3762 8 4323 -1
3767 3 4384 -1
3777 7 4373 -1
3786 72 4335 4310 -1
3787 233 4384 4365 4335 4349 4361 4315 -1
3794 44 4335 4335 4338 -1
3796 107 4335 4335 -1
3813 72 4335 4384 -1
3843 7 4335 -1
3845 7 4315 -1
3854 79 4335 -1
3855 6 4335 -1
3897 7 4335 -1
3912 15 4323 -1
3916 25 4335 -1
3918 4 4335 -1
3919 14 4315 -1
3956 55 4310 4335 4384 4365 -1
3976 43 4338 -1
3995 53 4335 4310 -1
4001 27 4365 -1
4036 139 4338 4341 -1
4044 53 4335 -1
4045 244 4338 4315 4310 -1
4063 26 4310 4335 -1
4065 104 4365 -1
4068 6 4323 -1
4070 56 4338 -1
4072 21 4335 -1
4073 90 4315 4323 4310 -1
4074 33 4384 4323 -1
4099 101 4361 4335 -1
4123 23 4323 -1
4124 27 4365 -1
4136 27 4323 -1
4137 6 4323 -1
4138 59 4335 -1
4142 30 4359 -1
4148 4 4349 -1
4152 34 4335 -1
4164 3 4341 -1
4189 9 4315 -1
4211 39 4335 -1
4213 2 4365 -1
4219 101 4335 -1
4221 41 4323 -1
4222 28 4335 -1
4269 3 4335 -1
4273 19 4373 4384 4349 -1
4276 47 4338 -1
4282 5 4335 -1
4297 32 4315 -1
4307 2 4349 -1
4310 225 4315 4338 4341 -1
4315 19 4373 -1
4316 8 4335 -1
4324 8 4384 -1
4340 1 4349 -1
4341 1 4349 -1
4342 8 4365 -1
4343 4 4349 -1
4344 2 4349 4373 -1
4353 69 4338 4310 4335 -1
4360 1 4365 -1
4362 1 4365 -1
4363 13 4365 -1
4368 1 4373 -1
4369 2 4373 -1
4370 1 4373 -1
4375 3 4384 -1
4377 11 4384 -1
4378 1 4384 -1
4379 5 4384 -1
4380 1 4384 -1
4381 1 4384 -1
4382 1 4384 -1
4415 15 4335 -1
4416 5 4338 -1
4429 9 4335 -1
4441 186 4315 4310 4341 -1
4448 32 4355 -1
4483 137 4310 -1
4485 11 4335 -1
4488 35 4310 -1
4524 7 4335 -1
4536 58 4338 4335 -1
4550 81 4355 4335 -1
4557 15 4338 4310 -1
4564 30 4335 4315 4335 -1
4586 5 4335 4335 -1
4632 202 4310 4361 4315 4338 -1
4653 80 4335 4335 4355 4315 -1
4661 19 4335 -1
4662 44 4361 -1
4663 6 4335 -1
4686 40 4338 -1
4687 19 4335 -1
4688 59 4335 -1
4709 24 4338 -1
4712 91 4310 4335 4361 -1
4715 8 4341 -1
4717 57 4310 -1
4718 31 4315 -1
4726 12 4315 -1
4733 4 4335 -1
4739 11 4335 -1
4756 32 4335 -1
4781 28 4335 -1
4824 88 4338 4335 4310 -1
4829 57 4315 -1
4832 4 4361 -1
4846 24 4335 -1
4879 20 4341 -1
4894 34 4310 -1
4899 160 4335 4335 4310 4361 4315 -1
4934 6 4335 -1
4935 1 4335 -1
4936 2 4335 -1
4948 194 4315 4338 -1
4964 51 4310 -1
4967 317 4315 4310 4355 4335 4338 -1
4974 41 4310 4315 -1
4976 20 4310 -1
4980 12 4335 -1
4981 49 4335 -1
4982 27 4335 -1
4988 22 4310 -1
5002 116 4315 4310 -1
5012 6 4335 -1
5028 40 4361 -1
5053 53 4335 -1
5079 240 4338 4361 4310 -1
5096 14 4310 -1
5103 118 4361 -1
5106 24 4335 -1
5123 60 4335 4310 4338 -1
5155 16 4315 -1
5166 41 4310 -1
5171 40 4335 4310 -1
5172 18 4335 4310 -1
5176 100 4338 4310 -1
5177 92 4310 -1
5178 15 4310 -1
5179 212 4338 4335 4361 4310 -1
5184 64 4315 -1
5188 211 4338 -1
5189 237 4361 4335 4341 4310 4338 -1
5190 56 4355 4335 -1
5193 15 4335 -1
5196 29 4315 -1
5201 12 4335 -1
5215 7 4310 -1
5226 13 4310 -1
5243 11 4315 -1
5246 29 4361 -1
5254 34 4361 -1
5262 35 4310 -1
5263 74 4335 4338 -1
5267 2 4335 -1
5275 2 4315 -1
5276 7 4315 -1
5277 1 4315 -1
5278 1 4315 -1
5285 20 4335 -1
5301 42 4310 -1
5312 9 4335 -1
5321 13 4335 -1
5342 22 4310 -1
5399 8 4310 -1
5404 13 4310 -1
5423 36 4361 -1
5427 34 4310 -1
5445 39 4361 -1
5446 21 4361 -1
5452 18 4335 -1
5454 19 4361 4335 -1
5457 20 4310 -1
5484 18 4310 -1
5485 13 4310 -1
5487 23 4335 -1
5511 3 4335 -1
5524 402 4361 4310 4341 -1
5531 224 4341 4335 4310 -1
5543 128 4310 -1
5550 12 4310 -1
5552 8 4338 -1
5553 36 4338 -1
5582 105 4310 -1
5591 21 4335 -1
5606 23 4335 -1
5616 12 4338 -1
5655 48 4310 -1
5658 10 4335 -1
5666 4 4335 -1
5667 4 4335 -1
5684 17 4338 -1
5692 19 4338 -1
5697 219 4338 -1
5746 1 4338 -1
5747 2 4338 -1
5748 1 4338 -1
5749 2 4338 -1
5760 3 4310 -1
5773 63 4361 -1
5783 15 4310 -1
5787 29 4310 -1
5796 173 4310 -1
5800 182 4310 -1
5802 248 4341 -1
5806 45 4361 -1
5811 65 4361 -1
5814 106 4310 -1
5819 52 4310 -1
5821 18 4361 -1
5822 81 4361 4341 -1
5836 8 4310 -1
5857 62 4310 -1
5871 51 4310 -1
5872 25 4341 -1
5932 35 4310 -1
5935 6 4310 -1
5961 9 4310 -1
5984 3 4310 -1
6020 23 4310 -1
6032 70 4361 -1
6043 38 4310 4341 -1
6044 2 4310 -1
6045 3 4310 -1
6046 2 4310 -1
6047 4 4310 -1
6048 1 4310 -1
6049 1 4310 -1
6050 1 4310 -1
6051 1 4310 -1
6052 1 4310 -1
6053 1 4310 -1
6221 26 4341 -1
6241 64 4341 -1
6270 57 4361 -1
6272 80 4361 -1
6280 31 4361 -1
6299 70 4361 -1
6305 147 4361 -1
6443 51 4361 -1
6461 5 4361 -1
6555 33 4361 -1
6563 54 4361 -1
6615 119 4361 -1
6619 77 4361 -1
6624 122 4361 4341 -1
6714 92 4361 -1
6766 16 4361 -1
6789 9 4361 -1
6906 49 4361 -1
6907 183 4341 4361 -1
6934 51 4361 -1
6941 35 4341 -1
6946 25 4341 -1
6991 18 4361 -1
7052 114 4361 4341 -1
7055 95 4341 -1
7057 100 4341 -1
7092 75 4341 -1
7121 6 4361 -1
7188 12 4361 -1
7229 5 4341 -1
7231 87 4341 -1
7327 6 4361 -1
7342 1 4361 -1
7343 10 4361 -1
7344 3 4361 -1
7441 3 4341 -1
7563 1 4341 -1
7564 30 4341 -1