6 258 1022 1055 1007 1062 1043 1035 1032 1026 -1
8 162 1092 1092 -1
9 71 1049 -1
11 733 1049 1006 1061 1000 1034 1018 1035 1075 1032 1097 1062 1022 1055 1031 -1
14 105 1053 1031 1080 -1
15 42 1006 -1
20 153 1062 1044 1055 1034 1075 -1
21 77 1014 1049 -1
23 48 1053 1039 -1
24 270 1018 1043 1075 1053 1034 -1
28 110 1030 1026 -1
29 136 1026 1014 1080 -1
35 64 1075 1026 1023 -1
36 231 1023 1026 1075 1038 -1
39 39 1007 -1
42 88 1053 1026 1075 -1
49 12 1031 -1
55 53 1030 -1
59 94 1000 1034 -1
66 41 1075 1026 -1
68 187 1026 -1
71 68 1034 -1
72 113 1026 1035 1007 1062 1023 1031 -1
74 69 1026 1053 -1
79 28 1053 -1
80 55 1026 -1
86 101 1007 1026 -1
87 164 1053 1055 1022 -1
89 21 1026 1031 -1
90 63 1007 -1
110 59 1007 1014 -1
111 26 1075 -1
113 68 1014 -1
125 28 1014 -1
127 83 1026 1007 -1
143 95 1062 1075 1032 -1
145 15 1080 -1
147 50 1007 1014 1026 -1
154 53 1053 -1
157 41 1055 1014 1053 -1
164 7 1097 -1
171 56 1043 1000 1062 1022 -1
173 332 1000 1053 1031 1055 1007 1075 1035 1022 1034 1061 1023 1032 1026 -1
176 39 1043 -1
178 52 1014 -1
180 54 1026 1031 -1
182 59 1043 1006 1007 1026 -1
197 6 1075 -1
201 20 1043 1023 1026 -1
203 26 1075 -1
215 84 1018 -1
231 44 1080 -1
232 19 1023 -1
237 35 1034 -1
249 13 1006 -1
258 6 1062 -1
259 42 1075 -1
265 30 1007 -1
280 76 1043 1053 1007 1014 -1
304 64 1053 1023 1026 1014 -1
305 6 1014 -1
306 215 1043 1032 1018 1039 1026 1022 1007 -1
308 144 1062 1034 1038 1022 1055 1039 1026 -1
310 236 1032 1006 1014 1061 1039 -1
311 312 1023 1030 1097 1055 1053 1022 1014 1038 1006 1034 1031 1026 -1
312 223 1039 1014 1023 1030 1061 1006 1062 1043 1007 1035 -1
313 41 1026 -1
315 70 1038 -1
317 126 1014 1075 1053 1026 1055 1062 1032 1023 1007 1039 1022 -1
319 193 1026 1035 1038 1023 -1
320 3 1080 -1
321 22 1026 1023 -1
324 13 1026 -1
325 15 1031 -1
327 7 1053 -1
328 10 1026 -1
334 41 1023 1014 -1
335 48 1026 -1
339 79 1080 1053 -1
340 30 1007 -1
341 12 1007 -1
348 19 1022 -1
356 16 1043 -1
364 11 1007 -1
371 117 1026 1044 1053 1031 1032 1023 -1
376 36 1023 1043 1026 -1
400 8 1044 -1
405 17 1053 1030 -1
407 101 1014 1000 1049 -1
429 3 1049 -1
432 155 1031 1055 1039 1044 1049 -1
447 8 1049 -1
457 640 1061 1055 1022 1062 1000 1018 -1
458 3 1053 -1
479 6 1026 -1
499 11 1080 -1
521 5 1018 -1
545 25 1026 -1
546 107 1034 -1
552 2 1026 -1
556 117 1075 1053 1044 -1
560 8 1080 -1
588 23 1035 -1
590 8 1026 1062 -1
600 171 1026 1049 1053 1075 1023 -1
626 31 1000 -1
633 48 1026 -1
634 106 1006 1044 -1
635 52 1026 1035 1014 -1
637 26 1014 1026 -1
639 28 1023 1030 1026 -1
643 44 1023 1026 1053 -1
644 23 1022 -1
647 29 1031 1053 -1
650 85 1026 1030 1053 -1
663 133 1053 1043 1026 1007 -1
686 57 1022 1043 1038 1062 1032 1039 -1
689 27 1018 1039 -1
691 24 1043 -1
695 87 1014 -1
696 2 1026 -1
697 85 1032 1014 1039 1026 1023 1062 1007 -1
704 82 1026 1097 1034 1007 -1
705 23 1062 1007 -1
706 56 1053 -1
707 110 1062 1055 1038 1023 1039 1026 1075 1007 1053 1030 -1
708 39 1031 1039 -1
710 88 1055 1044 1038 1062 1026 1053 1043 -1
715 21 1075 1062 1006 -1
722 124 1049 1026 1018 -1
725 4 1006 -1
730 29 1031 1026 1022 1035 -1
733 7 1026 -1
742 85 1039 1026 1023 1053 1038 1007 1006 -1
749 62 1039 -1
759 55 1080 1075 1053 1014 -1
762 42 1053 1026 -1
763 45 1049 -1
766 709 1049 1035 1031 -1
769 137 1043 1034 1044 1006 1053 1049 1018 1080 1031 -1
784 205 1007 1053 1014 1006 -1
788 52 1039 1023 -1
789 209 1053 1026 1006 1007 -1
791 29 1022 -1
795 57 1034 1053 1023 1014 -1
796 5 1031 -1
805 82 1055 1097 -1
808 2 1043 -1
810 19 1007 -1
813 261 1097 1049 1035 1055 1018 1031 -1
823 11 1026 -1
826 218 1055 1061 1049 -1
844 35 1053 1043 1007 1044 1026 -1
850 4 1026 -1
852 25 1053 -1
855 1 1014 -1
861 16 1026 1038 -1
865 45 1080 1092 1026 -1
869 9 1006 -1
871 47 1062 1055 -1
872 26 1044 -1
882 7 1053 -1
883 2 1043 -1
896 25 1053 -1
898 7 1026 -1
904 59 1031 1014 -1
911 24 1080 1044 1053 1039 -1
912 8 1053 -1
918 15 1000 1075 -1
920 10 1026 -1
922 147 1062 1055 1022 1031 1035 1000 1034 -1
933 10 1014 -1
937 33 1061 1061 1053 -1
941 74 1062 1034 -1
943 28 1023 -1
946 85 1031 1049 1062 1035 1018 -1
956 40 1023 1031 1026 1053 1039 -1
957 3 1023 -1
959 10 1026 -1
960 17 1000 1034 -1
961 11 1031 1049 -1
970 10 1022 -1
971 53 1014 1006 -1
978 54 1031 1026 1062 1022 -1
981 16 1053 -1
982 32 1043 -1
986 50 1062 -1
988 257 1018 1049 -1
993 233 1061 1026 1097 1022 1014 1031 1000 1035 -1
994 42 1039 1007 1026 1023 -1
996 279 1035 1018 1049 1061 -1
998 25 1014 -1
999 3 1014 -1
1000 34 1018 1014 -1
1006 130 1032 1026 1014 1039 1034 1030 1023 1007 1075 1043 -1
1008 5 1026 -1
1009 43 1026 1026 1043 1023 -1
1011 4 1031 -1
1013 9 1044 1014 -1
1021 1 1026 -1
1022 13 1055 1026 -1
1023 9 1026 -1
1024 40 1026 -1
1025 1 1026 -1
1027 6 1023 1039 -1
1028 6 1053 -1
1029 20 1044 1032 -1
1032 34 1039 -1
1033 3 1053 -1
1034 34 1062 1043 -1
1037 50 1039 -1
1038 6 1039 -1
1040 1 1038 -1
1041 31 1038 -1
1042 38 1043 -1
1044 9 1049 -1
1049 3 1044 -1
1050 33 1053 1022 -1
1051 48 1053 -1
1055 139 1075 1034 -1
1062 157 1035 -1
1066 5 1044 -1
1070 1 1044 -1
1071 1 1044 -1
1072 1 1044 -1
1075 59 1018 -1
1078 5 1075 -1
1093 2 1080 -1
1094 2 1080 -1
1095 10 1080 -1
1096 1 1080 -1
1097 93 1080 1049 -1
1098 260 1049 1080 1018 -1
1099 8 1080 -1
1100 2 1080 -1
1101 1 1080 -1
1102 13 1080 -1
1111 42 1075 -1
1113 4 1075 -1
1114 40 1062 -1
1124 17 1031 -1
1127 58 1049 -1
1129 53 1022 1031 -1
1133 282 1026 1022 1055 -1
1135 112 1014 1097 1049 -1
1137 104 1049 -1
1139 2 1043 -1
1142 28 1043 1097 -1
1143 15 1043 -1
1144 7 1006 -1
1151 460 1035 1032 1049 1000 1097 1061 -1
1156 2 1022 -1
1160 24 1022 -1
1165 13 1014 -1
1166 318 1049 1031 1097 -1
1167 78 1022 -1
1168 5 1014 -1
1169 24 1061 -1
1182 5 1006 -1
1184 57 1018 -1
1193 23 1031 1062 -1
1195 5 1006 -1
1197 3 1006 -1
1198 2 1006 -1
1202 68 1000 1032 -1
1207 24 1062 -1
1210 221 1035 1061 1034 1049 1000 -1
1211 66 1031 -1
1215 40 1035 -1
1221 75 1035 -1
1230 31 1062 -1
1236 98 1035 1000 -1
1245 10 1062 -1
1247 69 1049 1097 -1
1253 21 1022 -1
1254 1 1062 -1
1255 1 1062 -1
1256 1 1062 -1
1257 1 1062 -1
1258 1 1062 -1
1259 41 1062 1075 -1
1267 61 1018 -1
1279 126 1055 1032 1075 1022 1000 -1
1281 10 1031 -1
1293 26 1031 -1
1296 9 1035 -1
1305 227 1022 -1
1319 185 1035 1014 -1
1324 1 1029 -1
1335 39 1097 1000 -1
1350 114 1035 1000 1022 -1
1352 118 1000 -1
1353 24 1075 -1
1357 84 1022 1032 -1
1365 7 1075 -1
1366 1 1075 -1
1374 385 1034 1022 1049 -1
1377 31 1022 1034 -1
1380 59 1031 -1
1381 51 1014 -1
1384 20 1049 -1
1395 192 1031 1018 1035 1049 -1
1419 29 1049 -1
1428 159 1000 1034 -1
1441 23 1031 -1
1442 17 1000 -1
1463 22 1035 -1
1465 8 1049 -1
1466 24 1055 -1
1471 45 1034 -1
1480 44 1000 -1
1482 26 1034 1035 -1
1483 51 1055 -1
1487 115 1034 -1
1492 159 1022 1034 1055 1032 1000 1035 -1
1496 190 1097 1000 1035 -1
1500 26 1097 -1
1501 19 1000 -1
1506 34 1032 -1
1510 16 1032 -1
1519 1 1032 -1
1520 3 1032 1018 -1
1521 104 1097 1000 1049 -1
1525 33 1000 -1
1538 75 1000 -1
1542 237 1035 -1
1547 27 1097 -1
1549 522 1049 1034 1000 1035 1031 1097 1018 -1
1550 20 1031 -1
1552 50 1014 1049 -1
1555 67 1034 1097 -1
1560 2 1049 -1
1566 42 1097 -1
1571 23 1035 1031 -1
1583 78 1097 -1
1585 80 1035 1031 1097 -1
1594 108 1034 -1
1603 8 1018 -1
1608 344 1031 1000 1061 1049 1097 1035 1034 -1
1614 71 1000 -1
1615 109 1034 1000 -1
1621 76 1049 1031 1035 -1
1622 39 1034 -1
1623 36 1014 1049 -1
1641 2 1035 -1
1644 46 1049 -1
1661 36 1026 -1
1667 32 1049 -1
1689 2 1031 -1
1691 47 1049 -1
1701 98 1031 1035 -1
1719 10 1031 -1
1749 63 1097 -1
1756 82 1000 1061 1018 -1
1762 37 1000 -1
1766 19 1018 -1
1767 75 1097 -1
1772 95 1031 -1
1781 6 1000 -1
1782 2 1000 -1
1783 58 1035 -1
1792 11 1034 -1
1794 25 1018 -1
1808 103 1049 1097 -1
1811 37 1031 1097 -1
1820 90 1097 -1
1823 45 1035 -1
1835 55 1035 -1
1885 43 1097 -1
1888 28 1031 -1
1891 23 1049 1097 -1
1896 50 1035 -1
1919 113 1061 -1
1922 126 1097 -1
1977 33 1035 1031 1018 -1
1991 66 1049 -1
1997 88 1097 1035 1031 1018 1061 -1
2038 5 1031 -1
2052 13 1097 -1
2062 118 1035 1061 1031 -1
2069 17 1049 -1
2072 121 1049 1018 1035 1031 1097 -1
2085 28 1049 1018 -1
2093 52 1097 1049 -1
2097 2 1018 -1
2103 2 1035 -1
2117 18 1049 -1
2118 114 1049 1018 1097 -1
2120 56 1049 -1
2133 122 1018 1097 1031 1035 1049 -1
2156 17 1061 1035 -1
2169 32 1035 1031 -1
2193 8 1031 -1
2206 4 1097 -1
2210 16 1061 -1
2225 36 1049 -1
2226 23 1018 -1
2231 26 1018 -1
2233 34 1035 1097 -1
2236 75 1061 -1
2240 106 1031 1018 1026 -1
2241 14 1097 -1
2251 23 1061 -1
2255 31 1031 -1
2256 125 1049 -1
2257 47 1018 -1
2258 90 1026 -1
2264 51 1049 -1
2272 31 1031 -1
2274 33 1018 -1
2276 21 1026 -1
2286 6 1035 -1
2306 4 1049 -1
2322 15 1031 -1
2326 249 1031 -1
2328 205 1035 1018 1097 1049 -1
2332 20 1018 1049 -1
2346 3 1024 -1
2351 1 1031 -1
2352 2 1031 -1
2353 1 1031 -1
2357 12 1035 -1
2363 4 1035 -1
2364 10 1035 -1
2365 58 1035 -1
2366 6 1097 -1
2367 8 1097 -1
2368 17 1097 -1
2369 134 1026 -1
2375 32 1049 1018 -1
2416 22 1018 -1
2472 76 1049 -1
2473 83 1049 -1
2474 101 1049 -1
2502 22 1018 -1
2511 4 1018 -1
2560 89 1026 -1
2565 827 1026 -1
2569 5 1049 -1
2593 26 1049 -1
2646 30 1049 -1
2672 12 1049 -1
2721 2 1049 -1
2722 1 1049 -1
2723 1 1049 -1
2724 6 1049 -1
2725 1 1049 -1
2958 48 1026 -1
3088 24 1026 -1
3200 8 1024 -1
3227 20 1026 -1
3601 41 1026 -1
4009 2 1024 -1
4099 101 1026 -1
4144 38 1026 -1
4219 101 1024 -1
4342 8 1024 -1
4598 34 1026 -1
4975 2 1024 -1
5022 173 1074 -1
5099 9 1026 -1
5697 219 1026 -1
5796 173 1026 -1
5819 52 1074 -1
6595 12 1026 -1
6714 92 1026 -1
7236 16 1026 -1
7294 37 1026 -1
7379 7 1026 -1