11 733 2397 2345 2381 2332 2385 2339 2329 2328 2341 2364 2384 2333 2350 -1
14 105 2339 2384 -1
15 42 2398 -1
20 153 2324 2339 -1
24 270 2329 2328 2323 2375 2371 2341 2385 -1
27 89 2398 2369 2398 -1
31 6 2348 -1
36 231 2381 2329 2328 -1
38 12 2385 -1
44 42 2345 -1
47 113 2398 -1
53 25 2324 -1
58 35 2345 -1
59 94 2397 2345 2371 2375 -1
68 187 2371 2328 2325 -1
71 68 2328 -1
86 101 2397 -1
87 164 2398 2398 -1
89 21 2328 -1
90 63 2398 2384 -1
103 55 2398 -1
109 166 2397 -1
113 68 2339 -1
122 193 2384 2375 2381 2371 2322 -1
127 83 2323 -1
128 51 2322 -1
136 64 2398 -1
143 95 2341 2329 -1
147 50 2371 -1
154 53 2339 -1
166 77 2398 -1
172 120 2338 2397 2398 2385 2356 2325 2324 2345 2307 2323 2348 -1
173 332 2329 2345 2341 2350 2385 2333 2381 2348 2328 2397 2339 -1
178 52 2381 2398 -1
180 54 2325 -1
182 59 2328 2329 -1
187 32 2323 -1
215 84 2332 -1
231 44 2398 -1
259 42 2323 -1
265 30 2369 -1
275 47 2323 2322 -1
291 30 2398 2328 2326 -1
306 215 2324 2328 -1
308 144 2328 2339 2345 2329 2323 -1
310 236 2381 2341 2322 2325 2375 -1
311 312 2322 2381 2385 2341 -1
315 70 2341 -1
319 193 2371 -1
334 41 2329 -1
335 48 2369 -1
346 27 2375 -1
356 16 2323 -1
371 117 2339 -1
376 36 2325 -1
383 19 2324 -1
406 33 2369 -1
407 101 2398 2323 -1
412 21 2397 -1
432 155 2333 2329 2375 -1
457 640 2398 2356 2366 2397 2324 2364 2328 2350 -1
546 107 2385 2397 -1
580 28 2381 -1
587 14 2375 -1
588 23 2385 2345 -1
600 171 2328 2323 -1
625 3 2398 -1
633 48 2397 -1
634 106 2328 -1
635 52 2328 2341 -1
647 29 2385 2345 2397 2348 2322 2350 -1
650 85 2339 2323 2332 2333 -1
663 133 2381 2364 2324 -1
689 27 2333 -1
695 87 2328 -1
697 85 2398 2369 -1
704 82 2341 -1
706 56 2385 -1
708 39 2322 -1
710 88 2339 2381 -1
722 124 2375 2333 -1
727 19 2397 2323 2398 -1
730 29 2339 -1
737 120 2381 -1
749 62 2384 2324 2328 -1
761 7 2398 -1
763 45 2375 -1
764 22 2328 2322 -1
766 709 2328 2356 2398 2398 2375 2371 2364 2325 2338 2384 2381 2324 2322 -1
769 137 2328 2323 -1
781 5 2398 -1
784 205 2397 2356 2381 2348 2345 2325 2328 2338 -1
789 209 2381 2398 2364 2341 -1
795 57 2381 -1
805 82 2398 -1
813 261 2385 2323 2375 2324 2384 2328 2322 2371 2329 -1
816 25 2339 -1
822 11 2371 -1
825 139 2398 2328 -1
826 218 2356 2340 2341 2371 2323 2322 2338 2325 2375 2385 -1
841 22 2375 2381 -1
852 25 2323 -1
854 56 2329 -1
856 30 2328 -1
865 45 2323 -1
879 108 2398 2381 2364 2328 -1
904 59 2385 2348 -1
913 3 2328 -1
941 74 2333 -1
944 5 2332 -1
946 85 2341 2333 2328 -1
949 9 2322 2322 -1
956 40 2341 -1
974 30 2328 -1
982 32 2338 -1
986 50 2397 2322 2328 2341 -1
988 257 2325 2356 2323 2328 2371 2322 2338 2324 -1
993 233 2341 2324 2323 2329 2345 2328 -1
994 42 2328 -1
996 279 2332 2375 2339 2329 2397 2398 2371 2398 2324 2348 2356 2345 2333 2323 2385 -1
998 25 2381 -1
1000 34 2328 2332 -1
1006 130 2324 2341 -1
1009 43 2328 -1
1024 40 2384 -1
1031 16 2339 -1
1032 34 2328 -1
1035 10 2341 2350 -1
1037 50 2339 2398 2323 -1
1055 139 2339 2398 2323 2398 2398 -1
1062 157 2328 2329 2333 2341 2322 -1
1063 29 2381 -1
1064 14 2333 -1
1065 8 2328 -1
1066 5 2339 -1
1097 93 2328 2366 2381 2323 -1
1098 260 2332 2341 2338 2375 2322 2385 -1
1111 42 2323 -1
1125 22 2398 -1
1127 58 2348 2350 -1
1129 53 2397 -1
1133 282 2328 2333 2364 2398 2398 -1
1135 112 2323 2322 -1
1137 104 2328 2371 -1
1142 28 2381 2398 2328 -1
1151 460 2329 2323 2385 2350 2328 2333 2341 2324 2381 2332 2397 2322 2345 -1
1164 23 2385 -1
1165 13 2398 2328 -1
1166 318 2338 2324 2364 2328 2333 2341 2381 2371 2375 -1
1169 24 2366 -1
1184 57 2322 2375 -1
1193 23 2328 -1
1200 92 2371 2322 2375 -1
1203 20 2356 -1
1204 58 2325 2364 -1
1207 24 2323 2398 -1
1210 221 2398 2364 2324 2345 2322 -1
1211 66 2397 2328 -1
1215 40 2356 2323 -1
1221 75 2324 2356 -1
1230 31 2333 -1
1236 98 2328 2338 -1
1247 69 2324 2328 2398 -1
1248 22 2328 -1
1253 21 2381 -1
1259 41 2338 -1
1267 61 2371 -1
1279 126 2345 2341 2385 2371 -1
1285 24 2398 -1
1286 55 2398 -1
1297 48 2398 2323 -1
1305 227 2324 2323 2371 2366 2325 2338 2322 -1
1306 19 2375 -1
1319 185 2398 2307 2322 2328 -1
1335 39 2329 -1
1343 2 2398 -1
1350 114 2378 2322 -1
1357 84 2371 2328 -1
1367 17 2324 -1
1368 12 2325 -1
1374 385 2325 2338 2398 2323 2375 2322 -1
1378 13 2371 -1
1381 51 2371 -1
1390 28 2325 2322 2323 -1
1395 192 2397 2356 2385 2329 2328 2333 2322 2341 -1
1419 29 2323 2338 -1
1424 41 2371 -1
1428 159 2333 2328 2324 -1
1441 23 2397 2348 -1
1457 5 2371 -1
1462 30 2398 2328 -1
1465 8 2323 -1
1466 24 2328 2329 -1
1468 19 2397 -1
1470 115 2364 2328 2381 2398 -1
1473 70 2375 -1
1487 115 2356 2325 2338 -1
1492 159 2341 2322 2384 2322 2328 -1
1496 190 2381 2398 2324 2328 -1
1500 26 2323 -1
1506 34 2333 -1
1521 104 2375 2385 2397 2328 2341 -1
1522 90 2339 2329 2328 2398 -1
1542 237 2333 2348 2384 2385 2364 -1
1549 522 2324 2326 2375 2323 2385 2384 2329 2338 2322 2328 2371 2397 2356 2398 2350 2333 2341 2339 2322 -1
1552 50 2323 -1
1553 10 2323 -1
1561 1 2333 -1
1564 27 2398 -1
1565 7 2329 2385 -1
1566 42 2328 2371 -1
1570 4 2385 -1
1583 78 2323 -1
1585 80 2385 2398 2329 2371 -1
1594 108 2375 -1
1596 31 2325 2328 -1
1603 8 2332 -1
1608 344 2328 2341 2385 2345 2371 2398 2328 2323 2325 2339 2356 2333 2397 2348 2322 2329 2350 -1
1614 71 2328 2348 -1
1615 109 2350 -1
1621 76 2329 2322 2322 2328 2341 -1
1622 39 2328 -1
1623 36 2345 2341 2323 -1
1644 46 2332 2398 -1
1646 4 2339 -1
1661 36 2328 2398 -1
1667 32 2328 -1
1684 9 2322 -1
1691 47 2328 2323 -1
1697 42 2328 2384 -1
1700 48 2322 -1
1701 98 2381 2328 -1
1705 44 2375 2323 2322 -1
1707 29 2398 2371 -1
1711 7 2328 -1
1717 98 2397 2339 2381 2328 -1
1730 29 2323 2397 2328 2339 2385 -1
1733 40 2364 -1
1734 47 2398 2354 2328 -1
1741 6 2322 -1
1748 37 2398 -1
1749 63 2329 2338 2398 -1
1754 18 2345 -1
1756 82 2385 2397 2332 -1
1767 75 2398 2381 2328 -1
1769 64 2371 -1
1772 95 2397 2339 2341 2333 2329 -1
1783 58 2398 2322 -1
1794 25 2375 2324 -1
1795 41 2324 2364 -1
1808 103 2385 2328 2375 -1
1811 37 2332 2371 -1
1814 79 2323 -1
1820 90 2323 2366 2338 2322 2328 2333 -1
1823 45 2381 -1
1835 55 2323 2322 -1
1837 26 2371 -1
1847 46 2324 2398 -1
1848 13 2328 -1
1885 43 2322 -1
1888 28 2341 2339 2329 2350 2323 -1
1896 50 2324 2345 2348 -1
1908 9 2333 -1
1915 16 2398 -1
1918 18 2322 -1
1919 113 2385 2345 2397 -1
1922 126 2375 2356 2325 2322 2371 2398 2381 2364 -1
1925 22 2328 -1
1947 7 2328 -1
1951 26 2324 -1
1964 10 2375 -1
1967 31 2371 -1
1972 184 2384 2356 2338 2324 2371 2398 2323 2325 -1
1977 33 2332 2339 2329 2341 2385 -1
1980 44 2341 2329 2375 2338 -1
1985 57 2328 2323 -1
1990 29 2324 2398 -1
1991 66 2375 2322 -1
1997 88 2332 -1
2003 42 2338 2325 -1
2009 46 2328 -1
2016 12 2371 -1
2038 5 2350 2341 -1
2050 4 2322 -1
2062 118 2350 2325 2397 2381 2328 2341 2385 2339 2329 2322 2333 -1
2065 45 2385 2328 -1
2069 17 2339 -1
2072 121 2323 2397 2322 -1
2083 1 2322 -1
2085 28 2332 2322 -1
2091 6 2328 -1
2093 52 2323 -1
2099 21 2385 2348 -1
2102 31 2328 2323 -1
2109 27 2350 2398 -1
2117 18 2398 2375 2364 -1
2118 114 2338 2324 2332 2385 2345 2328 2323 2381 -1
2120 56 2333 2350 2328 2329 -1
2129 42 2328 2398 -1
2130 8 2375 -1
2133 122 2329 2341 2397 2375 2322 2332 2323 2385 2345 2350 -1
2134 13 2328 -1
2135 143 2323 2328 2324 2322 2375 2398 2381 -1
2144 17 2328 2398 -1
2145 134 2323 2328 2398 2356 2364 2375 -1
2156 17 2329 -1
2160 11 2328 2371 -1
2169 32 2329 2322 -1
2174 49 2332 2339 2328 -1
2186 57 2375 -1
2193 8 2398 -1
2209 25 2338 -1
2215 12 2397 -1
2223 13 2398 -1
2225 36 2323 2328 -1
2227 4 2375 -1
2229 17 2356 -1
2230 38 2375 -1
2233 34 2332 2385 2345 -1
2236 75 2356 2325 2323 -1
2237 254 2398 2398 2381 2324 2328 -1
2240 106 2328 2398 2325 2322 2356 2341 -1
2246 7 2323 -1
2249 38 2397 2322 2338 -1
2251 23 2332 -1
2255 31 2350 2397 2323 2333 2385 -1
2256 125 2341 2329 2322 2375 -1
2257 47 2381 -1
2258 90 2328 -1
2264 51 2328 2381 2385 -1
2272 31 2398 2385 -1
2274 33 2332 2329 2385 -1
2276 21 2398 -1
2282 5 2397 -1
2285 16 2398 -1
2289 13 2364 -1
2290 95 2324 -1
2297 150 2398 2333 2338 2328 -1
2298 26 2328 -1
2299 65 2322 2398 2328 -1
2304 1 2305 -1
2319 1 2325 -1
2322 15 2350 -1
2323 54 2398 2323 -1
2326 249 2398 2325 2341 2338 2307 2339 2324 2329 2350 2384 2328 2356 -1
2328 205 2350 2341 2345 2385 2332 2324 2397 2322 2329 -1
2330 2 2333 -1
2331 2 2333 -1
2332 20 2333 -1
2334 1 2339 -1
2335 1 2339 -1
2336 1 2339 -1
2337 1 2339 -1
2338 5 2323 -1
2340 4 2341 -1
2342 4 2345 -1
2343 4 2345 -1
2344 1 2345 -1
2349 2 2350 -1
2356 57 2328 2324 -1
2361 1 2362 -1
2365 58 2328 2385 -1
2369 134 2364 2398 -1
2371 93 2375 2323 2324 -1
2376 22 2398 -1
2379 46 2397 2328 -1
2381 37 2323 -1
2384 65 2385 2328 2371 -1
2391 1 2397 -1
2393 3 2397 2332 -1
2398 56 2326 -1
2406 2 2356 -1
2411 96 2375 2325 2307 -1
2416 22 2323 2375 -1
2444 6 2384 -1
2472 76 2322 2323 2375 -1
2473 83 2375 2322 2371 -1
2474 101 2375 2371 2398 2328 2322 -1
2476 35 2323 -1
2485 286 2323 2328 2371 2384 2325 2328 2364 2375 -1
2488 20 2328 -1
2502 22 2323 -1
2504 82 2323 2338 2328 2381 2398 2364 -1
2507 64 2375 2325 2324 2356 2322 -1
2508 13 2323 -1
2510 69 2328 2371 -1
2535 24 2381 -1
2541 27 2323 2398 -1
2542 73 2328 2356 2323 -1
2544 9 2328 -1
2546 28 2322 2338 -1
2547 64 2325 2371 2328 -1
2549 63 2371 -1
2550 16 2371 -1
2555 11 2322 -1
2557 77 2340 2322 2323 -1
2559 54 2324 2356 -1
2560 89 2323 2324 -1
2564 49 2324 -1
2565 827 2375 2384 2338 2364 2398 2356 2371 2323 2369 2324 2381 2328 2398 2325 2322 -1
2567 3 2398 -1
2576 138 2324 2398 2381 2375 2338 -1
2578 13 2323 -1
2585 46 2398 2338 2328 -1
2592 8 2375 -1
2593 26 2322 2328 -1
2594 42 2322 2398 -1
2595 42 2328 -1
2605 58 2323 2381 -1
2608 14 2366 2322 -1
2611 8 2323 -1
2612 29 2323 2398 2375 -1
2617 22 2323 -1
2618 50 2375 -1
2619 44 2371 2328 -1
2623 47 2375 2398 2324 -1
2648 1 2365 -1
2651 216 2322 2398 2375 2328 2324 2398 2398 2338 2384 -1
2653 102 2398 2398 2371 2328 -1
2654 56 2371 2324 -1
2655 30 2371 -1
2657 35 2324 -1
2658 231 2364 2324 2326 -1
2660 148 2398 2381 2328 2356 2323 2324 2325 -1
2665 6 2322 -1
2667 93 2398 2325 -1
2672 12 2366 -1
2674 83 2356 2324 2371 -1
2683 8 2323 2322 -1
2686 120 2338 2328 2325 2356 -1
2687 11 2338 -1
2688 516 2326 2364 2307 2325 2369 2381 2328 2324 2371 2338 2384 2398 2356 2398 -1
2689 34 2325 2398 -1
2690 25 2325 2356 -1
2691 39 2324 2328 2398 -1
2692 18 2338 2325 -1
2693 132 2324 2328 2371 2381 -1
2694 17 2398 -1
2695 6 2325 -1
2696 61 2356 2328 2325 -1
2697 45 2326 2328 2323 -1
2698 5 2356 2325 -1
2699 63 2326 2325 -1
2700 113 2328 2338 2325 2324 2384 -1
2701 12 2371 2356 2325 -1
2702 39 2381 -1
2703 42 2356 2338 2325 -1
2704 40 2375 2371 2324 2325 2356 -1
2706 13 2325 -1
2707 100 2384 2338 2328 2325 2364 2356 -1
2713 166 2324 2384 2307 2356 2325 2338 2328 -1
2719 20 2328 -1
2727 35 2328 -1
2737 16 2398 -1
2746 20 2328 -1
2747 65 2328 -1
2752 5 2398 -1
2768 29 2375 2323 -1
2774 45 2328 2323 -1
2775 36 2328 -1
2790 145 2326 2398 2322 2398 2398 2324 -1
2791 15 2375 -1
2792 17 2375 -1
2808 1 2398 -1
2811 9 2398 -1
2815 10 2323 2322 -1
2822 29 2322 2323 -1
2830 7 2323 -1
2831 39 2328 2381 -1
2833 7 2371 -1
2840 11 2375 -1
2842 93 2398 2324 2356 -1
2851 45 2356 -1
2859 90 2398 2328 -1
2871 165 2371 2328 2384 2398 2364 2325 2381 -1
2872 54 2323 -1
2883 18 2323 -1
2909 51 2398 2384 -1
2912 26 2325 2356 2371 -1
2913 9 2398 2375 -1
2918 3 2375 -1
2923 33 2375 2328 2307 2328 -1
2924 1 2375 -1
2932 50 2328 -1
2940 91 2338 2325 2324 -1
2948 23 2371 -1
2950 11 2323 -1
2953 10 2338 2371 -1
2958 48 2323 2328 -1
2964 59 2384 -1
2967 232 2398 2371 2326 2356 2381 2364 2325 2328 2384 -1
2972 271 2381 2364 2328 2369 -1
2981 36 2328 -1
2986 3 2371 -1
2987 7 2371 -1
2988 56 2328 -1
2989 10 2371 -1
2995 4 2324 -1
2998 3 2323 -1
2999 6 2323 -1
3000 31 2323 -1
3001 5 2323 -1
3002 5 2323 2364 -1
3003 1 2323 -1
3004 3 2323 -1
3005 27 2323 -1
3006 29 2325 2371 2356 2323 -1
3009 38 2328 -1
3010 118 2356 2326 2324 2325 -1
3015 30 2328 -1
3020 48 2328 2371 2325 2356 -1
3024 47 2307 -1
3026 151 2354 2328 2371 2324 2338 2307 2384 -1
3028 99 2326 2398 2328 2371 -1
3031 42 2371 2398 -1
3032 205 2328 2398 2326 -1
3033 38 2371 2328 -1
3034 38 2398 2328 2398 -1
3039 14 2328 2398 -1
3041 14 2371 -1
3059 34 2371 2328 -1
3062 30 2371 -1
3072 24 2356 2371 2325 -1
3073 33 2364 -1
3084 52 2398 -1
3087 7 2371 -1
3088 24 2398 -1
3090 10 2371 -1
3092 52 2369 -1
3095 25 2371 -1
3098 25 2371 -1
3110 19 2369 2328 2381 -1
3125 16 2325 -1
3144 66 2338 2356 2324 2371 -1
3145 17 2328 -1
3148 18 2328 -1
3168 69 2328 -1
3172 13 2371 -1
3173 6 2371 -1
3174 1 2371 -1
3175 34 2371 -1
3176 5 2371 -1
3180 23 2324 2328 -1
3191 55 2398 -1
3192 39 2325 -1
3199 13 2338 -1
3208 7 2384 -1
3225 13 2328 -1
3238 22 2381 -1
3252 33 2324 2338 -1
3256 20 2398 2364 -1
3258 69 2356 2398 2328 -1
3276 60 2328 -1
3290 29 2325 -1
3291 56 2356 2326 2328 -1
3297 39 2356 2338 -1
3304 31 2338 -1
3310 18 2356 -1
3313 5 2328 -1
3316 3 2398 -1
3317 15 2328 -1
3321 16 2325 -1
3322 1 2325 -1
3323 1 2325 -1
3325 6 2356 -1
3326 12 2356 -1
3334 11 2398 -1
3345 36 2398 2398 -1
3350 55 2398 -1
3352 165 2328 2324 2381 2338 -1
3366 31 2364 2328 -1
3373 12 2328 -1
3375 36 2328 -1
3378 37 2384 2398 -1
3380 33 2328 2324 -1
3384 3 2398 -1
3386 11 2398 -1
3390 47 2364 2338 -1
3392 26 2324 -1
3394 121 2328 2324 2326 2381 2398 2398 -1
3402 88 2364 2324 2381 -1
3404 73 2324 -1
3433 8 2338 -1
3435 3 2384 -1
3439 69 2324 -1
3443 13 2328 -1
3445 15 2381 -1
3447 214 2364 2369 2326 2328 -1
3449 306 2398 2381 2369 -1
3452 91 2381 2328 -1
3453 241 2381 2364 -1
3454 124 2328 2384 2398 -1
3455 59 2326 2364 -1
3456 250 2364 2369 2398 2328 2398 2381 2386 -1
3457 97 2326 2364 2381 -1
3459 73 2398 -1
3460 17 2326 -1
3461 49 2398 -1
3468 3 2324 -1
3479 83 2364 2328 2328 -1
3481 11 2324 -1
3482 10 2324 -1
3488 14 2328 -1
3498 96 2381 -1
3512 8 2328 -1
3518 5 2398 -1
3519 49 2328 2398 -1
3521 23 2328 -1
3522 53 2384 2364 2398 2328 -1
3523 15 2324 -1
3555 11 2328 2324 -1
3562 38 2328 -1
3567 17 2384 2324 -1
3568 128 2328 2384 2398 -1
3571 39 2328 -1
3587 4 2324 -1
3594 2 2384 -1
3597 11 2328 -1
3601 41 2398 2369 2324 -1
3607 24 2328 -1
3611 19 2324 -1
3614 187 2364 2328 2381 -1
3615 113 2328 2381 -1
3630 30 2398 -1
3631 70 2328 2364 2369 2381 -1
3633 26 2384 -1
3635 33 2328 -1
3641 194 2326 2307 2328 2398 2398 -1
3642 291 2398 -1
3643 35 2398 -1
3645 34 2328 -1
3653 2 2324 -1
3654 1 2324 -1
3655 7 2324 -1
3658 38 2328 -1
3659 32 2307 -1
3661 28 2328 -1
3666 125 2326 2369 2328 -1
3673 5 2398 -1
3682 20 2328 -1
3683 7 2398 -1
3686 3 2384 -1
3691 70 2398 -1
3714 15 2384 -1
3724 69 2328 -1
3728 71 2398 2398 -1
3729 12 2328 -1
3752 15 2328 -1
3785 15 2398 -1
3786 72 2398 -1
3787 233 2328 2326 2398 2369 -1
3796 107 2381 2364 -1
3798 18 2328 -1
3806 31 2398 -1
3813 72 2381 2398 -1
3839 5 2328 -1
3854 79 2364 2398 2328 -1
3869 5 2384 -1
3871 5 2384 -1
3872 10 2384 2328 -1
3895 1 2307 -1
3896 1 2307 -1
3916 25 2328 -1
3917 23 2328 -1
3928 2 2328 -1
3930 5 2398 -1
3949 26 2384 -1
3956 55 2398 2364 -1
3960 11 2398 -1
3965 79 2328 2398 -1
3969 58 2328 -1
3973 20 2328 -1
3976 43 2398 2364 -1
3977 13 2398 -1
3980 1 2328 -1
4016 1 2384 -1
4020 6 2328 -1
4036 139 2364 2384 -1
4039 9 2384 -1
4041 54 2381 -1
4042 21 2384 -1
4044 53 2364 2398 -1
4045 244 2364 2381 -1
4053 2 2384 -1
4059 3 2398 -1
4065 104 2328 -1
4070 56 2364 -1
4073 90 2398 2381 -1
4074 33 2328 -1
4076 52 2328 2381 -1
4077 63 2381 2364 2328 -1
4082 15 2398 -1
4099 101 2398 -1
4116 8 2398 -1
4120 3 2328 -1
4121 1 2328 -1
4122 1 2328 -1
4123 23 2328 -1
4124 27 2364 2328 2326 -1
4125 2 2328 -1
4126 2 2328 -1
4127 42 2369 2381 2398 2328 -1
4128 9 2328 -1
4129 1 2328 -1
4130 2 2328 -1
4131 1 2328 -1
4132 1 2328 -1
4133 2 2328 -1
4134 2 2328 -1
4135 2 2328 -1
4136 27 2328 -1
4137 6 2328 -1
4138 59 2398 2328 -1
4139 1 2328 -1
4140 10 2328 -1
4141 5 2328 -1
4142 30 2328 -1
4143 1 2328 -1
4144 38 2328 2398 -1
4145 2 2328 -1
4146 1 2328 -1
4147 2 2328 -1
4148 4 2328 -1
4149 2 2328 -1
4150 13 2328 -1
4151 79 2381 2328 -1
4152 34 2381 2328 -1
4153 1 2328 -1
4154 1 2328 -1
4191 14 2398 -1
4219 101 2381 2369 2364 -1
4222 28 2381 -1
4223 5 2326 -1
4273 19 2398 -1
4292 4 2398 -1
4295 16 2369 -1
4297 32 2398 -1
4315 19 2364 2381 2398 -1
4335 28 2398 -1
4353 69 2398 -1
4355 40 2364 -1
4363 13 2398 -1
4412 2 2398 -1
4428 12 2364 2381 -1
4441 186 2364 -1
4442 15 2381 -1
4448 32 2398 -1
4483 137 2381 2364 -1
4509 11 2381 2364 -1
4527 6 2342 -1
4531 8 2398 2398 -1
4536 58 2364 2381 2398 -1
4543 1 2398 -1
4550 81 2398 -1
4563 11 2364 -1
4564 30 2326 -1
4574 37 2398 -1
4582 4 2398 2381 -1
4588 9 2326 -1
4647 9 2326 -1
4653 80 2386 2398 -1
4662 44 2398 -1
4671 6 2398 -1
4686 40 2369 2381 -1
4688 59 2326 -1
4712 91 2398 2364 -1
4717 57 2381 -1
4725 33 2381 -1
4726 12 2369 -1
4748 19 2364 -1
4756 32 2369 2326 2398 -1
4764 52 2398 -1
4774 12 2326 -1
4814 16 2364 -1
4818 15 2364 -1
4824 88 2364 2398 -1
4829 57 2364 -1
4846 24 2381 -1
4859 29 2381 -1
4894 34 2364 -1
4899 160 2381 2398 2364 -1
4929 4 2381 -1
4934 6 2398 -1
4943 31 2381 -1
4947 8 2364 -1
4948 194 2398 2369 2381 2364 -1
4964 51 2398 2369 2364 -1
4966 25 2398 -1
4967 317 2364 2398 2381 -1
4976 20 2364 -1
4977 2 2369 -1
4981 49 2398 -1
5002 116 2398 -1
5006 16 2369 -1
5008 23 2369 -1
5012 6 2398 -1
5020 45 2398 2381 -1
5039 7 2364 -1
5067 2 2364 -1
5068 10 2364 -1
5079 240 2381 2369 -1
5081 3 2398 -1
5110 84 2369 2381 2386 -1
5111 3 2381 -1
5118 9 2381 -1
5119 18 2398 2381 -1
5123 60 2398 -1
5140 50 2369 -1
5150 14 2398 -1
5152 4 2369 -1
5174 6 2398 -1
5176 100 2398 -1
5179 212 2398 -1
5181 29 2398 -1
5184 64 2398 -1
5189 237 2398 -1
5198 5 2398 -1
5217 17 2369 -1
5250 5 2398 -1
5254 34 2398 -1
5263 74 2398 -1
5283 2 2398 -1
5285 20 2398 -1
5295 23 2398 -1
5312 9 2398 -1
5317 10 2398 -1
5321 13 2398 -1
5382 19 2398 -1
5455 7 2398 -1
5462 7 2398 -1
5499 3 2398 -1
5515 6 2398 -1
5526 7 2398 -1
5584 12 2398 -1
5604 5 2398 -1
5605 10 2398 -1
5606 23 2398 -1
5607 1 2398 -1
5608 14 2398 -1
5609 1 2398 -1
5610 2 2398 -1
5611 1 2398 -1