6 258 2909 -1
11 733 2923 2981 2900 2958 2932 -1
24 270 2999 2922 2963 2955 -1
27 89 2917 -1
47 113 2955 -1
59 94 2977 2922 2979 2966 2972 2946 2955 2963 -1
68 187 2973 -1
83 7 2963 -1
87 164 2925 -1
89 21 2991 -1
103 55 2922 -1
122 193 2979 2963 2932 2966 2900 2981 2958 2955 2968 -1
127 83 2963 2977 2999 -1
128 51 2966 2912 -1
147 50 2955 -1
157 41 2979 -1
172 120 2958 2973 2966 2951 -1
266 13 2955 -1
275 47 2999 2972 -1
291 30 2958 -1
306 215 2932 2973 -1
310 236 2955 -1
311 312 2968 2963 2973 2918 2918 2940 2999 2981 -1
315 70 2963 -1
319 193 2925 -1
325 15 2909 -1
328 10 2999 -1
346 27 2922 2912 2999 2923 -1
395 37 2963 -1
403 18 2966 2922 -1
405 17 2973 -1
407 101 2977 -1
425 49 2951 2963 -1
432 155 2963 2932 2958 -1
457 640 2900 2932 2973 2999 2958 -1
587 14 2922 -1
634 106 2955 -1
644 23 2922 -1
650 85 2972 2977 2955 2951 -1
665 6 2958 -1
667 18 2958 -1
698 7 2966 -1
704 82 2912 -1
722 124 2968 2940 -1
737 120 2940 -1
742 85 2940 -1
749 62 2951 -1
763 45 2966 2977 -1
766 709 2932 2922 2912 2951 2963 2972 2955 2973 2999 2940 2981 2958 2968 2909 2925 -1
769 137 2963 -1
784 205 2958 2973 2900 2963 2951 -1
789 209 2909 -1
795 57 2981 -1
813 261 2955 2973 2963 2981 2958 2999 2932 2925 2968 -1
825 139 2917 2958 2940 -1
826 218 2966 2979 2999 2968 2922 2912 2977 2972 2946 2955 -1
841 22 2968 -1
854 56 2966 2963 -1
856 30 2973 2951 -1
879 108 2973 -1
922 147 2923 -1
937 33 2955 2968 -1
982 32 2912 2951 -1
988 257 2951 2923 2912 2972 2958 2973 2999 -1
993 233 2972 -1
996 279 2963 2968 2951 -1
1006 130 2912 -1
1024 40 2977 -1
1032 34 2912 2909 -1
1035 10 2963 -1
1037 50 2966 -1
1042 38 2963 2951 -1
1051 48 2963 -1
1055 139 2963 2902 -1
1062 157 2968 2932 -1
1097 93 2972 2958 -1
1098 260 2963 2973 2940 2968 -1
1111 42 2925 -1
1127 58 2963 -1
1128 10 2968 -1
1132 42 2946 -1
1133 282 2958 2981 2909 2968 2925 2932 -1
1135 112 2922 2955 -1
1137 104 2958 -1
1143 15 2963 -1
1151 460 2963 2940 2999 -1
1166 318 2951 2958 2940 2973 2968 2912 -1
1169 24 2951 -1
1183 8 2922 2955 -1
1184 57 2922 2963 -1
1200 92 2912 2918 2918 2951 2922 -1
1202 68 2968 -1
1204 58 2951 -1
1211 66 2922 2923 -1
1221 75 2922 -1
1228 9 2940 -1
1236 98 2999 2981 -1
1267 61 2955 2963 2968 2999 -1
1279 126 2973 2963 -1
1284 18 2955 -1
1285 24 2955 -1
1286 55 2955 -1
1291 34 2972 2999 -1
1297 48 2966 -1
1305 227 2972 2955 2958 2968 2981 2993 2951 2999 2977 2973 2912 2963 2966 -1
1306 19 2922 -1
1319 185 2958 2900 -1
1322 12 2922 -1
1357 84 2968 -1
1367 17 2973 -1
1374 385 2955 2912 2963 2909 2966 2977 2922 2928 -1
1381 51 2966 -1
1383 4 2963 -1
1385 24 2999 -1
1395 192 2955 2963 -1
1428 159 2958 2973 2932 -1
1463 22 2963 -1
1487 115 2912 -1
1492 159 2912 2958 2981 -1
1496 190 2981 -1
1501 19 2951 -1
1506 34 2912 -1
1521 104 2958 -1
1522 90 2981 2973 2999 -1
1537 72 2963 -1
1542 237 2940 2909 2973 -1
1549 522 2958 2900 2972 2981 2955 2973 2922 2966 2968 2932 2963 2999 -1
1566 42 2946 -1
1583 78 2955 2900 2968 2991 -1
1592 25 2963 -1
1594 108 2922 2968 -1
1596 31 2958 -1
1604 4 2917 -1
1608 344 2972 2999 2981 2951 -1
1622 39 2958 -1
1623 36 2966 -1
1639 36 2955 -1
1661 36 2940 2912 -1
1688 24 2955 -1
1691 47 2922 2909 -1
1701 98 2973 2981 -1
1705 44 2946 2922 2972 2968 2963 2955 2999 -1
1706 4 2955 -1
1707 29 2955 -1
1717 98 2999 -1
1732 16 2955 -1
1734 47 2912 -1
1749 63 2951 2912 2991 -1
1751 13 2951 -1
1756 82 2966 2972 2955 2963 2977 -1
1766 19 2955 -1
1767 75 2955 2909 2963 2932 -1
1769 64 2922 2968 -1
1795 41 2973 2912 -1
1799 42 2912 -1
1808 103 2922 2955 2963 -1
1814 79 2963 2972 2966 2955 2981 2968 2999 -1
1820 90 2963 -1
1837 26 2963 -1
1838 54 2958 -1
1847 46 2973 -1
1885 43 2932 -1
1918 18 2958 -1
1919 113 2977 2946 -1
1922 126 2955 2951 2922 2963 -1
1951 26 2973 -1
1964 10 2966 -1
1966 17 2955 -1
1967 31 2973 -1
1972 184 2999 2958 2968 2955 2972 2909 2966 2981 -1
1976 6 2955 -1
1980 44 2922 -1
1991 66 2922 2963 2968 2955 -1
2003 42 2973 -1
2014 11 2909 -1
2062 118 2923 -1
2069 17 2946 -1
2072 121 2968 2999 -1
2093 52 2922 2966 2972 -1
2102 31 2968 -1
2114 31 2999 2968 -1
2117 18 2966 -1
2118 114 2909 2999 2966 2900 2977 2958 2968 -1
2130 8 2955 -1
2133 122 2999 2972 2922 2963 2968 2955 -1
2135 143 2900 2912 2963 2909 -1
2145 134 2922 2912 2981 -1
2168 3 2977 -1
2174 49 2955 -1
2186 57 2922 2999 2963 2979 2968 2977 -1
2193 8 2991 -1
2225 36 2951 -1
2236 75 2900 2951 2912 2966 2968 -1
2237 254 2973 2909 2932 2955 2999 2968 -1
2240 106 2951 -1
2251 23 2972 2977 2999 2968 -1
2255 31 2963 2999 -1
2256 125 2999 2958 2963 2955 2922 -1
2258 90 2981 -1
2274 33 2946 -1
2287 4 2968 -1
2290 95 2923 2900 2973 -1
2297 150 2958 -1
2298 26 2932 -1
2299 65 2999 2909 2972 -1
2323 54 2958 -1
2326 249 2932 2973 2918 2900 2900 2923 2900 2981 2958 -1
2328 205 2932 2981 2958 2973 -1
2332 20 2912 -1
2356 57 2958 2923 2932 2973 -1
2365 58 2951 -1
2369 134 2909 -1
2371 93 2955 2999 2963 2922 2973 2968 -1
2379 46 2923 2958 2981 2932 2900 -1
2384 65 2909 -1
2387 52 2909 -1
2411 96 2958 2955 -1
2416 22 2966 2968 -1
2417 3 2991 -1
2434 2 2963 -1
2472 76 2922 2946 2963 2955 2999 -1
2473 83 2999 2968 2963 2922 2955 -1
2474 101 2968 2912 2963 2955 2951 2922 -1
2476 35 2968 2999 2918 2900 2918 -1
2485 286 2900 2955 2923 2966 2972 2909 2958 2940 -1
2488 20 2912 -1
2504 82 2940 -1
2506 28 2932 -1
2507 64 2912 2955 2973 2963 -1
2510 69 2999 -1
2516 36 2912 -1
2523 5 2999 -1
2535 24 2981 -1
2541 27 2963 2926 -1
2542 73 2968 -1
2546 28 2900 -1
2547 64 2972 2912 -1
2548 12 2923 -1
2549 63 2955 2963 2932 2923 2958 -1
2557 77 2999 2918 2918 2977 2963 2955 2972 2922 2979 2966 -1
2559 54 2968 2958 -1
2560 89 2972 2912 2999 2968 2963 -1
2564 49 2981 2940 -1
2565 827 2940 2922 2932 2979 2991 2968 2981 2958 2926 2900 2900 2972 2966 2946 2955 2902 2900 2951 2918 2963 2909 2973 2977 2999 2923 2918 2993 2918 2974 2912 -1
2576 138 2912 2918 2918 2973 2926 -1
2585 46 2958 -1
2593 26 2958 -1
2594 42 2958 -1
2605 58 2922 2963 -1
2608 14 2979 -1
2612 29 2900 2912 -1
2613 17 2900 -1
2618 50 2973 2958 -1
2619 44 2972 2963 -1
2630 2 2968 -1
2646 30 2972 2963 2968 -1
2647 16 2902 -1
2651 216 2973 2900 2918 2958 2981 -1
2653 102 2958 2909 -1
2654 56 2958 2900 -1
2655 30 2981 -1
2658 231 2973 2940 -1
2660 148 2900 2951 2912 -1
2665 6 2973 -1
2667 93 2914 2925 -1
2674 83 2973 2912 -1
2686 120 2900 2912 2900 2951 2918 -1
2688 516 2973 2981 2912 2909 2900 2932 2951 2925 2923 2958 -1
2689 34 2958 -1
2691 39 2958 2912 -1
2692 18 2951 -1
2693 132 2973 2958 2932 -1
2696 61 2909 2912 -1
2697 45 2900 -1
2699 63 2973 -1
2700 113 2923 2912 2958 2973 2981 2932 -1
2702 39 2977 -1
2703 42 2951 2912 -1
2706 13 2973 -1
2707 100 2912 2981 2958 -1
2713 166 2958 2912 2973 2981 2932 -1
2719 20 2958 -1
2721 2 2963 -1
2724 6 2973 -1
2727 35 2958 -1
2740 28 2922 2973 -1
2744 36 2918 2918 -1
2746 20 2958 2923 -1
2747 65 2900 2900 2973 2923 -1
2768 29 2963 2999 2922 2972 2968 -1
2778 16 2946 2972 -1
2780 3 2972 -1
2790 145 2900 2900 2912 2973 2951 -1
2791 15 2955 2963 -1
2792 17 2922 -1
2796 3 2955 -1
2799 6 2923 -1
2822 29 2900 2968 -1
2831 39 2972 2912 -1
2832 27 2932 -1
2838 20 2923 2999 2958 -1
2840 11 2922 2972 -1
2842 93 2958 2951 2973 -1
2845 2 2955 -1
2851 45 2955 -1
2858 2 2963 -1
2859 90 2900 2958 2981 -1
2862 4 2926 -1
2863 5 2902 -1
2871 165 2955 2963 2932 2912 2958 2981 2999 -1
2872 54 2981 2918 2918 -1
2883 18 2968 -1
2900 28 2922 -1
2904 16 2999 -1
2913 9 2918 2918 2922 -1
2914 4 2963 -1
2918 3 2922 -1
2921 2 2918 2918 -1
2923 33 2979 2923 -1
2925 18 2956 2946 2979 2955 2972 2926 2977 -1
2928 2 2928 -1
2932 50 2955 2958 -1
2936 5 2999 -1
2940 91 2973 2958 2932 2977 2912 -1
2944 1 2946 -1
2945 1 2946 -1
2947 10 2968 -1
2950 11 2977 2972 2999 2963 2966 -1
2952 1 2955 -1
2953 10 2955 -1
2954 1 2955 -1
2960 1 2963 -1
2961 1 2963 -1
2962 1 2963 -1
2964 59 2966 2932 2981 2951 2958 -1
2965 2 2993 2966 -1
2967 232 2900 2981 2912 2958 2968 2966 2932 -1
2968 37 2966 -1
2969 3 2972 -1
2970 1 2972 -1
2972 271 2973 2932 2958 2909 2981 -1
2974 15 2981 2977 -1
2975 2 2974 -1
2976 7 2974 -1
2991 6 2993 2958 -1
2992 1 2993 -1
2993 1 2991 -1
3006 29 2968 2999 2991 -1
3010 118 2973 2999 -1
3012 1 2999 -1
3013 1 2999 -1
3018 18 2973 -1
3020 48 2951 2912 -1
3024 47 2923 2958 2973 2900 -1
3026 151 2932 2958 2973 -1
3028 99 2958 -1
3031 42 2900 2912 -1
3032 205 2900 2900 2912 2923 -1
3033 38 2912 2958 -1
3034 38 2912 -1
3035 13 2912 -1
3039 14 2958 -1
3046 10 2923 -1
3047 10 2991 -1
3056 34 2973 -1
3062 30 2951 -1
3070 1 2991 -1
3073 33 2981 -1
3081 14 2958 -1
3098 25 2951 -1
3107 10 2932 -1
3142 41 2900 -1
3144 66 2973 -1
3168 69 2958 -1
3180 23 2958 -1
3196 19 2923 -1
3267 1 2951 -1
3276 60 2958 -1
3291 56 2973 2958 2900 2923 -1
3297 39 2958 -1
3315 13 2958 -1
3326 12 2958 -1
3352 165 2981 2932 2973 2958 -1
3373 12 2981 -1
3375 36 2923 2958 -1
3381 177 2940 -1
3394 121 2932 2923 2900 2958 -1
3404 73 2973 2909 -1
3417 31 2909 2932 -1
3439 69 2932 -1
3449 306 2925 2917 2909 -1
3451 49 2932 2981 2958 -1
3454 124 2917 2932 2958 2981 -1
3458 61 2958 -1
3459 73 2925 -1
3470 21 2973 -1
3479 83 2958 2981 2932 -1
3480 12 2973 -1
3512 8 2981 -1
3521 23 2940 -1
3522 53 2958 -1
3523 15 2973 -1
3525 13 2923 -1
3528 7 2973 -1
3541 62 2923 2958 2900 -1
3554 3 2958 -1
3555 11 2973 -1
3560 12 2923 -1
3562 38 2958 2973 -1
3567 17 2981 -1
3568 128 2932 2900 2981 2958 -1
3571 39 2981 -1
3586 135 2940 -1
3589 5 2923 -1
3604 1 2923 -1
3611 19 2973 -1
3614 187 2909 2958 -1
3615 113 2981 2932 -1
3624 49 2909 2973 2900 2981 -1
3630 30 2923 2958 -1
3633 26 2923 -1
3635 33 2932 2958 -1
3641 194 2958 2909 2925 2900 2917 -1
3642 291 2925 -1
3645 34 2958 -1
3646 9 2958 2981 -1
3658 38 2909 2932 -1
3659 32 2958 -1
3660 67 2923 2958 2900 -1
3661 28 2923 -1
3666 125 2981 2932 -1
3682 20 2981 -1
3714 15 2958 -1
3719 14 2958 -1
3724 69 2981 2932 2958 -1
3728 71 2909 -1
3748 26 2958 -1
3762 8 2900 2923 -1
3775 10 2923 2958 -1
3785 15 2981 2958 -1
3786 72 2958 -1
3787 233 2909 2958 -1
3812 32 2958 2909 2981 -1
3814 24 2958 2981 -1
3819 9 2958 -1
3827 2 2900 -1
3839 5 2923 -1
3840 1 2923 -1
3916 25 2958 -1
3920 6 2981 -1
3947 2 2958 -1
3949 26 2958 -1
3969 58 2940 -1
3973 20 2932 2900 -1
3985 26 2958 -1
4020 6 2981 -1
4036 139 2981 2958 -1
4037 7 2958 -1
4039 9 2981 -1
4042 21 2981 2932 2958 -1
4045 244 2925 -1
4063 26 2917 2925 -1
4065 104 2958 2981 2932 -1
4070 56 2909 2958 2981 -1
4074 33 2958 -1
4076 52 2932 2958 -1
4099 101 2925 -1
4119 5 2981 2958 -1
4120 3 2958 -1
4124 27 2900 -1
4128 9 2932 2958 -1
4135 2 2958 -1
4136 27 2932 -1
4138 59 2932 -1
4144 38 2958 -1
4211 39 2940 -1
4249 1 2932 -1
4250 2 2932 -1
4251 1 2932 -1
4252 5 2932 -1
4255 9 2917 -1
4276 47 2909 -1
4310 225 2925 2909 -1
4377 11 2917 -1
4441 186 2909 -1
4442 15 2909 -1
4448 32 2909 -1
4632 202 2909 2940 2925 -1
4653 80 2909 -1
4662 44 2917 -1
4712 91 2909 -1
4718 31 2909 -1
4824 88 2925 -1
4828 105 2925 -1
4829 57 2909 -1
4879 20 2940 -1
4894 34 2925 -1
4899 160 2940 2909 -1
4948 194 2909 -1
4950 1 2917 -1
4951 1 2917 -1
4967 317 2909 2925 -1
4981 49 2909 -1
5002 116 2940 -1
5022 173 2914 -1
5053 53 2940 -1
5068 10 2940 -1
5079 240 2909 -1
5099 9 2925 -1
5110 84 2909 -1
5123 60 2909 -1
5155 16 2909 -1
5177 92 2925 -1
5178 15 2925 -1
5179 212 2925 -1
5189 237 2909 2925 -1
5190 56 2909 -1
5199 19 2940 -1
5207 9 2909 -1
5233 19 2940 2909 -1
5301 42 2940 -1
5320 6 2909 -1
5321 13 2909 -1
5322 1 2909 -1
5423 36 2940 -1
5427 34 2925 -1
5437 24 2925 -1
5524 402 2925 2940 -1
5531 224 2940 2925 -1
5543 128 2925 2940 -1
5582 105 2925 -1
5591 21 2914 -1
5696 49 2914 -1
5787 29 2925 -1
5796 173 2940 2925 -1
5802 248 2940 -1
5807 16 2940 -1
5814 106 2940 -1
5822 81 2940 -1
6004 5 2940 -1
6068 30 2925 -1
6280 31 2940 -1
6486 57 2940 -1
6494 70 2940 -1
6548 8 2940 -1
6615 119 2940 -1
6619 77 2940 -1
6624 122 2940 -1
6714 92 2940 -1
6719 3 2940 -1
6906 49 2940 -1
6934 51 2940 -1
6946 25 2940 -1
7052 114 2940 -1
7321 3 2940 -1
7350 20 2940 -1
7383 1 2940 -1
7389 1 2940 -1
7390 18 2940 -1
7391 47 2940 -1
7392 1 2940 -1