6 258 6624 -1
103 55 6624 6665 -1
109 166 6665 6699 6665 6600 -1
136 64 6634 -1
143 95 6634 6600 -1
155 16 6665 -1
172 120 6634 -1
335 48 6634 -1
406 33 6624 -1
457 640 6665 6699 6600 6613 6632 6665 -1
663 133 6634 6634 -1
695 87 6634 6634 -1
737 120 6624 6665 6618 -1
742 85 6624 -1
766 709 6600 6699 6665 6624 6632 -1
789 209 6606 -1
825 139 6600 -1
840 7 6618 -1
988 257 6618 6634 -1
1009 43 6665 -1
1042 38 6686 -1
1055 139 6665 -1
1074 75 6600 6663 6699 6632 6665 6613 -1
1098 260 6665 6624 -1
1151 460 6600 6632 -1
1374 385 6624 -1
1542 237 6634 6624 -1
1549 522 6634 6624 -1
1661 36 6600 -1
1701 98 6624 -1
1748 37 6634 -1
1762 37 6632 6665 6613 6699 -1
1799 42 6665 -1
1811 37 6699 -1
1896 50 6699 -1
1951 26 6632 -1
1972 184 6600 -1
1990 29 6613 -1
2009 46 6624 -1
2145 134 6634 -1
2226 23 6634 -1
2237 254 6624 -1
2240 106 6634 -1
2328 205 6665 -1
2369 134 6632 6634 6665 -1
2384 65 6624 -1
2440 43 6699 -1
2458 7 6600 -1
2481 8 6634 -1
2485 286 6600 -1
2516 36 6634 -1
2547 64 6699 -1
2560 89 6665 -1
2564 49 6600 -1
2565 827 6665 6618 6624 6634 6613 6634 -1
2605 58 6600 -1
2658 231 6665 -1
2677 37 6624 -1
2688 516 6624 6600 6665 6632 -1
2693 132 6613 -1
2940 91 6600 -1
2972 271 6632 6600 6699 -1
2983 18 6634 6618 -1
3027 31 6600 -1
3032 205 6600 -1
3088 24 6699 -1
3092 52 6600 -1
3142 41 6634 6618 -1
3293 8 6665 -1
3297 39 6618 6634 -1
3345 36 6600 6632 -1
3348 16 6634 -1
3381 177 6699 6600 6624 6632 -1
3439 69 6632 6600 6699 -1
3447 214 6618 6634 6600 -1
3453 241 6699 -1
3459 73 6699 -1
3462 36 6632 -1
3586 135 6613 6665 -1
3641 194 6613 -1
3642 291 6624 6632 6699 6613 6600 6665 -1
3658 38 6624 -1
3691 70 6665 -1
3787 233 6613 6634 -1
3809 4 6634 6634 6634 -1
3814 24 6624 -1
3854 79 6699 -1
3969 58 6665 -1
4036 139 6665 -1
4045 244 6624 6699 6632 6600 -1
4065 104 6699 -1
4126 2 6624 -1
4134 2 6600 -1
4144 38 6634 -1
4151 79 6600 -1
4169 4 6613 -1
4273 19 6613 -1
4297 32 6699 -1
4310 225 6665 6613 -1
4437 33 6624 -1
4483 137 6665 6634 6618 -1
4488 35 6618 6634 -1
4507 2 6634 -1
4550 81 6600 -1
4574 37 6624 -1
4632 202 6634 6618 6665 6634 -1
4662 44 6624 6665 -1
4673 68 6600 6632 -1
4687 19 6613 -1
4764 52 6665 -1
4788 15 6618 -1
4792 45 6665 -1
4795 66 6634 6628 -1
4828 105 6665 6665 6624 6613 -1
4829 57 6699 -1
4879 20 6665 -1
4926 5 6634 -1
4948 194 6665 6618 -1
4967 317 6624 6699 6634 6600 6632 -1
4974 41 6665 -1
5002 116 6618 6600 -1
5012 6 6613 -1
5022 173 6600 6632 6628 6663 6665 6634 6661 -1
5028 40 6665 -1
5038 5 6632 -1
5059 15 6634 -1
5079 240 6618 6699 6632 6665 6665 -1
5103 118 6624 6600 -1
5140 50 6600 -1
5143 8 6665 -1
5173 121 6634 6665 -1
5177 92 6665 6665 6613 -1
5179 212 6665 6634 6618 6634 6634 6600 -1
5185 120 6699 6665 6613 6632 6600 -1
5188 211 6699 6613 6665 6624 6632 6600 -1
5189 237 6634 6618 6665 6613 -1
5196 29 6665 -1
5201 12 6665 -1
5226 13 6634 -1
5254 34 6628 -1
5321 13 6632 -1
5342 22 6618 -1
5445 39 6665 -1
5454 19 6634 -1
5455 7 6600 -1
5466 1 6634 -1
5524 402 6613 6634 6665 6634 6618 6699 6634 6632 6665 6624 6600 -1
5531 224 6600 6699 6634 6665 6634 6632 -1
5543 128 6624 -1
5551 8 6634 -1
5553 36 6624 -1
5582 105 6613 6624 6699 6634 6665 -1
5612 38 6600 -1
5624 20 6600 -1
5630 31 6665 -1
5655 48 6699 -1
5692 19 6634 6634 6624 -1
5696 49 6613 6634 6665 -1
5697 219 6665 6613 6632 6624 6663 6699 6634 6634 -1
5738 12 6624 -1
5739 37 6624 -1
5763 4 6699 -1
5769 4 6634 -1
5773 63 6634 6624 -1
5796 173 6665 6600 6665 -1
5799 14 6618 -1
5800 182 6624 6665 6634 6632 6618 -1
5802 248 6618 6624 6632 6613 6665 6600 6699 -1
5804 22 6600 -1
5806 45 6665 -1
5810 26 6600 -1
5811 65 6613 6634 -1
5812 42 6618 -1
5814 106 6699 6665 6618 -1
5816 50 6624 6600 -1
5819 52 6632 -1
5822 81 6613 6632 6634 -1
5824 29 6624 6665 -1
5839 36 6618 6600 -1
5857 62 6632 -1
5862 24 6632 -1
5871 51 6699 -1
5872 25 6665 6634 6618 -1
5897 1 6634 -1
5927 8 6634 -1
5932 35 6665 -1
5934 32 6600 6613 6699 -1
5950 3 6634 -1
5998 80 6600 6632 6634 6618 6665 -1
6006 47 6613 -1
6032 70 6618 6665 -1
6038 6 6634 -1
6072 45 6634 -1
6151 13 6618 -1
6217 28 6665 6600 -1
6218 47 6634 6634 6634 -1
6221 26 6613 -1
6223 12 6632 -1
6241 64 6665 -1
6243 32 6634 6665 -1
6271 8 6634 -1
6272 80 6665 6634 -1
6299 70 6624 6665 6634 -1
6305 147 6634 6632 6665 6699 6624 6634 6634 6613 -1
6314 9 6663 -1
6316 15 6665 -1
6327 71 6624 6634 6634 -1
6346 13 6624 -1
6359 72 6699 6665 6624 6600 -1
6377 18 6665 6665 -1
6414 15 6634 -1
6422 7 6634 -1
6443 51 6634 6600 6634 -1
6458 22 6600 -1
6460 56 6699 -1
6483 18 6668 6628 6632 6661 -1
6486 57 6665 6624 6634 6665 6600 -1
6488 19 6634 -1
6504 7 6600 -1
6510 54 6665 6665 -1
6518 30 6665 6634 -1
6523 31 6634 -1
6525 13 6613 6634 -1
6545 5 6663 -1
6555 33 6699 -1
6563 54 6634 -1
6577 10 6699 -1
6596 137 6618 6634 -1
6601 1 6600 -1
6602 1 6600 -1
6603 1 6600 -1
6604 1 6600 -1
6605 9 6632 6634 6600 -1
6608 16 6665 6665 -1
6615 119 6624 -1
6618 79 6634 6634 -1
6619 77 6634 -1
6620 91 6624 6634 -1
6624 122 6665 -1
6626 8 6634 6665 -1
6633 1 6634 -1
6635 11 6634 6634 6634 -1
6655 3 6624 6665 -1
6665 25 6699 -1
6666 4 6699 -1
6687 1 6691 -1
6697 1 6699 -1
6698 1 6699 -1
6714 92 6665 -1
6729 2 6665 6665 -1
6730 1 6665 -1
6731 1 6665 -1
6732 1 6665 -1
6768 1 6613 -1
6772 49 6618 -1
6774 23 6618 -1
6784 41 6634 -1
6789 9 6634 -1
6790 10 6624 -1
6855 14 6634 6634 -1
6859 10 6634 -1
6865 16 6618 -1
6875 15 6634 -1
6885 13 6634 -1
6906 49 6634 -1
6907 183 6665 6634 6634 6618 -1
6913 34 6634 6624 -1
6914 52 6618 6665 -1
6916 30 6618 -1
6917 1 6634 -1
6934 51 6624 6618 6665 -1
6941 35 6665 -1
6945 16 6634 -1
6946 25 6634 6665 6634 -1
6993 75 6624 -1
7005 13 6634 -1
7035 2 6624 -1
7043 9 6634 -1
7047 133 6618 6634 -1
7050 3 6634 -1
7052 114 6665 -1
7053 19 6618 6634 -1
7055 95 6634 6665 -1
7057 100 6618 6634 6665 -1
7086 111 6665 6618 6634 -1
7092 75 6618 6665 -1
7095 1 6634 -1
7104 15 6665 -1
7183 6 6665 -1
7223 1 6665 -1
7225 24 6665 -1
7226 3 6665 -1
7227 9 6665 -1
7228 4 6665 -1
7229 5 6665 -1
7230 4 6665 -1
7231 87 6665 -1
7238 9 6618 -1
7266 6 6634 -1
7279 17 6618 -1
7280 71 6618 -1
7294 37 6618 -1
7301 18 6634 -1
7350 20 6618 -1
7386 14 6618 -1
7391 47 6634 -1
7578 24 6618 -1
7625 5 6634 -1
7675 16 6618 -1
7685 13 6634 6618 -1
7697 12 6634 -1
7727 26 6634 -1
7733 42 6618 6634 -1
7744 49 6618 6634 -1
7755 10 6634 -1
7808 12 6634 -1
7865 22 6618 -1
7882 10 6618 -1
7901 28 6618 -1
7904 6 6634 -1
7924 2 6634 -1
7928 2 6634 -1
7929 3 6634 -1
7938 2 6634 -1
7964 8 6618 -1
8042 1 6634 -1
8046 14 6618 -1
8047 17 6618 6634 -1
8050 6 6618 -1
8054 2 6634 -1
8085 16 6634 6618 -1
8107 11 6618 6634 -1
8152 10 6618 -1
8156 5 6618 -1
8157 2 6634 -1
8211 10 6618 -1
8222 5 6634 -1
8243 3 6618 -1
8251 1 6618 -1
8252 1 6634 -1
8253 1 6634 -1
8254 1 6634 -1
8255 1 6634 -1
8256 1 6634 -1