29 136 7052 7040 -1
44 42 7092 -1
68 187 7063 -1
103 55 7074 -1
109 166 7052 7063 7005 7021 7047 -1
110 59 7005 -1
127 83 7012 -1
136 64 7050 7054 -1
154 53 7050 -1
173 332 7092 -1
319 193 7021 -1
335 48 7074 -1
406 33 7094 -1
425 49 7054 -1
457 640 7073 7092 7021 7094 -1
580 28 7092 -1
600 171 7050 -1
737 120 7063 7012 -1
766 709 7012 7063 7052 7092 7005 7021 -1
840 7 7063 -1
854 56 7092 -1
896 25 7094 -1
993 233 7063 -1
996 279 7047 7094 -1
1003 17 7073 -1
1041 31 7052 -1
1042 38 7073 -1
1043 20 7073 -1
1055 139 7047 -1
1063 29 7021 7052 -1
1098 260 7012 7052 7063 7094 7021 -1
1133 282 7040 7092 -1
1142 28 7073 -1
1151 460 7005 7063 7050 7092 7012 7021 -1
1166 318 7092 -1
1185 25 7040 -1
1374 385 7092 7052 7088 7094 7005 7054 7021 7059 7047 -1
1428 159 7005 -1
1470 115 7092 -1
1496 190 7005 -1
1542 237 7012 7052 7021 -1
1612 5 7042 -1
1621 76 7021 7052 -1
1661 36 7092 -1
1674 7 7005 -1
1762 37 7047 -1
1796 38 7094 -1
1799 42 7012 -1
1811 37 7092 -1
2001 37 7012 -1
2186 57 7073 -1
2276 21 7059 -1
2299 65 7021 7092 -1
2369 134 7088 7092 -1
2452 29 7005 -1
2485 286 7092 -1
2549 63 7092 -1
2552 3 7005 -1
2560 89 7052 -1
2565 827 7052 7054 7012 7021 7092 7088 7094 7063 7047 7005 7073 -1
2576 138 7052 -1
2619 44 7092 7021 -1
2620 26 7040 -1
2655 30 7063 -1
2658 231 7012 7088 7054 7063 7005 7021 7092 -1
2660 148 7063 -1
2674 83 7073 -1
2677 37 7040 7073 -1
2765 30 7047 -1
2790 145 7040 -1
2793 6 7073 -1
2940 91 7012 -1
2941 6 7054 -1
3032 205 7054 -1
3057 36 7092 -1
3092 52 7092 -1
3274 60 7092 7021 -1
3297 39 7063 7092 7021 -1
3310 18 7063 -1
3348 16 7092 -1
3381 177 7073 7052 7088 7021 7094 -1
3404 73 7092 -1
3447 214 7052 7021 7012 7092 -1
3466 12 7088 -1
3498 96 7054 -1
3586 135 7012 7063 7092 7021 -1
3614 187 7092 -1
3641 194 7092 -1
3642 291 7054 7092 7047 7094 7052 -1
3691 70 7047 7054 -1
3752 15 7063 -1
3787 233 7054 7047 -1
3792 19 7073 -1
3877 10 7092 -1
3916 25 7063 -1
3956 55 7063 -1
4040 71 7005 -1
4045 244 7073 -1
4046 40 7092 7088 -1
4071 15 7092 -1
4076 52 7063 -1
4116 8 7050 -1
4192 7 7094 -1
4221 41 7063 -1
4310 225 7063 7021 7054 7073 7012 7052 -1
4335 28 7021 -1
4347 33 7021 7063 -1
4353 69 7092 -1
4398 8 7092 -1
4437 33 7073 -1
4441 186 7021 7012 7005 -1
4483 137 7021 7012 7092 -1
4488 35 7021 -1
4534 16 7005 -1
4632 202 7021 7094 7092 7005 7073 7052 -1
4662 44 7073 -1
4666 23 7063 7012 -1
4681 10 7092 -1
4712 91 7088 7054 7092 -1
4764 52 7092 -1
4781 28 7012 -1
4788 15 7021 -1
4792 45 7092 -1
4795 66 7074 7012 -1
4829 57 7012 -1
4943 31 7063 7092 -1
4948 194 7054 7092 7052 7005 -1
4966 25 7047 -1
4967 317 7021 -1
4981 49 7021 7092 7063 -1
5002 116 7052 7092 -1
5016 8 7092 -1
5024 4 7092 -1
5028 40 7052 7092 7047 -1
5053 53 7088 -1
5059 15 7094 7052 7040 -1
5079 240 7047 -1
5103 118 7074 7052 7005 7073 7052 -1
5166 41 7063 7092 7021 -1
5173 121 7052 7040 7073 7092 7054 7060 7074 7052 -1
5179 212 7047 7054 7092 7088 -1
5188 211 7092 7063 7073 -1
5189 237 7021 7052 7092 7094 -1
5199 19 7012 -1
5200 14 7021 -1
5201 12 7021 -1
5233 19 7092 -1
5273 12 7021 -1
5289 5 7092 -1
5306 1 7092 -1
5316 22 7021 -1
5342 22 7012 7021 7063 -1
5445 39 7088 7021 7047 -1
5446 21 7088 7047 -1
5452 18 7073 -1
5472 15 7073 -1
5489 10 7092 -1
5524 402 7040 7063 7094 7012 7092 7074 7054 7073 7052 7059 7088 7047 7021 7005 -1
5529 31 7092 -1
5531 224 7054 7073 7094 7052 7088 -1
5543 128 7092 7040 7063 -1
5582 105 7073 -1
5620 6 7092 -1
5655 48 7063 -1
5697 219 7052 7094 -1
5738 12 7040 -1
5773 63 7021 7040 7094 7047 7059 7092 -1
5796 173 7021 7063 7005 7092 -1
5800 182 7040 7073 7052 7052 7063 7050 -1
5802 248 7092 7012 7052 7063 7005 7021 -1
5804 22 7021 -1
5806 45 7092 -1
5807 16 7094 -1
5810 26 7054 -1
5814 106 7092 7012 7021 7063 -1
5822 81 7063 -1
5839 36 7092 -1
5857 62 7063 -1
5915 39 7005 7052 7092 7012 -1
5966 4 7052 -1
5969 5 7092 -1
5998 80 7092 7052 -1
5999 16 7054 -1
6006 47 7052 7092 -1
6016 10 7092 -1
6020 23 7092 7052 -1
6032 70 7063 7092 7050 -1
6043 38 7092 -1
6068 30 7092 -1
6072 45 7092 -1
6097 24 7063 -1
6218 47 7063 7092 -1
6221 26 7050 7092 -1
6229 18 7092 -1
6241 64 7052 7021 7092 -1
6243 32 7092 -1
6272 80 7052 7092 7052 -1
6280 31 7088 7054 -1
6305 147 7073 -1
6311 1 7047 -1
6316 15 7092 7052 7054 -1
6327 71 7094 -1
6346 13 7052 -1
6359 72 7073 -1
6360 35 7073 7054 7074 -1
6398 15 7040 -1
6414 15 7021 -1
6422 7 7063 -1
6443 51 7054 -1
6458 22 7073 -1
6460 56 7021 7092 -1
6484 10 7021 7092 -1
6494 70 7092 7052 7047 7054 -1
6510 54 7052 -1
6518 30 7092 7052 7021 -1
6524 6 7063 -1
6548 8 7092 -1
6552 27 7050 -1
6555 33 7092 -1
6560 42 7092 -1
6563 54 7052 7054 -1
6596 137 7094 7092 7047 7005 7021 7012 7063 -1
6615 119 7073 -1
6618 79 7073 7094 -1
6619 77 7092 -1
6620 91 7073 7094 7052 7040 -1
6624 122 7052 7012 7047 7092 7005 -1
6635 11 7047 -1
6676 5 7092 -1
6692 6 7092 7021 -1
6711 7 7063 -1
6713 4 7092 -1
6714 92 7088 7052 7054 -1
6736 31 7021 -1
6770 5 7063 -1
6772 49 7021 7012 -1
6774 23 7021 7005 -1
6784 41 7054 7088 7092 -1
6855 14 7005 7094 -1
6865 16 7021 -1
6900 29 7088 7092 -1
6902 20 7092 -1
6907 183 7063 7052 7054 7092 7021 7005 7012 -1
6913 34 7073 7052 -1
6914 52 7063 7088 7092 7052 7012 -1
6918 23 7050 7021 7092 7054 -1
6924 12 7092 -1
6934 51 7054 7052 -1
6941 35 7054 7052 -1
6945 16 7054 7052 7094 -1
6951 26 7005 7021 7092 -1
6976 37 7073 7092 -1
6991 18 7040 7052 -1
6993 75 7021 7063 7012 7092 7005 -1
7012 10 7021 -1
7014 2 7021 -1
7019 4 7021 -1
7023 2 7052 -1
7026 11 7021 -1
7031 1 7033 -1
7036 2 7040 -1
7041 1 7042 -1
7043 9 7059 -1
7044 3 7059 -1
7045 36 7059 7052 7047 7021 -1
7046 19 7059 7047 7052 -1
7047 133 7092 7052 7059 7021 7063 -1
7048 1 7059 -1
7049 27 7005 7059 -1
7052 114 7047 7063 7012 7094 7088 7092 7005 7021 -1
7053 19 7047 -1
7054 21 7052 -1
7055 95 7005 7088 7012 7063 7021 7047 7052 -1
7056 29 7052 -1
7057 100 7005 7063 7088 7054 7052 -1
7062 3 7050 -1
7070 2 7073 -1
7071 4 7073 7092 -1
7086 111 7088 7047 7094 7021 -1
7090 6 7054 -1
7092 75 7005 7052 -1
7110 5 7092 -1
7131 23 7021 7092 -1
7132 21 7021 7063 7052 -1
7150 10 7021 7052 7005 -1
7171 6 7092 -1
7205 1 7023 -1
7206 1 7023 -1
7231 87 7005 7052 7054 7047 -1
7236 16 7088 -1
7239 21 7054 -1
7262 9 7054 -1
7276 5 7052 7021 -1
7279 17 7012 7054 -1
7280 71 7092 7021 7005 7063 -1
7301 18 7092 7052 -1
7302 2 7092 -1
7352 11 7092 -1
7376 4 7063 -1
7378 40 7050 -1
7379 7 7088 -1
7386 14 7021 7021 -1
7390 18 7047 7063 -1
7391 47 7047 7052 7050 -1
7394 2 7063 -1
7405 17 7063 -1
7409 10 7052 -1
7443 10 7092 -1
7449 20 7021 -1
7511 14 7021 -1
7513 1 7088 -1
7531 1 7054 -1
7544 10 7005 7092 -1
7578 24 7005 7092 -1
7598 26 7047 -1
7614 37 7047 7092 -1
7618 1 7092 -1
7625 5 7050 -1
7634 1 7021 -1
7649 8 7052 -1
7665 5 7047 -1
7666 13 7012 -1
7675 16 7021 -1
7676 5 7047 -1
7677 8 7047 -1
7678 2 7047 -1
7679 21 7021 -1
7691 18 7063 7092 -1
7733 42 7050 7005 7092 7021 7063 -1
7743 10 7005 -1
7744 49 7021 7092 -1
7752 2 7005 -1
7753 2 7005 -1
7754 1 7005 -1
7756 2 7005 -1
7766 13 7005 -1
7768 10 7021 -1
7769 19 7021 7012 -1
7791 4 7005 -1
7792 7 7021 7012 -1
7812 4 7092 -1
7829 3 7092 -1
7830 1 7092 -1
7831 1 7092 -1
7832 1 7092 -1
7833 4 7092 -1
7834 1 7092 -1
7835 2 7092 -1
7865 22 7063 7021 -1
7875 1 7012 -1
7882 10 7021 -1
7910 4 7012 -1
7916 2 7012 -1
7919 3 7012 -1
7937 1 7021 -1
7938 2 7021 -1
7939 1 7021 -1
7940 1 7021 -1
7941 1 7021 -1
7942 1 7021 -1
7944 1 7012 -1
8085 16 7050 -1