11 733 3334 3394 3309 3352 3352 3321 -1
12 54 3371 -1
15 42 3334 -1
20 153 3371 -1
24 270 3351 3352 -1
36 231 3334 3352 3394 -1
42 88 3352 -1
53 25 3352 -1
66 41 3352 3352 -1
68 187 3352 3307 3371 3351 -1
71 68 3334 3352 -1
86 101 3310 -1
90 63 3309 3352 -1
99 15 3371 -1
109 166 3334 3310 -1
122 193 3352 3309 3393 3352 3321 -1
127 83 3351 3352 -1
172 120 3307 3338 3371 -1
203 26 3352 3352 -1
237 35 3334 -1
291 30 3352 -1
306 215 3352 -1
310 236 3352 3352 -1
319 193 3334 -1
325 15 3352 -1
371 117 3352 -1
425 49 3351 -1
432 155 3310 3352 3352 -1
445 4 3309 -1
447 8 3321 -1
457 640 3352 3394 3321 3334 -1
511 1 3321 -1
521 5 3352 -1
546 107 3334 -1
556 117 3371 3352 -1
582 29 3321 -1
600 171 3352 -1
633 48 3310 -1
635 52 3307 -1
643 44 3338 -1
689 27 3371 3393 -1
695 87 3352 3309 -1
697 85 3371 3393 -1
722 124 3371 -1
742 85 3352 3334 3334 -1
749 62 3352 -1
763 45 3352 3393 -1
766 709 3309 3394 3334 3352 3310 3321 3381 3393 3351 3307 -1
769 137 3371 -1
784 205 3351 3338 3371 3352 3307 -1
788 52 3307 3338 -1
789 209 3352 3334 -1
805 82 3309 -1
813 261 3352 3394 -1
825 139 3352 3352 3321 -1
826 218 3307 3351 3371 3338 -1
842 27 3352 -1
844 35 3352 -1
854 56 3393 -1
856 30 3307 -1
865 45 3393 -1
879 108 3334 3394 3321 3352 3352 -1
986 50 3307 -1
988 257 3352 3338 3371 3351 3307 3348 -1
993 233 3352 -1
996 279 3309 3393 -1
1011 4 3321 -1
1012 2 3301 -1
1031 16 3351 -1
1032 34 3352 -1
1043 20 3351 3338 -1
1062 157 3394 3352 3307 3351 -1
1075 59 3352 3321 3352 -1
1097 93 3309 3352 3393 -1
1098 260 3351 3310 -1
1111 42 3352 -1
1113 4 3352 -1
1127 58 3352 -1
1132 42 3352 -1
1133 282 3352 3334 3309 3321 3394 -1
1151 460 3309 3352 3310 3381 3338 -1
1166 318 3338 3352 3307 3352 -1
1169 24 3338 -1
1184 57 3309 3352 -1
1185 25 3309 -1
1196 4 3346 -1
1204 58 3338 -1
1210 221 3351 -1
1215 40 3334 -1
1221 75 3351 -1
1247 69 3393 3352 -1
1253 21 3393 -1
1286 55 3352 3309 -1
1305 227 3338 3307 3351 3371 3352 -1
1319 185 3307 3338 -1
1342 4 3352 -1
1353 24 3352 -1
1356 18 3346 -1
1367 17 3348 -1
1374 385 3310 3338 3351 3393 3381 3352 -1
1416 6 3309 -1
1446 3 3371 -1
1470 115 3393 3346 -1
1487 115 3307 3338 3348 3371 3351 -1
1492 159 3338 3307 -1
1496 190 3371 -1
1521 104 3307 -1
1522 90 3346 -1
1537 72 3334 -1
1542 237 3334 3310 3381 3321 -1
1549 522 3351 3352 3352 3307 3393 -1
1550 20 3352 -1
1583 78 3351 -1
1596 31 3352 -1
1608 344 3338 3351 3352 3307 3394 3371 -1
1639 36 3371 -1
1644 46 3334 -1
1691 47 3309 3338 3352 -1
1717 98 3352 3321 3338 -1
1732 16 3307 -1
1733 40 3352 -1
1748 37 3310 -1
1749 63 3307 -1
1751 13 3338 -1
1754 18 3371 -1
1767 75 3334 3338 3352 -1
1769 64 3352 3352 -1
1783 58 3307 -1
1795 41 3352 3393 -1
1808 103 3352 3352 -1
1811 37 3307 -1
1812 1 3371 -1
1813 33 3321 -1
1896 50 3309 -1
1922 126 3307 3338 3352 3352 3351 -1
1935 5 3352 -1
1951 26 3352 -1
1972 184 3307 3371 3352 3338 -1
1980 44 3321 3352 -1
1985 57 3307 -1
2001 37 3393 -1
2003 42 3371 -1
2009 46 3352 -1
2010 11 3352 -1
2033 13 3352 -1
2041 5 3352 -1
2093 52 3351 -1
2109 27 3393 -1
2118 114 3352 3351 -1
2135 143 3321 3352 3371 3338 3393 -1
2145 134 3393 3376 3320 3338 -1
2171 9 3338 3307 3319 3351 -1
2174 49 3351 -1
2186 57 3321 3352 3351 -1
2210 16 3394 -1
2215 12 3334 -1
2226 23 3352 -1
2229 17 3307 3351 -1
2230 38 3320 -1
2234 12 3321 -1
2236 75 3320 -1
2237 254 3394 3334 3338 3309 3307 3352 3321 -1
2249 38 3348 3346 -1
2256 125 3371 3352 -1
2257 47 3321 3352 -1
2258 90 3321 3334 -1
2264 51 3352 -1
2269 2 3348 -1
2276 21 3334 -1
2285 16 3371 3321 -1
2289 13 3352 -1
2297 150 3338 3352 3352 3307 -1
2298 26 3352 -1
2299 65 3351 -1
2309 3 3321 -1
2325 1 3321 -1
2326 249 3352 3348 3371 3313 3307 3346 3351 3338 -1
2328 205 3352 3352 3394 -1
2338 5 3348 -1
2356 57 3352 -1
2368 17 3352 3351 3371 3307 -1
2369 134 3334 3393 -1
2381 37 3352 -1
2384 65 3321 -1
2398 56 3352 -1
2411 96 3307 3338 -1
2416 22 3371 3338 3348 -1
2440 43 3334 3321 3352 3352 -1
2485 286 3352 3393 3371 3309 3352 3321 3351 -1
2497 37 3324 -1
2507 64 3307 3351 -1
2510 69 3394 -1
2541 27 3348 -1
2542 73 3371 -1
2544 9 3352 -1
2547 64 3352 -1
2559 54 3371 3307 -1
2560 89 3310 3394 -1
2564 49 3371 -1
2565 827 3334 3307 3334 3309 3338 3393 3324 3351 3321 3346 3371 3348 3319 3381 3320 3310 3352 3394 3352 -1
2566 6 3320 -1
2576 138 3307 -1
2585 46 3394 3351 -1
2594 42 3321 -1
2595 42 3352 3352 -1
2618 50 3307 -1
2645 5 3394 -1
2646 30 3307 -1
2651 216 3352 3309 3321 3394 3346 3351 3334 3352 -1
2654 56 3352 -1
2655 30 3352 3321 -1
2658 231 3334 3352 3394 -1
2660 148 3352 3394 3352 -1
2665 6 3351 -1
2667 93 3393 -1
2686 120 3307 3371 3351 3338 -1
2687 11 3307 3319 3348 3371 -1
2688 516 3393 3394 3351 3338 3321 3309 3307 3334 3352 3352 -1
2691 39 3352 -1
2692 18 3338 3307 3324 -1
2693 132 3352 3371 3351 -1
2694 17 3334 -1
2696 61 3338 3352 -1
2699 63 3352 3348 3352 -1
2700 113 3352 3307 -1
2701 12 3338 -1
2702 39 3351 -1
2703 42 3338 3371 3307 3351 -1
2704 40 3348 -1
2706 13 3307 3352 -1
2707 100 3351 -1
2713 166 3394 3371 3351 3307 3352 -1
2719 20 3351 3307 -1
2737 16 3309 -1
2747 65 3394 3352 -1
2774 45 3309 -1
2775 36 3394 3352 -1
2787 5 3307 -1
2790 145 3376 3352 3324 3334 3307 -1
2839 5 3334 -1
2842 93 3351 3346 -1
2859 90 3321 3352 3352 -1
2871 165 3352 3309 3352 -1
2875 6 3351 3307 -1
2906 4 3352 -1
2909 51 3352 -1
2923 33 3394 -1
2932 50 3394 3321 -1
2935 30 3321 -1
2940 91 3307 3351 -1
2947 10 3352 -1
2958 48 3394 3352 3352 -1
2964 59 3321 3351 3394 3309 3307 -1
2967 232 3334 3394 3352 3351 3321 3346 3309 -1
2968 37 3338 -1
2972 271 3321 3334 3352 -1
2981 36 3381 3321 -1
3000 31 3307 -1
3001 5 3352 -1
3006 29 3351 3338 -1
3010 118 3371 3352 3352 3338 3351 3307 -1
3018 18 3371 -1
3020 48 3338 3371 -1
3024 47 3307 3351 -1
3026 151 3352 3352 -1
3028 99 3352 3352 3351 -1
3031 42 3351 -1
3032 205 3393 3346 3394 3352 -1
3034 38 3321 3309 -1
3057 36 3352 -1
3084 52 3334 3381 3352 -1
3095 25 3371 3307 -1
3110 19 3352 3352 -1
3120 4 3324 -1
3144 66 3352 3352 3338 3351 -1
3145 17 3352 3309 -1
3148 18 3371 -1
3168 69 3346 3309 3334 3394 3352 -1
3189 9 3371 -1
3190 4 3352 -1
3191 55 3393 -1
3199 13 3307 -1
3208 7 3321 -1
3209 32 3351 -1
3252 33 3352 -1
3258 69 3351 3307 3352 -1
3274 60 3352 -1
3276 60 3338 3394 -1
3280 1 3307 -1
3290 29 3351 3352 -1
3291 56 3351 3334 3352 -1
3296 2 3307 -1
3297 39 3371 3307 3351 -1
3298 1 3307 -1
3299 1 3307 -1
3300 5 3351 3338 3307 -1
3301 15 3307 -1
3302 1 3307 -1
3303 1 3307 -1
3304 31 3371 3307 -1
3305 2 3307 -1
3334 11 3394 -1
3348 16 3351 -1
3349 9 3351 -1
3350 55 3352 3351 3334 3321 -1
3354 5 3371 -1
3355 3 3348 -1
3356 1 3348 -1
3357 1 3348 -1
3358 1 3348 -1
3359 1 3348 -1
3366 31 3334 3352 3371 -1
3367 3 3371 -1
3375 36 3334 3334 -1
3378 37 3321 3352 -1
3379 19 3334 -1
3381 177 3346 -1
3390 47 3321 -1
3394 121 3334 -1
3402 88 3352 3321 3334 -1
3404 73 3352 3352 -1
3406 4 3352 -1
3417 31 3321 -1
3433 8 3352 3321 -1
3447 214 3321 3352 3334 -1
3449 306 3309 3334 3321 3352 -1
3451 49 3321 -1
3452 91 3321 -1
3453 241 3334 3352 3393 3321 3309 -1
3454 124 3334 3352 3321 3394 -1
3455 59 3334 3321 -1
3456 250 3321 3352 -1
3457 97 3352 -1
3461 49 3321 -1
3462 36 3352 -1
3463 54 3321 3334 3352 -1
3472 9 3352 -1
3478 42 3394 -1
3479 83 3352 3321 3334 -1
3483 16 3393 -1
3490 2 3321 -1
3498 96 3352 3393 -1
3519 49 3352 3352 -1
3522 53 3394 3393 3334 -1
3527 47 3352 -1
3541 62 3394 -1
3568 128 3352 3321 3394 -1
3586 135 3334 -1
3591 12 3334 3352 -1
3601 41 3334 -1
3607 24 3352 3352 -1
3614 187 3394 3393 3309 3352 -1
3615 113 3352 3394 3352 -1
3622 22 3352 -1
3624 49 3334 -1
3631 70 3352 3313 -1
3634 57 3352 -1
3635 33 3352 3352 -1
3639 11 3309 -1
3641 194 3393 3352 3334 3352 -1
3642 291 3334 3346 -1
3643 35 3321 -1
3647 13 3352 -1
3658 38 3352 -1
3659 32 3394 3352 -1
3660 67 3352 3352 -1
3661 28 3352 -1
3662 4 3352 3352 -1
3663 1 3352 -1
3664 1 3352 -1
3665 13 3352 -1
3666 125 3352 3352 3394 -1
3667 5 3352 -1
3691 70 3352 -1
3719 14 3394 -1
3724 69 3346 -1
3728 71 3352 -1
3762 8 3394 -1
3767 3 3394 -1
3775 10 3394 -1
3786 72 3334 -1
3787 233 3346 3321 3393 3352 3309 3394 3334 -1
3796 107 3321 3352 -1
3806 31 3352 -1
3812 32 3352 -1
3813 72 3394 3352 -1
3830 18 3321 -1
3835 26 3334 3321 -1
3854 79 3352 -1
3871 5 3321 -1
3872 10 3321 -1
3902 16 3321 3352 -1
3910 14 3352 -1
3917 23 3352 -1
3965 79 3352 3321 3394 -1
3969 58 3352 -1
3973 20 3394 -1
3976 43 3334 3352 -1
3982 17 3352 -1
4001 27 3321 3394 -1
4036 139 3352 -1
4040 71 3352 3321 3381 3334 -1
4044 53 3352 3334 3321 -1
4045 244 3309 3321 3352 -1
4046 40 3352 3346 -1
4065 104 3309 3346 -1
4066 5 3352 -1
4068 6 3346 -1
4072 21 3352 3334 -1
4074 33 3346 -1
4076 52 3334 3394 3321 -1
4077 63 3352 3334 -1
4089 3 3309 -1
4099 101 3334 -1
4104 2 3352 -1
4119 5 3352 -1
4123 23 3394 -1
4124 27 3394 3352 -1
4136 27 3394 -1
4142 30 3394 3309 3352 -1
4144 38 3393 3394 -1
4150 13 3352 3334 -1
4151 79 3352 3321 -1
4152 34 3352 -1
4186 7 3334 -1
4189 9 3394 -1
4191 14 3334 -1
4211 39 3321 -1
4219 101 3352 3334 3309 3321 -1
4224 5 3352 -1
4261 23 3334 -1
4266 11 3352 -1
4276 47 3352 -1
4282 5 3334 -1
4290 2 3394 -1
4297 32 3334 -1
4324 8 3309 -1
4355 40 3352 -1
4363 13 3321 -1
4364 14 3309 3346 -1
4377 11 3334 -1
4433 17 3321 -1
4437 33 3321 3309 -1
4441 186 3381 3393 3310 3309 -1
4448 32 3321 -1
4455 16 3334 -1
4483 137 3352 -1
4486 9 3352 -1
4488 35 3352 -1
4531 8 3352 -1
4534 16 3352 -1
4536 58 3393 3334 -1
4550 81 3393 -1
4564 30 3352 3334 -1
4574 37 3334 -1
4586 5 3352 -1
4588 9 3352 -1
4598 34 3352 3334 -1
4623 2 3352 -1
4632 202 3393 -1
4649 1 3309 -1
4653 80 3393 -1
4655 1 3321 -1
4659 3 3321 -1
4660 1 3321 -1
4661 19 3321 -1
4662 44 3334 3321 -1
4663 6 3321 -1
4681 10 3334 -1
4688 59 3334 3352 -1
4705 3 3334 -1
4712 91 3334 -1
4717 57 3334 -1
4725 33 3334 -1
4739 11 3310 -1
4742 1 3352 -1
4751 4 3352 -1
4756 32 3334 -1
4760 5 3352 -1
4761 1 3352 -1
4762 1 3352 -1
4763 1 3352 -1
4764 52 3352 -1
4765 2 3352 -1
4766 1 3352 -1
4818 15 3334 -1
4828 105 3346 -1
4855 2 3334 -1
4881 3 3334 -1
4882 5 3334 -1
4883 4 3334 -1
4884 4 3334 -1
4885 3 3334 -1
4899 160 3393 -1
4948 194 3393 -1
4964 51 3393 -1
4967 317 3393 -1
5032 1 3334 -1
5037 18 3334 -1
5079 240 3346 -1
5173 121 3346 -1
5176 100 3393 -1
5184 64 3393 -1
5189 237 3334 -1
5263 74 3393 -1
5273 12 3334 -1
5324 12 3393 -1
5361 3 3393 -1
5427 34 3393 -1
5445 39 3381 -1
5487 23 3393 -1
5524 402 3346 3334 3310 3381 -1
5531 224 3393 -1
5543 128 3334 -1
5605 10 3334 -1
5620 6 3346 -1
5633 1 3393 -1
5655 48 3334 -1
5697 219 3334 -1
5714 42 3334 -1
5773 63 3334 -1
5796 173 3334 -1
5800 182 3381 3310 -1
5802 248 3310 3334 3381 -1
5811 65 3334 -1
5816 50 3334 -1
5820 19 3381 -1
5871 51 3334 -1
5908 3 3334 -1
5915 39 3381 3310 -1
5998 80 3381 -1
5999 16 3334 -1
6043 38 3310 -1
6123 18 3334 -1
6218 47 3334 -1
6299 70 3334 -1
6305 147 3310 -1
6323 49 3334 -1
6360 35 3346 -1
6443 51 3334 3310 -1
6460 56 3334 -1
6494 70 3381 -1
6510 54 3346 -1
6552 27 3334 -1
6555 33 3381 -1
6596 137 3334 3310 3381 -1
6615 119 3381 3310 -1
6619 77 3334 -1
6620 91 3346 -1
6624 122 3381 3310 -1
6702 10 3334 -1
6714 92 3346 3334 -1
6900 29 3334 -1
6902 20 3334 -1
6906 49 3346 -1
6907 183 3381 3310 3346 -1
6934 51 3334 -1
6975 7 3334 -1
6993 75 3310 3381 -1
7045 36 3381 -1
7046 19 3334 -1
7047 133 3381 -1
7049 27 3381 3310 -1
7055 95 3381 -1
7056 29 3381 -1
7080 58 3381 -1
7092 75 3346 3310 -1
7120 10 3381 -1
7225 24 3310 -1
7231 87 3381 3310 -1
7262 9 3381 -1
7280 71 3381 3310 -1
7294 37 3334 -1
7352 11 3310 -1
7378 40 3334 -1
7402 5 3334 -1
7409 10 3334 -1
7424 4 3334 -1
7425 7 3334 -1
7490 25 3381 3310 -1
7579 5 3310 -1
7614 37 3310 -1
7661 4 3381 -1
7695 3 3381 -1
7726 3 3310 -1
7744 49 3310 3381 -1
7766 13 3310 -1