6 258 1253 1241 1248 1221 1297 1220 1234 1297 1222 1297 1218 -1
11 733 1211 1203 1297 1285 1201 1261 1282 1253 1220 1239 1222 1259 1248 1230 1296 1218 1297 1243 1297 1200 1250 1297 1241 1286 1284 1221 1279 -1
12 54 1241 -1
14 105 1259 -1
15 42 1297 -1
17 37 1218 -1
20 153 1218 -1
21 77 1297 -1
24 270 1284 1285 1200 1297 1267 1234 1250 -1
28 110 1286 1201 -1
33 20 1241 -1
35 64 1203 1297 -1
36 231 1297 1222 1234 1297 1296 1297 -1
41 30 1282 1259 -1
42 88 1234 1200 -1
46 58 1279 -1
47 113 1236 1286 1285 1284 1248 1297 -1
48 17 1211 -1
56 20 1211 -1
59 94 1230 1201 -1
66 41 1267 -1
68 187 1239 -1
71 68 1297 1248 1297 -1
72 113 1211 1279 -1
74 69 1284 -1
75 24 1248 -1
81 3 1218 -1
86 101 1297 1297 1248 1234 -1
87 164 1279 1248 1297 -1
90 63 1234 -1
109 166 1234 1297 -1
113 68 1297 1248 -1
122 193 1247 1239 1291 1297 -1
125 28 1286 1218 -1
126 22 1297 -1
127 83 1297 1267 -1
128 51 1234 -1
136 64 1211 1234 -1
143 95 1211 1297 1297 1279 -1
145 15 1297 1248 -1
154 53 1279 -1
161 27 1201 -1
163 9 1284 1285 1286 -1
164 7 1234 -1
166 77 1297 1297 1248 1279 1297 -1
171 56 1218 1241 1297 1211 1286 1220 1259 -1
172 120 1243 1211 1297 1267 -1
173 332 1267 1230 1236 1253 1296 1285 1211 1248 1201 1279 1218 1234 1297 1200 1222 1286 1243 -1
176 39 1201 1222 1218 1234 -1
180 54 1203 1218 1222 1284 -1
182 59 1297 -1
193 19 1297 -1
205 9 1285 -1
215 84 1297 -1
232 19 1297 -1
249 13 1248 -1
254 15 1200 -1
255 87 1286 -1
259 42 1203 -1
266 13 1285 -1
270 14 1285 1284 -1
276 4 1250 1218 -1
280 76 1297 1200 1250 -1
282 32 1201 -1
290 61 1284 1201 1297 1230 1297 1248 1297 -1
291 30 1297 -1
292 5 1201 -1
304 64 1248 1284 1297 1297 -1
305 6 1282 -1
306 215 1253 1297 1297 1286 1234 1297 1236 1297 1200 -1
308 144 1218 1297 1297 1279 1297 1297 1248 1253 -1
310 236 1200 1285 1201 1250 1297 1267 1222 1297 1261 1211 1236 1218 -1
311 312 1284 1234 1200 1230 1241 1279 1286 1236 1243 1285 1222 1201 1297 1211 1261 -1
312 223 1279 1297 1259 1296 1221 1222 1218 1220 1211 1241 1234 1248 1286 1203 -1
313 41 1297 1297 1297 1297 -1
315 70 1201 1259 1296 -1
317 126 1296 1234 1201 1286 1297 1279 -1
319 193 1200 1267 1296 1211 -1
334 41 1286 1203 1218 1201 -1
335 48 1282 1259 -1
339 79 1296 -1
343 4 1261 -1
364 11 1267 -1
371 117 1261 1222 1201 1297 1297 -1
376 36 1234 -1
405 17 1277 -1
407 101 1236 1284 1201 1230 1297 1297 1285 -1
417 8 1297 -1
432 155 1201 1285 1296 1250 -1
457 640 1297 1297 1241 1285 1234 1282 1247 1200 1286 1222 1297 1201 1230 1211 1284 -1
499 11 1218 -1
545 25 1297 1296 -1
546 107 1297 1230 1261 1284 -1
553 19 1239 -1
587 14 1286 -1
600 171 1297 -1
634 106 1253 1297 1286 1201 1285 1296 1218 1284 1200 -1
635 52 1296 1200 -1
636 9 1201 -1
639 28 1201 1222 1286 -1
643 44 1279 1259 -1
647 29 1218 1297 -1
650 85 1296 1286 1267 1297 -1
659 13 1297 -1
663 133 1241 1234 1222 -1
674 16 1222 -1
686 57 1282 1221 1203 -1
691 24 1236 1243 1203 1201 -1
697 85 1253 1259 1236 -1
704 82 1297 1222 1201 1241 -1
705 23 1201 1222 1282 -1
706 56 1279 1248 1296 1297 1211 -1
707 110 1253 1201 1248 1203 1297 1297 1261 1234 1211 1297 -1
710 88 1297 1297 1279 1201 1286 1234 1230 1267 1297 1211 1297 -1
712 18 1253 -1
715 21 1221 1296 1286 1282 -1
722 124 1218 1236 1201 1234 1291 1250 -1
742 85 1200 1201 1241 1201 -1
749 62 1239 -1
759 55 1230 -1
762 42 1211 1222 -1
763 45 1267 -1
766 709 1250 1291 1201 1247 1267 1239 1286 1211 1243 -1
769 137 1211 1248 1201 1218 1253 1222 -1
784 205 1241 1259 1222 1200 1211 -1
787 2 1211 -1
789 209 1218 1222 1201 1241 1220 1247 1248 1200 1201 1243 -1
791 29 1279 1201 -1
805 82 1222 1201 1203 1230 -1
810 19 1297 1218 -1
813 261 1211 1296 1253 1291 1285 1267 1279 1248 1284 1239 1230 1297 1297 1250 -1
816 25 1218 -1
826 218 1211 1279 1267 1297 1253 1230 1297 -1
841 22 1291 -1
842 27 1286 1284 -1
844 35 1286 1218 -1
852 25 1297 1248 -1
861 16 1253 -1
865 45 1211 -1
870 37 1279 1234 1248 -1
871 47 1222 1241 1286 -1
872 26 1279 -1
879 108 1297 -1
904 59 1243 1211 1296 -1
908 6 1297 -1
918 15 1261 -1
920 10 1297 -1
922 147 1284 1286 1200 1236 1201 1248 1201 1261 1243 1297 1230 1220 1253 1222 1203 1211 1296 1279 1241 1234 -1
928 13 1297 1267 1236 -1
935 19 1285 1286 1284 -1
937 33 1284 1222 -1
941 74 1297 1201 1286 1253 1201 1279 1234 1230 1222 -1
943 28 1234 -1
946 85 1253 1250 1218 1297 1259 -1
954 8 1218 -1
959 10 1297 -1
971 53 1261 1284 1241 1211 -1
974 30 1297 -1
978 54 1297 1297 1296 1297 1279 1222 1234 -1
982 32 1220 1241 1222 -1
986 50 1241 1286 1203 -1
988 257 1267 1291 1297 1250 -1
993 233 1243 1297 1203 1297 1200 1236 1234 1239 1201 1230 1286 1211 1222 1261 1211 1279 1285 1284 -1
994 42 1259 -1
996 279 1297 1267 1250 1297 1291 1203 1247 1234 1243 1296 -1
998 25 1248 -1
1000 34 1253 -1
1003 17 1230 -1
1005 1 1234 -1
1006 130 1221 1286 1203 1200 1248 1297 1220 1234 1222 -1
1009 43 1203 -1
1023 9 1201 -1
1024 40 1291 1279 -1
1031 16 1297 -1
1032 34 1267 1243 -1
1034 34 1297 1218 1253 1201 -1
1037 50 1297 -1
1042 38 1267 1297 -1
1044 9 1218 -1
1050 33 1284 1203 -1
1055 139 1261 1297 1248 1247 1297 1297 1236 1211 1297 1279 1201 -1
1062 157 1282 1203 1286 1250 1230 1259 1221 1291 1296 1267 1201 1243 -1
1064 14 1200 1201 -1
1065 8 1218 -1
1074 75 1222 -1
1075 59 1203 -1
1097 93 1201 1297 1247 1211 1239 -1
1098 260 1291 -1
1111 42 1243 1241 -1
1114 40 1222 1201 1220 1261 1211 1211 1221 1286 -1
1128 10 1279 -1
1129 53 1241 1297 1261 1248 1297 1297 1286 1234 -1
1133 282 1296 1222 1297 1248 1239 1282 -1
1134 3 1297 -1
1135 112 1211 1253 1203 1286 1279 1267 1201 1201 1284 1234 -1
1137 104 1286 1221 1284 1200 1230 1297 1203 -1
1142 28 1201 -1
1144 7 1218 -1
1151 460 1201 1243 1239 1234 1236 1200 1211 1248 1211 1285 1230 1250 1279 1297 1297 1284 -1
1160 24 1201 -1
1165 13 1261 -1
1166 318 1211 1284 1230 1243 1200 1250 1285 1291 1211 -1
1167 78 1234 1253 1286 1200 1201 1201 1241 1230 -1
1182 5 1222 -1
1184 57 1211 1284 -1
1193 23 1297 1259 -1
1195 5 1218 -1
1197 3 1201 1222 -1
1200 92 1267 -1
1201 32 1222 1261 1200 1259 1253 -1
1202 68 1291 1253 1200 1297 1284 1250 1201 -1
1203 20 1291 -1
1204 58 1259 1286 1201 1234 1222 1267 1220 -1
1207 24 1211 1277 -1
1210 221 1297 1222 1243 1286 1230 1203 1284 -1
1211 66 1279 1267 1253 1261 1286 -1
1212 2 1211 -1
1215 40 1211 -1
1219 1 1220 -1
1221 75 1253 1282 1236 1284 1203 1259 1296 1222 -1
1230 31 1243 1297 1234 1286 -1
1234 15 1297 -1
1235 20 1203 -1
1236 98 1221 1201 1253 1297 1291 1297 1230 1203 1211 1279 1261 1234 -1
1241 33 1286 1297 1234 1201 1201 -1
1242 12 1261 1286 1241 1201 1201 -1
1245 10 1241 1221 1286 1259 -1
1246 7 1286 -1
1247 69 1297 1253 1297 1201 1297 -1
1248 22 1297 1297 1241 1297 1221 1236 -1
1252 2 1241 -1
1259 41 1297 1296 1221 -1
1260 1 1261 -1
1264 1 1241 -1
1267 61 1285 1259 1250 1211 -1
1271 2 1282 -1
1272 1 1277 -1
1273 1 1277 -1
1274 1 1277 -1
1275 1 1277 -1
1276 1 1277 -1
1278 51 1203 1279 1253 1286 1211 1230 1201 1297 1234 1297 1211 -1
1279 126 1234 1211 1286 1236 1297 1267 1201 1297 1248 1253 -1
1281 10 1282 -1
1284 18 1285 1286 -1
1285 24 1286 -1
1286 55 1230 1284 1285 -1
1290 15 1297 1234 -1
1291 34 1203 1261 -1
1293 26 1297 -1
1297 48 1211 1248 1234 -1
1301 3 1203 -1
1305 227 1239 1201 1296 1297 1234 1291 -1
1306 19 1253 1234 1203 -1
1314 1 1296 -1
1315 3 1296 -1
1316 7 1296 -1
1317 1 1296 -1
1318 2 1296 -1
1319 185 1211 1201 1279 1261 1253 1236 1267 1296 1200 1203 -1
1322 12 1267 -1
1335 39 1297 1285 1253 1250 -1
1350 114 1253 1279 1211 1285 1248 1230 1261 1201 1297 -1
1352 118 1285 1230 1248 1236 1253 1297 1234 1284 1261 1201 1211 1297 1200 -1
1357 84 1234 1203 1230 1253 1279 1201 1291 1236 -1
1373 3 1248 -1
1374 385 1297 1247 1253 1297 1285 1267 -1
1377 31 1279 1253 1297 1234 1297 -1
1378 13 1284 -1
1380 59 1253 1297 1203 1234 1297 1297 1201 -1
1381 51 1253 -1
1382 9 1297 -1
1386 56 1253 1211 1203 1236 -1
1390 28 1211 1297 -1
1395 192 1267 1253 1284 1250 1201 1291 1248 1236 1285 1200 1297 1243 -1
1419 29 1291 -1
1424 41 1297 1297 1234 1236 1291 1201 -1
1426 1 1203 -1
1427 2 1203 -1
1428 159 1248 1291 1297 1200 1297 1284 1279 1203 1211 -1
1429 2 1203 -1
1430 2 1203 -1
1431 1 1203 -1
1439 9 1236 1234 -1
1441 23 1253 1201 1297 -1
1442 17 1297 1234 -1
1447 7 1234 -1
1463 22 1279 1284 -1
1466 24 1211 -1
1468 19 1201 -1
1470 115 1243 1297 1297 1234 1247 1297 -1
1471 45 1211 1297 1248 1234 1253 1279 1297 -1
1473 70 1211 1279 1284 -1
1480 44 1230 1284 1253 -1
1482 26 1297 1200 -1
1483 51 1234 1261 1297 1211 1279 -1
1487 115 1297 1297 1248 1279 1253 1201 1211 -1
1489 41 1236 1201 1279 1234 1253 -1
1492 159 1279 1236 1297 1297 1211 1253 1201 1230 1284 1200 -1
1495 10 1201 -1
1496 190 1261 1267 1201 1279 1297 1200 1230 1297 1211 1253 1248 -1
1497 18 1234 1201 -1
1502 2 1234 -1
1510 16 1234 -1
1520 3 1253 -1
1521 104 1211 1267 1261 1211 1230 1201 1279 -1
1522 90 1261 -1
1525 33 1261 1253 1279 1248 -1
1526 4 1279 -1
1537 72 1291 1211 1234 -1
1538 75 1248 1236 1297 1201 1253 -1
1542 237 1234 -1
1549 522 1261 1230 1297 1211 1247 1285 1201 1267 1284 1279 1248 1291 1297 1297 1243 -1
1552 50 1291 1284 1239 1285 -1
1555 67 1230 1234 1236 1297 -1
1568 1 1277 -1
1571 23 1297 1279 1200 -1
1582 9 1211 1279 1253 -1
1583 78 1236 1211 -1
1585 80 1284 1243 1211 1297 1248 1279 -1
1587 4 1248 -1
1589 6 1201 1236 -1
1594 108 1253 1279 1236 1248 1230 1211 1297 -1
1596 31 1201 -1
1603 8 1243 -1
1604 4 1253 -1
1605 10 1253 -1
1608 344 1201 1291 1243 1279 1211 1248 1284 1297 1297 1211 1297 1267 1250 1253 1230 -1
1609 1 1201 -1
1610 12 1297 1253 1211 1236 1201 -1
1612 5 1211 -1
1613 12 1236 -1
1614 71 1267 1211 1279 1236 1211 -1
1615 109 1211 1297 1200 1285 1279 1253 1230 1248 -1
1619 4 1297 -1
1621 76 1211 -1
1622 39 1279 1297 1297 -1
1630 2 1279 -1
1639 36 1284 -1
1644 46 1297 -1
1647 15 1211 1279 -1
1661 36 1211 -1
1674 7 1279 1250 -1
1675 2 1279 -1
1676 1 1279 -1
1677 2 1279 -1
1678 2 1211 -1
1688 24 1285 -1
1697 42 1247 -1
1700 48 1297 -1
1705 44 1297 -1
1707 29 1267 1297 1285 -1
1711 7 1211 -1
1717 98 1211 1284 1297 1261 1297 -1
1720 13 1285 -1
1729 15 1200 -1
1733 40 1247 -1
1734 47 1211 -1
1749 63 1297 -1
1756 82 1250 1261 1200 1230 1297 -1
1766 19 1250 1297 -1
1767 75 1200 -1
1769 64 1261 1284 1211 -1
1772 95 1243 -1
1792 11 1284 -1
1808 103 1230 1284 1285 -1
1811 37 1297 1267 -1
1814 79 1291 -1
1820 90 1267 1211 1291 1297 -1
1822 10 1230 -1
1835 55 1211 1200 -1
1836 16 1297 1211 -1
1838 54 1239 1285 -1
1848 13 1211 -1
1849 1 1211 -1
1857 6 1230 -1
1886 3 1211 -1
1888 28 1243 -1
1891 23 1230 1211 -1
1896 50 1211 -1
1899 6 1284 1230 -1
1918 18 1211 -1
1919 113 1284 1211 1243 1200 -1
1921 1 1230 -1
1922 126 1230 1291 1267 -1
1962 27 1200 1284 -1
1965 9 1285 1284 -1
1966 17 1285 -1
1967 31 1267 1285 -1
1972 184 1291 1247 1239 1267 1211 1297 -1
1975 1 1284 -1
1976 6 1285 1284 -1
1977 33 1243 1284 -1
1978 1 1284 -1
1982 26 1267 1250 -1
1990 29 1239 -1
1991 66 1291 1267 -1
1997 88 1285 1297 -1
2003 42 1297 1267 -1
2009 46 1211 1267 -1
2014 11 1267 -1
2053 1 1200 -1
2062 118 1297 1243 1285 1267 -1
2063 16 1285 -1
2065 45 1297 -1
2069 17 1250 -1
2072 121 1285 1291 1250 -1
2085 28 1250 -1
2093 52 1250 -1
2099 21 1297 -1
2102 31 1243 1291 1211 -1
2114 31 1291 -1
2115 12 1285 -1
2118 114 1239 1285 -1
2133 122 1243 1250 1211 1291 1297 -1
2135 143 1267 1297 1247 -1
2138 1 1285 -1
2160 11 1297 -1
2169 32 1211 -1
2171 9 1297 -1
2172 24 1250 -1
2186 57 1291 -1
2193 8 1297 1211 -1
2230 38 1297 -1
2231 26 1250 -1
2233 34 1250 -1
2234 12 1267 -1
2236 75 1267 1291 -1
2237 254 1291 1297 -1
2240 106 1297 1243 -1
2255 31 1291 1243 -1
2256 125 1291 1297 -1
2258 90 1297 -1
2272 31 1211 -1
2274 33 1267 1250 -1
2286 6 1297 -1
2290 95 1297 -1
2297 150 1297 1267 -1
2298 26 1211 -1
2314 1 1297 -1
2323 54 1243 1297 -1
2326 249 1239 1297 -1
2328 205 1239 1211 1297 -1
2332 20 1250 -1
2342 4 1211 -1
2343 4 1250 -1
2357 12 1267 -1
2371 93 1250 1291 1267 -1
2375 32 1250 -1
2382 2 1297 1297 -1
2398 56 1250 -1
2411 96 1297 -1
2416 22 1291 1211 -1
2435 29 1297 1211 -1
2462 3 1250 -1
2472 76 1267 -1
2473 83 1267 1291 -1
2474 101 1267 1291 -1
2476 35 1291 -1
2482 3 1250 -1
2485 286 1267 1291 1239 -1
2497 37 1211 -1
2507 64 1297 -1
2510 69 1297 1250 1267 -1
2541 27 1211 1297 -1
2542 73 1267 -1
2549 63 1211 -1
2551 2 1211 -1
2559 54 1291 -1
2560 89 1291 1239 -1
2565 827 1267 1247 1211 1291 1239 1297 -1
2576 138 1297 -1
2594 42 1297 -1
2595 42 1297 -1
2612 29 1291 -1
2618 50 1267 -1
2646 30 1291 -1
2647 16 1291 -1
2651 216 1297 -1
2653 102 1267 1297 -1
2654 56 1291 1267 -1
2657 35 1297 -1
2660 148 1267 -1
2674 83 1291 1297 1267 -1
2686 120 1297 1267 -1
2688 516 1267 1297 1247 1239 -1
2690 25 1267 -1
2693 132 1239 -1
2696 61 1267 -1
2697 45 1297 -1
2700 113 1239 -1
2704 40 1267 -1
2707 100 1239 -1
2713 166 1239 1297 -1
2727 35 1211 -1
2747 65 1297 -1
2768 29 1291 -1
2774 45 1297 -1
2778 16 1211 -1
2789 3 1211 -1
2790 145 1297 -1
2791 15 1297 -1
2815 10 1291 -1
2822 29 1291 1211 -1
2838 20 1211 1297 -1
2859 90 1239 -1
2866 4 1211 -1
2871 165 1239 -1
2900 28 1267 1297 -1
2904 16 1211 -1
2919 2 1211 -1
2938 1 1211 -1
2947 10 1291 -1
2958 48 1267 -1
2964 59 1267 1239 -1
2967 232 1297 1239 -1
2972 271 1247 1239 -1
3006 29 1291 1267 -1
3010 118 1291 1297 -1
3017 3 1291 -1
3020 48 1267 -1
3024 47 1297 1291 -1
3026 151 1247 1297 -1
3031 42 1267 1297 -1
3032 205 1297 1239 -1
3034 38 1297 -1
3039 14 1297 -1
3055 42 1297 -1
3062 30 1267 -1
3084 52 1297 -1
3088 24 1297 -1
3095 25 1267 -1
3108 8 1267 -1
3180 23 1267 -1
3189 9 1297 -1
3191 55 1247 -1
3197 4 1267 -1
3199 13 1267 -1
3209 32 1267 -1
3225 13 1267 -1
3226 1 1267 -1
3227 20 1267 -1
3228 1 1267 -1
3275 10 1297 -1
3301 15 1297 -1
3306 2 1297 -1
3309 3 1297 -1
3315 13 1247 -1
3343 10 1297 -1
3352 165 1239 1247 -1
3378 37 1297 -1
3392 26 1239 1297 -1
3439 69 1239 -1
3449 306 1247 -1
3453 241 1247 -1
3454 124 1239 -1
3478 42 1239 1297 -1
3481 11 1297 -1
3483 16 1247 -1
3508 7 1297 -1
3518 5 1297 -1
3525 13 1297 -1
3528 7 1297 -1
3541 62 1239 -1
3560 12 1297 -1
3562 38 1297 -1
3568 128 1239 -1
3571 39 1297 -1
3611 19 1297 -1
3614 187 1247 -1
3624 49 1247 -1
3625 4 1239 -1
3630 30 1297 -1
3642 291 1239 -1
3645 34 1239 -1
3658 38 1239 -1
3666 125 1247 -1
3682 20 1239 -1
3714 15 1239 -1
3723 7 1297 -1
3724 69 1239 1297 -1
3725 3 1297 -1
3726 3 1297 -1
3727 1 1297 -1
3728 71 1297 -1
3729 12 1297 -1
3730 1 1297 -1
3731 12 1297 -1
3798 18 1239 -1
3814 24 1239 -1
3949 26 1239 -1
3985 26 1239 -1
4036 139 1247 1239 -1
4041 54 1247 -1
4042 21 1239 -1
4065 104 1239 -1
4073 90 1239 -1
4076 52 1239 -1
4077 63 1247 -1
4078 2 1239 -1
4119 5 1239 -1
4120 3 1239 -1
4123 23 1239 -1
4124 27 1239 -1
4128 9 1239 -1
4138 59 1239 -1
4169 4 1239 -1
4276 47 1247 -1
4353 69 1247 -1
4441 186 1247 -1
4550 81 1247 -1
4829 57 1247 -1
4967 317 1247 -1
5020 45 1247 -1
5079 240 1247 -1
5110 84 1247 -1
5176 100 1247 -1
5184 64 1247 -1
5189 237 1247 -1
5243 11 1247 -1
5391 14 1247 -1
5431 1 1247 -1
5432 3 1247 -1