6 258 1861 1864 -1
9 71 1855 -1
11 733 1857 1811 1888 1858 1880 1802 1849 1805 1836 1864 1816 1861 1842 1847 1893 1835 1855 1848 1859 1842 -1
14 105 1842 1864 1835 1842 1855 -1
20 153 1855 -1
24 270 1836 1808 1893 1842 1835 1855 1842 1858 1816 1880 -1
36 231 1842 1842 1855 1848 1816 -1
38 12 1836 -1
44 42 1857 1855 -1
47 113 1855 -1
59 94 1808 1836 1893 1842 -1
68 187 1855 -1
71 68 1811 -1
72 113 1848 1842 -1
74 69 1836 1811 -1
75 24 1861 1864 -1
77 23 1816 -1
86 101 1855 1835 -1
87 164 1855 1847 -1
109 166 1816 -1
110 59 1836 -1
113 68 1855 -1
126 22 1855 -1
128 51 1893 1888 -1
136 64 1893 -1
138 69 1842 -1
143 95 1893 -1
172 120 1814 -1
173 332 1849 1855 1805 1880 1802 1842 1842 1836 1811 1808 1848 -1
178 52 1893 -1
180 54 1858 -1
188 3 1808 -1
203 26 1808 1855 -1
215 84 1849 1802 1842 1848 1805 1811 1842 -1
231 44 1864 1855 1861 -1
232 19 1855 1842 -1
237 35 1855 -1
255 87 1893 -1
259 42 1835 1842 1855 1808 -1
265 30 1858 -1
266 13 1802 -1
269 26 1811 -1
275 47 1888 1835 -1
280 76 1855 -1
290 61 1893 1836 1805 -1
304 64 1858 1859 -1
308 144 1847 1811 1855 -1
310 236 1842 1888 -1
311 312 1814 1864 1861 1893 1848 1847 1888 -1
312 223 1855 1836 1893 1842 -1
315 70 1888 -1
317 126 1893 -1
319 193 1842 1842 -1
324 13 1842 -1
339 79 1855 -1
356 16 1835 -1
376 36 1802 -1
407 101 1835 1858 1893 1816 -1
425 49 1893 -1
432 155 1893 1811 1888 1858 1802 1808 1842 -1
457 640 1802 1855 1814 1859 1811 1805 1880 1836 1835 1893 1888 1842 1848 1816 1842 -1
469 8 1855 -1
546 107 1842 1842 1849 1858 1816 1808 1836 1893 1847 -1
553 19 1855 1808 -1
555 3 1855 -1
556 117 1893 1842 1858 1842 1836 1855 1808 -1
559 3 1802 -1
588 23 1842 1836 -1
600 171 1842 1835 1808 1842 1836 1847 1855 -1
626 31 1855 -1
650 85 1836 -1
686 57 1864 1893 1861 -1
691 24 1888 1847 1835 -1
695 87 1855 -1
697 85 1836 -1
707 110 1842 1855 1808 -1
708 39 1888 -1
712 18 1855 -1
719 4 1811 -1
722 124 1836 1847 -1
727 19 1842 -1
759 55 1855 1842 -1
766 709 1893 1858 1888 1842 1847 1814 1808 1836 -1
769 137 1835 1842 1842 1808 -1
784 205 1836 1849 1858 1836 1814 -1
788 52 1836 -1
789 209 1816 1888 -1
803 5 1849 -1
805 82 1855 1842 1842 1847 -1
811 3 1864 -1
813 261 1837 1888 1847 1808 1836 1893 1842 1835 -1
820 9 1842 -1
825 139 1823 -1
826 218 1849 1893 1836 1842 1837 1814 1816 1880 -1
831 12 1858 1855 1811 -1
836 26 1805 1848 1802 -1
842 27 1859 -1
844 35 1859 -1
854 56 1848 1836 -1
856 30 1814 -1
859 7 1842 1836 -1
861 16 1859 -1
865 45 1855 1808 -1
870 37 1893 -1
871 47 1859 1816 -1
872 26 1811 1857 -1
904 59 1847 1842 1833 1842 -1
908 6 1836 -1
918 15 1802 -1
922 147 1805 1857 1816 1855 1893 1859 1849 1880 1842 -1
928 13 1861 1864 -1
933 10 1864 1836 -1
935 19 1859 -1
937 33 1888 -1
941 74 1859 1816 1893 1805 -1
946 85 1808 1888 1847 -1
959 10 1835 1836 1842 -1
961 11 1847 -1
970 10 1893 -1
971 53 1811 1802 -1
978 54 1847 -1
988 257 1842 1814 1835 -1
993 233 1842 1880 1802 1811 1808 1888 1835 1814 1848 1847 1836 -1
994 42 1859 -1
996 279 1847 1835 1888 1814 1848 1823 -1
1000 34 1835 -1
1003 17 1880 -1
1006 130 1848 1857 1836 1893 -1
1009 43 1858 1893 1811 -1
1029 20 1802 -1
1031 16 1888 1835 1842 -1
1042 38 1842 1835 -1
1043 20 1835 -1
1050 33 1802 -1
1055 139 1849 1823 1811 -1
1062 157 1848 1835 1893 1808 1858 1814 1836 1816 1888 -1
1065 8 1849 1857 -1
1074 75 1823 -1
1075 59 1893 1802 1858 -1
1080 5 1842 1855 1842 -1
1085 3 1842 -1
1093 2 1842 -1
1094 2 1842 -1
1095 10 1842 1855 1833 1842 -1
1097 93 1814 1808 -1
1098 260 1836 1833 1847 1888 1859 1835 1855 1814 1893 1808 1848 -1
1099 8 1836 1855 1842 1842 -1
1102 13 1842 1842 1855 -1
1103 6 1842 1842 -1
1105 1 1836 -1
1111 42 1836 1842 1855 -1
1113 4 1855 -1
1124 17 1888 -1
1127 58 1842 -1
1128 10 1859 -1
1132 42 1864 -1
1133 282 1836 -1
1135 112 1808 1836 1858 1814 1847 -1
1137 104 1858 1842 1842 -1
1143 15 1888 -1
1151 460 1816 1848 1847 1842 1893 1888 1808 1835 1814 1836 -1
1164 23 1816 -1
1166 318 1847 1888 1842 1816 1880 1836 1814 -1
1167 78 1893 1888 -1
1168 5 1816 -1
1169 24 1847 -1
1183 8 1808 -1
1184 57 1842 1808 1855 -1
1196 4 1864 -1
1200 92 1814 -1
1202 68 1893 1861 1847 1864 -1
1203 20 1855 -1
1210 221 1814 1848 1893 1880 1855 -1
1211 66 1849 1808 1842 1819 1842 1836 1814 -1
1215 40 1880 1847 -1
1221 75 1814 1858 1888 1847 -1
1230 31 1814 1893 1880 -1
1236 98 1816 1808 1893 1847 -1
1247 69 1847 -1
1253 21 1884 1847 -1
1267 61 1835 1811 -1
1278 51 1816 1893 1808 -1
1279 126 1847 -1
1281 10 1893 1888 -1
1291 34 1814 -1
1293 26 1842 1855 -1
1297 48 1836 1847 1836 -1
1299 4 1855 -1
1305 227 1814 1808 -1
1306 19 1808 -1
1308 4 1816 -1
1316 7 1842 1836 -1
1319 185 1805 1808 1849 1893 1880 1814 1855 1802 1888 1816 -1
1326 6 1893 -1
1335 39 1861 1835 1848 1864 -1
1350 114 1802 1836 1805 1842 1811 1859 1858 1849 1855 1816 -1
1352 118 1893 1805 1811 1842 1859 1802 1816 1858 1849 -1
1353 24 1848 1836 -1
1356 18 1855 1842 -1
1357 84 1859 1808 1814 -1
1358 7 1836 -1
1360 10 1864 -1
1368 12 1816 1842 1855 -1
1374 385 1814 1858 1847 1808 1865 1888 -1
1377 31 1842 1805 -1
1381 51 1805 -1
1384 20 1847 1837 -1
1386 56 1848 1842 1858 1893 -1
1395 192 1836 1816 1859 1848 1842 1842 1847 1858 1811 1880 -1
1424 41 1814 -1
1428 159 1805 1880 1858 1816 1859 1849 1802 1811 1848 1893 -1
1439 9 1814 -1
1462 30 1864 1842 1842 1849 -1
1463 22 1808 1893 -1
1470 115 1836 1857 1893 1816 -1
1471 45 1880 -1
1473 70 1859 1893 1880 -1
1480 44 1811 1842 1859 1849 1805 1802 1816 1893 -1
1482 26 1816 1805 1893 -1
1483 51 1893 1859 1802 1849 1811 1805 1842 -1
1487 115 1836 1858 1855 1847 1816 1857 1893 -1
1489 41 1893 1855 1847 1816 -1
1492 159 1814 1888 1816 1893 1880 1858 1847 -1
1495 10 1893 1816 -1
1496 190 1814 1893 1842 1849 1842 1808 1816 1836 1880 1859 1847 -1
1501 19 1811 -1
1505 3 1893 -1
1506 34 1880 1849 -1
1521 104 1842 1836 1888 1814 1842 1808 1893 -1
1522 90 1893 1842 1842 1857 1880 -1
1525 33 1811 1802 -1
1530 10 1859 1835 -1
1537 72 1814 1816 1808 -1
1538 75 1802 1855 1816 1836 1858 1811 1805 1893 -1
1542 237 1823 1842 1859 1836 1833 1842 1855 1893 -1
1549 522 1805 1842 1849 1847 1888 1836 1802 1814 1857 1842 1880 1858 1808 1893 1859 1816 -1
1552 50 1808 1893 1858 1880 -1
1553 10 1816 -1
1555 67 1816 1847 1805 1802 1893 -1
1564 27 1893 1805 -1
1566 42 1847 -1
1583 78 1842 -1
1585 80 1847 1858 1836 1836 1888 1855 1811 -1
1594 108 1836 1802 1859 1893 1855 1888 1858 1880 -1
1603 8 1835 -1
1608 344 1855 1888 1811 1835 1858 1847 1893 1814 1848 1816 1842 1802 1842 1808 1857 -1
1614 71 1857 1859 1802 1805 1848 1842 1893 1811 1814 -1
1615 109 1802 1811 1893 1816 1858 1880 -1
1621 76 1842 1888 1880 1816 1858 1808 -1
1622 39 1893 1816 -1
1623 36 1893 -1
1628 10 1811 1858 -1
1639 36 1858 -1
1644 46 1859 1842 1842 -1
1661 36 1808 -1
1664 3 1888 -1
1667 32 1859 1857 1802 -1
1668 5 1816 -1
1670 16 1847 -1
1683 2 1802 -1
1691 47 1836 1842 -1
1696 3 1893 -1
1697 42 1880 1855 1842 1808 1849 -1
1700 48 1847 1816 1893 -1
1701 98 1888 1847 -1
1705 44 1888 1808 -1
1707 29 1888 -1
1711 7 1855 -1
1717 98 1855 1858 -1
1722 14 1808 -1
1729 15 1893 1857 1888 -1
1732 16 1893 1811 -1
1733 40 1816 -1
1734 47 1893 1808 -1
1738 3 1811 -1
1742 5 1859 -1
1746 7 1848 1893 -1
1754 18 1893 -1
1756 82 1811 1888 1836 1859 1836 1816 1802 1805 1849 -1
1757 16 1855 1849 1857 -1
1758 2 1802 -1
1764 1 1811 -1
1765 4 1849 -1
1766 19 1835 1842 -1
1767 75 1802 1847 1811 -1
1772 95 1888 1859 1836 1893 1847 1842 1811 1805 1880 -1
1792 11 1805 1842 1857 1858 -1
1794 25 1814 1847 -1
1795 41 1805 1814 -1
1800 20 1836 1858 1842 -1
1803 20 1842 1811 -1
1804 1 1811 -1
1805 2 1893 1811 -1
1806 1 1811 -1
1807 6 1811 -1
1808 103 1816 1811 1888 1805 1847 -1
1809 2 1859 1811 -1
1810 1 1811 -1
1820 90 1814 1888 1808 -1
1822 10 1893 1880 -1
1823 45 1893 1858 -1
1825 1 1842 -1
1826 1 1842 -1
1827 2 1842 -1
1828 2 1849 1842 -1
1829 2 1842 -1
1830 3 1855 1842 -1
1831 4 1842 1842 1855 -1
1832 6 1805 1842 -1
1833 5 1855 1842 -1
1834 1 1842 -1
1835 55 1842 -1
1836 16 1842 -1
1837 26 1842 -1
1838 54 1893 1849 -1
1844 1 1849 -1
1845 1 1849 -1
1846 1 1849 -1
1847 46 1893 1849 -1
1848 13 1849 -1
1855 12 1893 1859 -1
1856 1 1859 -1
1857 6 1859 -1
1858 1 1859 -1
1862 1 1864 -1
1867 2 1865 -1
1868 20 1848 -1
1875 26 1837 -1
1879 13 1880 -1
1885 43 1893 -1
1886 3 1893 -1
1887 2 1893 -1
1888 28 1893 -1
1889 1 1893 -1
1890 1 1855 -1
1891 23 1893 -1
1892 5 1893 -1
1908 9 1858 -1
1919 113 1848 1888 1842 1836 1816 -1
1922 126 1814 1847 1888 1808 -1
1923 1 1855 -1
1924 2 1855 -1
1925 22 1855 1842 1836 -1
1926 1 1855 -1
1927 2 1855 -1
1929 1 1855 -1
1930 1 1855 -1
1931 14 1842 1855 1888 -1
1932 1 1855 -1
1933 1 1855 -1
1934 1 1855 -1
1935 5 1855 -1
1941 1 1857 -1
1945 2 1816 -1
1952 3 1816 -1
1962 27 1858 1816 -1
1967 31 1858 -1
1972 184 1823 -1
1977 33 1888 1836 -1
1980 44 1842 1888 1835 1816 -1
1981 2 1816 -1
1982 26 1816 -1
1985 57 1888 -1
1986 13 1888 -1
1991 66 1808 1814 1842 -1
1992 16 1808 -1
1997 88 1835 1842 1848 -1
2003 42 1814 -1
2009 46 1835 -1
2052 13 1835 -1
2061 4 1888 -1
2062 118 1888 1842 1848 1836 -1
2063 16 1835 -1
2065 45 1808 1842 -1
2072 121 1842 1847 1848 1808 1836 1835 1888 -1
2085 28 1835 -1
2091 6 1836 -1
2093 52 1847 1835 -1
2102 31 1808 -1
2115 12 1835 -1
2116 14 1888 -1
2118 114 1888 1847 -1
2119 4 1814 -1
2120 56 1842 1848 -1
2125 3 1836 -1
2133 122 1836 1835 1847 1842 1808 1888 -1
2135 143 1837 -1
2145 134 1847 1888 1814 -1
2156 17 1888 -1
2159 7 1888 1848 -1
2169 32 1842 1888 1836 -1
2174 49 1808 -1
2186 57 1808 -1
2193 8 1836 -1
2197 3 1835 -1
2227 4 1808 -1
2230 38 1847 1808 -1
2231 26 1835 -1
2236 75 1814 1848 -1
2240 106 1842 1888 -1
2241 14 1888 -1
2242 3 1848 -1
2254 6 1847 1888 -1
2255 31 1888 1836 1842 -1
2256 125 1808 1847 1814 -1
2257 47 1823 -1
2258 90 1842 -1
2274 33 1835 1888 -1
2289 13 1888 -1
2293 2 1888 -1
2295 1 1888 -1
2296 2 1888 -1
2297 150 1847 1888 1814 -1
2298 26 1888 -1
2322 15 1835 -1
2323 54 1836 1847 -1
2328 205 1835 1836 1847 1808 1842 -1
2332 20 1835 -1
2366 6 1835 -1
2371 93 1837 1808 1847 1814 -1
2372 5 1835 -1
2393 3 1836 -1
2398 56 1847 -1
2403 2 1842 -1
2404 1 1842 -1
2405 1 1842 -1
2406 2 1842 -1
2407 4 1842 -1
2414 5 1865 -1
2416 22 1835 -1
2472 76 1808 -1
2473 83 1808 1847 1814 -1
2474 101 1814 1847 1808 -1
2485 286 1808 -1
2497 37 1814 -1
2502 22 1835 -1
2503 1 1835 -1
2504 82 1835 -1
2505 1 1835 -1
2506 28 1835 -1
2507 64 1835 1847 1814 -1
2508 13 1835 -1
2509 7 1835 -1
2510 69 1814 1847 1808 -1
2547 64 1808 -1
2548 12 1847 -1
2549 63 1808 -1
2559 54 1814 1847 -1
2565 827 1814 1865 1808 -1
2568 1 1808 -1
2576 138 1865 -1
2593 26 1847 -1
2594 42 1847 -1
2595 42 1808 -1
2598 5 1847 -1
2605 58 1808 -1
2618 50 1814 1847 -1
2619 44 1808 1847 -1
2628 1 1847 -1
2646 30 1847 1823 1808 -1
2647 16 1847 -1
2660 148 1814 -1
2674 83 1814 -1
2686 120 1814 -1
2688 516 1814 1823 -1
2690 25 1814 -1
2703 42 1814 -1
2704 40 1814 -1
2706 13 1814 -1
2707 100 1814 -1
2719 20 1808 -1
2768 29 1808 -1
2790 145 1814 -1
2791 15 1808 -1
2796 3 1808 -1
2840 11 1808 -1
2871 165 1814 -1
2914 4 1808 -1
2925 18 1808 -1
2935 30 1808 -1
3006 29 1814 -1
3020 48 1814 -1
3026 151 1814 -1
3028 99 1814 -1
3032 205 1823 -1
3059 34 1837 -1
3062 30 1814 -1
3092 52 1814 -1
3095 25 1837 1814 -1
3098 25 1814 -1
3125 16 1814 -1
3144 66 1837 -1
3192 39 1837 -1
3225 13 1814 -1
3354 5 1823 -1
3381 177 1823 -1
3642 291 1823 -1
4343 4 1823 -1
4632 202 1823 -1
4673 68 1823 -1
4781 28 1865 -1
4813 45 1823 -1
4966 25 1865 -1
5022 173 1823 -1
5103 118 1823 -1
5140 50 1823 -1
5188 211 1823 -1
5189 237 1823 -1
5199 19 1823 -1
5531 224 1823 -1
5802 248 1823 -1
5819 52 1823 -1
6272 80 1823 -1
6314 9 1823 -1
6510 54 1823 -1
6537 1 1823 -1
7047 133 1865 -1
7721 1 1865 -1