11 733 2727 2787 2746 2760 2794 2754 2775 2763 2777 -1
12 54 2708 -1
20 153 2774 2775 -1
21 77 2727 -1
24 270 2746 2760 2707 -1
36 231 2775 -1
37 21 2775 2775 -1
53 25 2774 -1
59 94 2724 2727 -1
68 187 2774 2765 2708 2764 2760 2775 2775 -1
72 113 2775 2775 -1
86 101 2754 2775 -1
87 164 2764 2774 -1
90 63 2760 -1
103 55 2775 -1
113 68 2754 -1
122 193 2768 2700 2747 -1
127 83 2754 -1
128 51 2768 -1
138 69 2777 -1
172 120 2708 2700 2724 -1
173 332 2787 2774 -1
180 54 2727 2720 2777 -1
182 59 2774 -1
188 3 2713 -1
215 84 2754 -1
226 13 2775 2775 -1
237 35 2768 2794 2763 -1
259 42 2770 -1
263 21 2774 -1
275 47 2794 -1
280 76 2785 2775 -1
290 61 2708 -1
291 30 2790 -1
306 215 2727 2747 -1
308 144 2774 -1
310 236 2754 2754 2794 2700 -1
311 312 2763 2775 2708 -1
317 126 2707 -1
319 193 2775 2774 -1
336 28 2727 -1
346 27 2721 -1
356 16 2770 -1
405 17 2790 -1
407 101 2775 2774 -1
425 49 2708 -1
457 640 2774 2708 2763 2764 2746 2765 2768 2727 2785 -1
542 7 2774 -1
545 25 2708 -1
582 29 2760 -1
600 171 2775 2775 -1
625 3 2774 -1
634 106 2774 -1
650 85 2785 -1
663 133 2700 -1
667 18 2763 -1
695 87 2747 -1
697 85 2785 -1
704 82 2708 -1
708 39 2768 -1
722 124 2727 2707 2794 2785 -1
727 19 2775 -1
742 85 2721 -1
749 62 2770 -1
762 42 2790 -1
766 709 2790 2700 2764 2763 2775 2775 2794 2760 2787 2747 2765 2774 2785 2713 2707 2721 -1
769 137 2770 2775 -1
784 205 2754 2747 2763 2727 2746 2754 -1
795 57 2775 -1
805 82 2774 -1
813 261 2707 2763 2747 2727 2790 -1
816 25 2775 2775 -1
825 139 2794 2790 2700 -1
826 218 2785 2787 2713 -1
836 26 2763 -1
856 30 2747 2700 2713 -1
869 9 2707 -1
879 108 2746 2760 -1
898 7 2765 2764 -1
899 22 2754 2794 2768 2777 -1
904 59 2754 -1
928 13 2707 -1
947 21 2713 -1
975 8 2708 -1
982 32 2747 2708 -1
988 257 2727 2700 2760 2747 2746 2754 2713 -1
993 233 2763 2708 -1
994 42 2775 -1
996 279 2708 2754 2763 2768 2775 2785 2707 2764 2787 2794 2774 2713 -1
1024 40 2785 -1
1034 34 2775 2775 -1
1041 31 2790 2747 -1
1042 38 2763 -1
1043 20 2787 -1
1050 33 2708 -1
1055 139 2774 -1
1062 157 2707 2727 2746 -1
1082 4 2708 -1
1097 93 2794 2768 -1
1098 260 2707 2794 2721 -1
1103 6 2708 -1
1127 58 2787 2707 -1
1132 42 2787 -1
1133 282 2765 2760 2787 2775 2790 2700 -1
1135 112 2794 -1
1137 104 2763 2768 2754 -1
1151 460 2713 2754 2707 2775 2747 2768 2763 -1
1154 2 2770 2781 -1
1165 13 2707 -1
1166 318 2774 2794 2775 -1
1169 24 2754 -1
1200 92 2787 2794 2713 2768 2724 2785 -1
1204 58 2713 2700 -1
1210 221 2713 2785 -1
1211 66 2763 -1
1221 75 2707 -1
1236 98 2746 2727 -1
1247 69 2774 2775 -1
1259 41 2727 -1
1267 61 2746 2707 -1
1282 3 2763 -1
1297 48 2727 -1
1305 227 2700 2727 2794 2777 2746 2721 2754 2747 2707 2763 2713 2708 2768 -1
1306 19 2707 -1
1319 185 2727 2746 2754 -1
1322 12 2785 -1
1354 5 2770 -1
1357 84 2794 2727 -1
1365 7 2774 -1
1374 385 2787 2763 2775 2713 2794 2764 2768 2785 2754 -1
1382 9 2727 -1
1384 20 2727 -1
1390 28 2707 -1
1395 192 2707 2794 2763 2760 -1
1463 22 2794 -1
1466 24 2764 -1
1473 70 2763 -1
1487 115 2700 -1
1492 159 2746 2713 2700 -1
1496 190 2713 2727 2746 2747 2708 2794 -1
1499 10 2794 -1
1500 26 2794 -1
1521 104 2746 2727 -1
1522 90 2746 -1
1537 72 2746 2707 2713 2790 -1
1538 75 2774 -1
1542 237 2746 -1
1547 27 2768 -1
1549 522 2707 2721 2790 2713 2727 2763 2747 2754 2760 2746 2700 2765 2774 2794 -1
1552 50 2775 -1
1564 27 2713 -1
1583 78 2700 2785 2707 -1
1592 25 2794 -1
1594 108 2794 -1
1608 344 2747 2721 2707 2763 2754 2794 -1
1614 71 2760 2777 -1
1621 76 2763 -1
1622 39 2746 2727 -1
1625 2 2763 -1
1639 36 2775 -1
1644 46 2774 -1
1646 4 2768 -1
1658 5 2787 -1
1667 32 2763 -1
1670 16 2787 2763 -1
1697 42 2774 -1
1705 44 2707 2721 -1
1707 29 2794 2790 -1
1709 2 2794 -1
1717 98 2754 2736 -1
1734 47 2727 -1
1748 37 2774 -1
1749 63 2707 2713 2747 -1
1767 75 2727 2794 -1
1769 64 2774 2785 2794 -1
1772 95 2794 2777 -1
1783 58 2713 2746 2790 -1
1789 11 2787 -1
1794 25 2794 -1
1795 41 2747 2700 -1
1800 20 2774 -1
1808 103 2794 -1
1813 33 2746 2760 -1
1814 79 2707 2775 2721 -1
1820 90 2754 2754 2727 -1
1832 6 2746 -1
1835 55 2707 2770 -1
1847 46 2790 2747 -1
1848 13 2763 2754 -1
1857 6 2787 2785 -1
1875 26 2794 -1
1885 43 2713 -1
1888 28 2781 2794 -1
1896 50 2700 -1
1919 113 2763 2768 -1
1922 126 2707 2754 2713 2721 2787 2754 -1
1947 7 2727 -1
1964 10 2765 2764 2794 -1
1966 17 2775 -1
1967 31 2708 2746 -1
1972 184 2747 2700 2727 2746 2707 -1
1980 44 2794 -1
1981 2 2799 -1
1991 66 2768 2794 2777 2707 -1
2003 42 2727 -1
2072 121 2754 2721 2707 2794 2777 2787 2785 -1
2093 52 2790 2707 -1
2102 31 2707 -1
2114 31 2727 -1
2115 12 2785 -1
2116 14 2794 -1
2118 114 2777 2775 2707 2727 2775 2774 -1
2133 122 2777 2754 2721 2768 2707 2794 -1
2135 143 2790 2763 2774 2707 2794 2747 2775 2775 -1
2145 134 2790 2790 2794 2747 2774 2775 -1
2172 24 2794 -1
2174 49 2754 2777 2775 -1
2186 57 2747 2775 2727 -1
2210 16 2790 -1
2225 36 2775 -1
2226 23 2790 -1
2230 38 2794 -1
2236 75 2708 2713 2721 2754 2700 2724 -1
2237 254 2700 2747 2760 2790 2746 2707 -1
2240 106 2746 2746 -1
2249 38 2754 -1
2251 23 2721 2707 -1
2252 15 2747 -1
2255 31 2707 -1
2256 125 2790 2707 2794 2754 2763 -1
2257 47 2764 2708 -1
2258 90 2774 2775 2727 2760 -1
2264 51 2774 2775 2794 -1
2285 16 2713 -1
2290 95 2747 2746 2727 -1
2297 150 2775 2746 2775 2727 2794 2774 -1
2298 26 2794 -1
2299 65 2754 2700 2794 2754 2746 -1
2307 4 2746 -1
2323 54 2746 2794 -1
2326 249 2727 2790 2799 2790 2746 2747 -1
2328 205 2774 2727 2763 2747 2707 2754 2794 2746 2768 -1
2332 20 2754 -1
2346 3 2764 -1
2356 57 2746 2727 -1
2365 58 2754 2727 2746 -1
2368 17 2760 -1
2369 134 2787 -1
2371 93 2707 -1
2384 65 2760 -1
2387 52 2775 -1
2398 56 2790 2746 -1
2410 27 2794 -1
2411 96 2790 2799 2713 2746 2727 2794 -1
2413 2 2747 -1
2416 22 2763 -1
2435 29 2770 2754 2794 2754 -1
2469 3 2794 -1
2472 76 2707 2763 2713 2754 2768 2770 -1
2473 83 2721 2713 2763 2794 2754 2768 2707 -1
2474 101 2794 2763 2721 2774 2707 -1
2476 35 2724 2707 -1
2485 286 2727 2747 2746 2700 2713 -1
2502 22 2770 -1
2504 82 2794 2775 -1
2506 28 2774 2727 -1
2507 64 2794 2713 -1
2509 7 2770 -1
2510 69 2707 2700 2727 2754 2794 -1
2535 24 2775 2790 2790 -1
2541 27 2724 -1
2542 73 2746 2768 2787 2707 -1
2546 28 2794 -1
2547 64 2794 2768 -1
2548 12 2794 -1
2549 63 2727 2746 -1
2550 16 2794 -1
2555 11 2794 -1
2557 77 2794 2770 2763 2777 2768 2797 2707 2781 2785 -1
2559 54 2785 2794 -1
2560 89 2794 -1
2565 827 2713 2794 2747 2770 2787 2777 2754 2746 2775 2764 2700 2785 2799 2727 2724 2721 2707 2785 2768 2763 2787 2708 2754 -1
2576 138 2768 2765 2724 2713 2760 2700 -1
2585 46 2746 -1
2587 12 2775 -1
2593 26 2727 -1
2594 42 2746 2700 -1
2595 42 2794 2746 -1
2596 13 2790 -1
2605 58 2707 -1
2613 17 2727 -1
2617 22 2775 2794 -1
2618 50 2713 2746 2747 -1
2623 47 2746 -1
2626 3 2763 -1
2646 30 2721 -1
2651 216 2713 2746 2727 2760 2707 2747 -1
2653 102 2747 2727 -1
2654 56 2713 2746 -1
2655 30 2775 -1
2657 35 2727 2790 2747 -1
2658 231 2760 2727 -1
2660 148 2708 2713 2747 2787 -1
2667 93 2774 2765 2764 2708 -1
2672 12 2720 -1
2674 83 2713 2775 2700 -1
2683 8 2700 -1
2686 120 2700 2799 2713 2724 2708 -1
2687 11 2754 2708 -1
2688 516 2700 2760 2785 2708 2713 2765 2775 2747 2787 2774 2727 2764 2775 2790 2754 2746 -1
2689 34 2700 2708 -1
2690 25 2713 2708 -1
2691 39 2700 2708 2727 -1
2692 18 2713 2708 2700 -1
2693 132 2787 2708 2747 -1
2694 17 2708 2790 2790 -1
2695 6 2708 -1
2696 61 2708 2713 2790 -1
2697 45 2775 2708 2790 2775 2790 -1
2698 5 2708 -1
2699 63 2713 2727 -1
2700 113 2746 2747 2727 2713 -1
2703 42 2700 2713 -1
2706 13 2700 -1
2707 100 2787 -1
2713 166 2799 2746 2747 -1
2719 20 2720 -1
2740 28 2768 2785 2754 -1
2741 1 2736 -1
2744 36 2787 2785 2781 -1
2747 65 2746 -1
2759 1 2763 -1
2760 20 2763 -1
2761 1 2763 -1
2765 30 2764 -1
2768 29 2707 2721 -1
2769 1 2770 -1
2774 45 2775 -1
2775 36 2777 -1
2776 1 2777 -1
2778 16 2781 2787 -1
2779 1 2781 -1
2780 3 2781 -1
2782 1 2785 -1
2783 2 2785 2785 -1
2784 1 2785 -1
2786 1 2787 -1
2787 5 2787 -1
2789 3 2794 -1
2790 145 2747 2794 2700 2713 -1
2791 15 2794 -1
2792 17 2794 -1
2793 6 2794 -1
2822 29 2707 -1
2838 20 2727 2746 -1
2842 93 2746 2799 2747 2700 -1
2851 45 2774 -1
2852 2 2775 -1
2855 13 2764 2774 -1
2859 90 2790 2746 -1
2871 165 2775 2713 2746 2775 2707 -1
2872 54 2746 -1
2900 28 2790 -1
2923 33 2746 2746 -1
2939 5 2707 -1
2940 91 2727 2700 -1
2941 6 2747 -1
2950 11 2707 -1
2951 14 2760 2790 -1
2958 48 2727 2746 2790 -1
2964 59 2746 -1
2967 232 2775 2790 2760 2707 2787 -1
2972 271 2746 2787 2760 -1
2974 15 2775 -1
2994 2 2707 -1
3005 27 2700 -1
3006 29 2721 2707 -1
3009 38 2774 2765 -1
3010 118 2707 2721 2747 2727 -1
3015 30 2707 -1
3016 2 2707 -1
3017 3 2707 -1
3018 18 2707 -1
3019 1 2707 -1
3020 48 2713 2707 2700 -1
3021 5 2707 -1
3022 1 2707 -1
3024 47 2746 2747 -1
3025 4 2721 -1
3026 151 2700 2760 2747 -1
3027 31 2774 -1
3032 205 2790 2724 2775 2713 2747 2775 -1
3046 10 2724 -1
3055 42 2746 -1
3062 30 2713 -1
3072 24 2727 -1
3084 52 2727 2746 2790 -1
3086 7 2775 -1
3090 10 2727 -1
3092 52 2700 2765 2713 -1
3095 25 2713 -1
3098 25 2700 2713 -1
3125 16 2747 -1
3144 66 2713 2700 -1
3150 9 2774 -1
3151 1 2724 -1
3152 1 2724 -1
3168 69 2760 -1
3172 13 2775 -1
3175 34 2727 -1
3180 23 2746 -1
3196 19 2700 2727 -1
3202 6 2700 -1
3209 32 2700 -1
3227 20 2790 -1
3238 22 2774 -1
3252 33 2727 2700 -1
3256 20 2790 2746 -1
3258 69 2727 -1
3276 60 2727 2746 -1
3282 2 2747 -1
3290 29 2747 2746 -1
3291 56 2727 -1
3304 31 2790 -1
3317 15 2746 -1
3352 165 2787 2746 2727 2760 2747 2790 -1
3366 31 2775 -1
3373 12 2746 -1
3375 36 2727 2746 -1
3380 33 2727 -1
3381 177 2774 2785 -1
3394 121 2790 2746 2727 2747 2775 -1
3402 88 2760 2775 -1
3404 73 2727 2747 -1
3433 8 2775 -1
3439 69 2747 -1
3447 214 2774 2775 -1
3449 306 2760 2775 2787 2764 2765 2775 2774 -1
3450 27 2760 -1
3452 91 2765 2760 2787 -1
3453 241 2760 2775 2765 -1
3454 124 2760 2790 2775 -1
3455 59 2775 2787 -1
3456 250 2775 2787 2775 2760 -1
3457 97 2787 -1
3458 61 2727 -1
3459 73 2765 -1
3461 49 2787 2760 -1
3462 36 2760 -1
3463 54 2790 -1
3475 1 2790 -1
3477 45 2747 2727 2746 -1
3478 42 2775 -1
3480 12 2727 2775 -1
3498 96 2775 -1
3519 49 2746 -1
3523 15 2727 -1
3527 47 2727 2785 -1
3532 2 2727 2747 -1
3541 62 2727 2746 -1
3555 11 2746 -1
3556 11 2727 -1
3557 7 2799 -1
3558 1 2799 -1
3562 38 2746 2727 -1
3568 128 2760 -1
3583 3 2747 -1
3586 135 2774 -1
3591 12 2787 -1
3597 11 2747 -1
3601 41 2774 -1
3610 4 2747 -1
3614 187 2764 2765 2775 2727 2775 2787 -1
3615 113 2746 2760 -1
3622 22 2727 2747 -1
3624 49 2746 -1
3629 4 2727 -1
3630 30 2746 -1
3631 70 2790 -1
3633 26 2746 -1
3634 57 2764 -1
3635 33 2760 2746 -1
3636 11 2774 -1
3639 11 2760 -1
3641 194 2746 2790 -1
3642 291 2765 2775 2774 -1
3645 34 2746 -1
3658 38 2774 -1
3659 32 2727 -1
3661 28 2746 -1
3666 125 2775 -1
3674 2 2747 -1
3675 1 2747 -1
3676 1 2747 -1
3677 2 2747 -1
3678 13 2727 -1
3724 69 2746 -1
3728 71 2774 -1
3729 12 2790 2775 -1
3731 12 2727 -1
3748 26 2790 -1
3770 9 2746 -1
3786 72 2746 -1
3787 233 2785 2790 2727 2774 -1
3792 19 2727 -1
3796 107 2787 2760 -1
3806 31 2775 -1
3812 32 2746 -1
3813 72 2775 -1
3814 24 2746 -1
3854 79 2764 -1
3898 2 2746 -1
3902 16 2760 -1
3912 15 2746 -1
3920 6 2785 -1
3947 2 2746 -1
3949 26 2746 -1
3956 55 2760 -1
3961 16 2746 -1
3965 79 2774 2790 -1
3969 58 2774 -1
3976 43 2775 2775 -1
3977 13 2790 -1
3982 17 2775 -1
3985 26 2775 -1
3997 1 2746 -1
3998 2 2746 -1
3999 2 2746 -1
4000 4 2746 -1
4001 27 2746 -1
4036 139 2775 2775 2787 -1
4040 71 2790 2765 -1
4045 244 2765 2785 2787 2775 -1
4046 40 2787 2785 -1
4056 20 2790 2787 -1
4059 3 2775 -1
4065 104 2760 2787 -1
4072 21 2760 -1
4073 90 2765 2775 2790 -1
4074 33 2760 -1
4099 101 2774 2775 -1
4123 23 2790 -1
4138 59 2764 -1
4144 38 2775 2774 2790 -1
4150 13 2775 -1
4151 79 2775 2760 -1
4211 39 2790 -1
4212 30 2775 -1
4219 101 2790 2760 -1
4222 28 2790 -1
4310 225 2774 -1
4441 186 2775 2787 -1
4483 137 2765 -1
4489 11 2775 -1
4496 2 2775 -1
4511 9 2790 -1
4531 8 2775 -1
4547 41 2775 2760 -1
4550 81 2764 -1
4567 2 2790 -1
4592 3 2775 -1
4600 15 2760 -1
4601 1 2760 -1
4626 5 2775 -1
4632 202 2774 -1
4673 68 2774 -1
4682 14 2790 -1
4686 40 2775 -1
4688 59 2787 2775 -1
4720 1 2790 -1
4725 33 2787 -1
4751 4 2775 -1
4813 45 2764 -1
4824 88 2775 -1
4828 105 2774 -1
4832 4 2775 -1
4859 29 2775 -1
4894 34 2764 -1
4899 160 2774 -1
4937 14 2787 -1
4948 194 2764 2787 -1
4966 25 2764 -1
4967 317 2775 2774 2785 2764 2765 -1
4980 12 2774 -1
4981 49 2787 -1
4982 27 2775 -1
5003 2 2775 -1
5006 16 2775 -1
5008 23 2775 -1
5012 6 2764 -1
5016 8 2775 -1
5017 4 2775 -1
5018 1 2775 -1
5022 173 2774 -1
5035 1 2787 -1
5036 3 2787 -1
5037 18 2787 -1
5053 53 2774 -1
5079 240 2774 -1
5102 48 2785 2765 -1
5103 118 2785 2774 -1
5110 84 2785 -1
5119 18 2764 -1
5123 60 2775 2774 -1
5139 8 2765 -1
5171 40 2764 -1
5173 121 2775 -1
5175 20 2764 -1
5176 100 2764 2765 -1
5179 212 2774 2764 2765 -1
5180 47 2775 2765 -1
5181 29 2764 -1
5184 64 2764 -1
5188 211 2764 2785 2775 -1
5189 237 2764 2774 -1
5190 56 2764 -1
5191 5 2764 -1
5196 29 2774 -1
5263 74 2765 2775 2785 -1
5295 23 2785 -1
5317 10 2775 -1
5376 1 2785 -1
5377 1 2785 -1
5378 13 2785 -1
5382 19 2764 -1
5437 24 2765 -1
5487 23 2764 -1
5524 402 2774 2785 -1
5531 224 2774 -1
5543 128 2774 2765 -1
5578 1 2764 -1
5579 2 2764 -1
5580 1 2764 -1
5581 2 2765 2764 -1
5582 105 2764 2774 2785 -1
5583 2 2764 2765 -1
5584 12 2764 -1
5591 21 2774 -1
5612 38 2775 -1
5616 12 2775 -1
5691 49 2775 -1
5696 49 2774 -1
5697 219 2774 2785 -1
5714 42 2774 -1
5739 37 2765 -1
5775 39 2785 -1
5783 15 2775 -1
5785 2 2775 -1
5786 1 2775 -1
5787 29 2775 -1
5796 173 2774 -1
5800 182 2785 -1
5802 248 2785 -1
5811 65 2785 -1
5816 50 2774 -1
5823 13 2774 -1
5857 62 2765 -1
5940 12 2774 -1
5945 5 2765 -1
6017 2 2774 -1
6026 1 2765 -1
6093 5 2785 -1
6156 20 2774 -1
6305 147 2785 -1
6317 3 2774 -1
6324 6 2774 -1
6327 71 2785 -1
6346 13 2774 -1
6347 11 2774 -1
6348 1 2774 -1
6349 1 2774 -1
6350 1 2774 -1
6443 51 2785 -1
6555 33 2785 -1
6611 11 2785 -1
6615 119 2785 -1
6618 79 2785 -1
6620 91 2785 -1
6665 25 2785 -1
6714 92 2785 -1
6907 183 2785 -1
6913 34 2785 -1
6934 51 2785 -1
7092 75 2785 -1
7099 15 2785 -1
7104 15 2785 -1
7106 4 2785 -1
7197 1 2785 -1
7198 5 2785 -1