6 258 2843 -1
11 733 2811 2859 2843 2871 -1
20 153 2828 -1
21 77 2814 -1
24 270 2819 2830 2871 2815 2822 -1
28 110 2801 -1
36 231 2831 2834 2871 -1
47 113 2871 -1
68 187 2859 2814 2871 2877 2809 -1
86 101 2809 -1
87 164 2801 -1
103 55 2851 2871 -1
122 193 2834 2805 2811 2809 2828 -1
127 83 2811 -1
147 50 2819 -1
163 9 2871 -1
172 120 2859 2830 2819 -1
173 332 2871 -1
237 35 2828 2809 2814 2805 -1
255 87 2834 2859 -1
275 47 2828 -1
290 61 2871 -1
291 30 2811 -1
308 144 2828 2805 -1
310 236 2834 2819 2822 -1
311 312 2830 2871 2809 -1
313 41 2871 2801 -1
315 70 2834 -1
319 193 2819 -1
346 27 2828 2838 2859 -1
371 117 2801 -1
395 37 2851 -1
403 18 2834 2814 -1
405 17 2859 -1
407 101 2811 -1
425 49 2877 -1
432 155 2871 2851 2819 -1
457 640 2811 2822 2843 2851 2859 2871 2877 2831 2818 -1
501 9 2805 -1
546 107 2805 -1
553 19 2871 -1
556 117 2805 -1
582 29 2871 -1
600 171 2871 2851 -1
634 106 2871 2831 2851 -1
635 52 2801 -1
646 15 2830 -1
650 85 2830 2880 -1
663 133 2830 -1
704 82 2809 2811 2814 -1
722 124 2830 2856 2821 -1
737 120 2851 -1
749 62 2819 -1
763 45 2871 -1
766 709 2828 2815 2834 2805 2822 2809 2831 2830 2851 2819 2811 2814 2856 2871 2859 -1
769 137 2801 2828 -1
784 205 2859 2815 2877 2830 -1
789 209 2822 -1
795 57 2877 -1
813 261 2815 2819 2871 2859 -1
825 139 2871 -1
826 218 2805 2815 2819 2809 2880 2856 2838 2830 -1
841 22 2801 2828 2814 2805 2877 -1
854 56 2828 -1
856 30 2831 2815 -1
865 45 2838 2877 -1
871 47 2834 2830 -1
872 26 2856 -1
879 108 2811 2859 2871 -1
899 22 2805 2821 2809 2801 2828 2834 2814 -1
908 6 2801 -1
915 7 2809 -1
946 85 2801 2828 2821 -1
948 26 2815 2834 -1
974 30 2871 -1
986 50 2856 2871 -1
988 257 2830 2856 2819 -1
993 233 2834 2859 2815 2828 2805 2814 -1
994 42 2856 -1
996 279 2828 2809 2834 2801 2819 2815 2805 2856 -1
1000 34 2834 2830 -1
1003 17 2851 -1
1024 40 2828 2830 2805 -1
1042 38 2877 2877 2801 -1
1051 48 2851 -1
1062 157 2834 2830 2828 -1
1097 93 2830 -1
1098 260 2851 2828 2805 2814 -1
1127 58 2871 2851 -1
1132 42 2801 -1
1133 282 2830 2811 2871 -1
1135 112 2814 -1
1137 104 2828 2805 2814 2830 -1
1147 3 2830 -1
1151 460 2815 2834 2805 2851 2871 2830 2856 2809 2828 -1
1166 318 2856 2834 2819 2828 2871 2811 2830 -1
1167 78 2834 -1
1184 57 2877 2877 2834 2811 -1
1185 25 2801 -1
1200 92 2834 2877 2809 2828 2880 2805 2856 2830 2814 -1
1210 221 2834 2851 2805 -1
1211 66 2877 -1
1221 75 2834 -1
1247 69 2871 -1
1259 41 2828 -1
1267 61 2831 2856 2819 -1
1279 126 2843 2819 -1
1285 24 2871 -1
1286 55 2851 2871 2856 -1
1291 34 2815 -1
1293 26 2877 2877 2843 -1
1305 227 2819 2877 2828 2815 2814 2834 2830 2805 2809 -1
1319 185 2859 -1
1322 12 2809 -1
1367 17 2819 -1
1374 385 2814 2831 2825 2809 2834 2830 2805 2828 2822 -1
1381 51 2880 -1
1384 20 2828 2809 2814 -1
1390 28 2880 -1
1395 192 2805 2834 2856 2830 -1
1419 29 2815 -1
1424 41 2819 -1
1428 159 2805 -1
1462 30 2809 -1
1473 70 2828 2871 -1
1483 51 2843 -1
1492 159 2830 2859 -1
1496 190 2856 2819 2871 -1
1500 26 2871 -1
1510 16 2843 -1
1521 104 2814 2834 -1
1522 90 2834 -1
1537 72 2871 -1
1542 237 2822 2871 -1
1547 27 2805 -1
1549 522 2819 2815 2830 2871 2828 2809 2814 -1
1552 50 2834 -1
1555 67 2809 -1
1566 42 2877 2877 -1
1583 78 2828 2830 -1
1585 80 2880 2830 -1
1592 25 2856 -1
1608 344 2871 2830 2805 2834 2815 2814 2856 2828 -1
1614 71 2856 -1
1622 39 2830 -1
1623 36 2851 -1
1644 46 2801 -1
1653 2 2814 -1
1688 24 2871 -1
1690 2 2877 -1
1691 47 2871 -1
1692 2 2877 -1
1697 42 2801 -1
1700 48 2809 2814 -1
1701 98 2828 -1
1705 44 2828 2834 2814 2805 2815 -1
1707 29 2805 2871 -1
1717 98 2877 2877 2811 -1
1729 15 2856 -1
1730 29 2871 -1
1741 6 2877 -1
1749 63 2877 -1
1767 75 2834 2809 -1
1769 64 2828 -1
1772 95 2814 -1
1783 58 2805 -1
1790 2 2814 -1
1794 25 2828 -1
1795 41 2809 2811 2819 -1
1808 103 2834 -1
1813 33 2871 -1
1814 79 2815 2830 2856 -1
1820 90 2856 2814 2838 -1
1823 45 2822 -1
1827 2 2856 -1
1832 6 2819 -1
1835 55 2834 2828 2830 -1
1838 54 2859 -1
1848 13 2880 -1
1855 12 2856 -1
1875 26 2828 2809 -1
1885 43 2809 -1
1896 50 2805 -1
1919 113 2834 2828 2830 2805 -1
1922 126 2856 2815 2819 -1
1931 14 2871 -1
1951 26 2819 -1
1972 184 2830 2815 2819 -1
1984 7 2871 -1
1985 57 2828 2830 2834 -1
1991 66 2856 2830 2828 2814 2809 2805 2834 -1
2009 46 2830 2809 -1
2038 5 2877 -1
2062 118 2877 -1
2065 45 2871 -1
2072 121 2809 2834 2814 2815 2838 2801 -1
2085 28 2834 -1
2093 52 2830 -1
2102 31 2815 -1
2111 4 2871 -1
2113 5 2880 -1
2114 31 2815 2830 -1
2115 12 2871 -1
2118 114 2811 2828 2856 2851 2805 2822 -1
2120 56 2811 2834 -1
2133 122 2880 2877 2809 2877 2815 2814 2805 2828 2834 -1
2135 143 2830 2851 -1
2145 134 2871 2831 2822 2811 -1
2172 24 2877 2801 -1
2174 49 2801 2828 2809 2821 -1
2176 3 2856 -1
2186 57 2814 -1
2209 25 2805 2819 -1
2225 36 2856 -1
2231 26 2821 -1
2233 34 2809 2801 -1
2234 12 2856 -1
2236 75 2830 2856 -1
2237 254 2811 2819 2831 2830 2815 2871 -1
2249 38 2851 -1
2251 23 2815 2814 -1
2254 6 2805 -1
2255 31 2815 -1
2256 125 2821 2809 2805 2828 2815 2814 2859 -1
2258 90 2871 -1
2264 51 2834 2856 -1
2272 31 2877 2877 -1
2289 13 2811 -1
2290 95 2819 -1
2294 4 2856 -1
2297 150 2856 2871 2859 -1
2299 65 2851 -1
2322 15 2814 -1
2323 54 2815 -1
2326 249 2819 2871 2859 -1
2328 205 2814 2834 2805 2821 2809 2877 -1
2340 4 2809 -1
2364 10 2819 -1
2365 58 2856 2859 -1
2369 134 2822 -1
2371 93 2877 2830 2856 2880 2815 2877 -1
2375 32 2828 -1
2379 46 2859 -1
2384 65 2871 2822 -1
2387 52 2822 -1
2398 56 2871 -1
2411 96 2859 2809 -1
2435 29 2801 2809 -1
2472 76 2815 2830 2834 2809 2814 2805 2828 2877 -1
2473 83 2815 2814 2821 2828 2834 2805 2809 2830 2856 -1
2474 101 2809 2856 2828 2814 2834 2815 2805 2830 -1
2476 35 2856 2815 2830 -1
2485 286 2830 2871 2831 2819 2856 -1
2504 82 2830 -1
2506 28 2859 2871 -1
2507 64 2828 2805 2856 2834 -1
2510 69 2834 2805 2801 2828 -1
2535 24 2805 -1
2541 27 2821 -1
2542 73 2871 2805 2828 2819 2834 -1
2544 9 2814 -1
2546 28 2828 -1
2547 64 2819 -1
2549 63 2877 -1
2550 16 2834 -1
2555 11 2828 2809 2801 -1
2557 77 2877 2815 2871 2814 2809 2880 2805 2828 2801 2834 -1
2559 54 2805 2859 2856 2809 2828 -1
2560 89 2859 -1
2561 2 2809 -1
2565 827 2831 2828 2844 2819 2830 2877 2822 2809 2805 2811 2871 2877 2856 2825 2880 2814 2859 2838 2851 2834 2815 -1
2576 138 2871 2814 2825 2822 2805 2880 2809 2877 2828 -1
2593 26 2805 2809 2801 -1
2594 42 2831 -1
2596 13 2805 -1
2605 58 2871 -1
2608 14 2828 2814 -1
2609 6 2805 -1
2612 29 2877 2877 -1
2613 17 2811 -1
2617 22 2814 -1
2646 30 2830 -1
2647 16 2814 -1
2651 216 2814 2819 2871 2811 -1
2653 102 2871 -1
2654 56 2856 2819 2859 -1
2660 148 2831 2819 2856 2871 2830 -1
2667 93 2831 -1
2674 83 2830 2851 2819 -1
2683 8 2828 -1
2686 120 2851 2856 2819 -1
2688 516 2822 2859 2871 2819 2856 2830 2831 -1
2691 39 2871 -1
2693 132 2819 2822 2831 -1
2699 63 2871 -1
2700 113 2819 2859 -1
2702 39 2830 2856 -1
2703 42 2819 -1
2704 40 2856 -1
2707 100 2856 -1
2713 166 2859 2819 -1
2740 28 2809 2828 2814 2834 2805 -1
2746 20 2814 -1
2765 30 2859 2819 -1
2768 29 2809 2805 2815 2834 2877 -1
2774 45 2801 -1
2775 36 2871 -1
2778 16 2880 2821 2877 -1
2788 4 2801 -1
2790 145 2856 -1
2791 15 2877 -1
2792 17 2834 -1
2802 3 2805 -1
2803 1 2805 -1
2813 1 2814 -1
2817 2 2821 2818 -1
2818 1 2821 -1
2819 12 2821 -1
2822 29 2856 2834 -1
2830 7 2877 2877 -1
2831 39 2834 -1
2832 27 2811 2834 -1
2833 7 2834 2880 -1
2840 11 2877 -1
2842 93 2819 2830 -1
2851 45 2871 2856 -1
2855 13 2856 -1
2859 90 2871 -1
2862 4 2880 -1
2863 5 2877 2880 -1
2866 4 2877 2877 -1
2871 165 2880 2819 2815 -1
2875 6 2877 -1
2876 1 2877 -1
2879 1 2880 -1
2881 1 2880 -1
2882 1 2880 -1
2883 18 2822 2880 -1
2884 1 2880 -1
2900 28 2815 -1
2925 18 2877 -1
2928 2 2877 -1
2929 1 2877 -1
2930 1 2877 -1
2931 2 2877 -1
2935 30 2871 2811 -1
2936 5 2815 -1
2940 91 2851 -1
2948 23 2856 2830 -1
2950 11 2815 -1
2953 10 2871 -1
2958 48 2856 2830 -1
2964 59 2859 -1
2967 232 2859 2871 -1
2972 271 2859 2831 2811 2871 2822 -1
2978 4 2830 -1
2987 7 2830 -1
2988 56 2819 -1
2998 3 2830 -1
2999 6 2822 -1
3000 31 2819 2856 -1
3006 29 2856 -1
3010 118 2815 -1
3011 1 2815 -1
3020 48 2856 2830 -1
3026 151 2871 2819 -1
3027 31 2831 -1
3028 99 2871 2859 -1
3032 205 2811 2859 -1
3033 38 2856 2830 2819 2859 -1
3034 38 2871 -1
3036 4 2819 -1
3056 34 2819 -1
3057 36 2822 -1
3062 30 2856 2830 -1
3072 24 2856 -1
3073 33 2819 -1
3090 10 2871 -1
3092 52 2831 -1
3095 25 2830 -1
3098 25 2856 -1
3103 3 2822 -1
3118 1 2830 -1
3119 3 2830 -1
3144 66 2819 2871 2856 -1
3148 18 2819 -1
3168 69 2859 -1
3180 23 2856 -1
3191 55 2831 2856 2822 -1
3192 39 2871 2831 -1
3196 19 2856 -1
3197 4 2856 -1
3198 1 2856 -1
3199 13 2856 -1
3200 8 2856 -1
3227 20 2819 -1
3258 69 2871 -1
3274 60 2851 2811 -1
3290 29 2831 -1
3291 56 2819 -1
3315 13 2859 -1
3326 12 2871 -1
3345 36 2819 -1
3350 55 2831 2871 -1
3352 165 2819 2871 2822 -1
3375 36 2859 -1
3381 177 2851 2819 -1
3388 11 2871 -1
3390 47 2822 -1
3392 26 2822 -1
3402 88 2822 2831 2819 -1
3404 73 2822 2819 -1
3417 31 2822 -1
3433 8 2811 -1
3439 69 2819 2871 -1
3447 214 2831 2822 2871 -1
3449 306 2831 2871 2822 2811 2851 -1
3450 27 2871 -1
3451 49 2871 2811 -1
3452 91 2831 2871 -1
3453 241 2871 2831 2811 2822 -1
3454 124 2871 2859 -1
3455 59 2871 -1
3456 250 2831 2871 2811 2822 -1
3457 97 2811 2871 2822 2851 -1
3458 61 2871 -1
3461 49 2811 -1
3462 36 2822 2871 -1
3463 54 2811 2871 -1
3483 16 2831 -1
3519 49 2871 2831 -1
3522 53 2851 -1
3541 62 2859 -1
3568 128 2831 2859 2822 2871 -1
3571 39 2851 2871 -1
3593 26 2851 2822 -1
3607 24 2851 -1
3614 187 2859 2831 2822 -1
3615 113 2871 2859 -1
3624 49 2831 2871 -1
3631 70 2859 -1
3634 57 2831 -1
3639 11 2871 -1
3641 194 2859 2822 2831 2851 -1
3645 34 2859 -1
3659 32 2859 -1
3666 125 2871 2831 2859 -1
3682 20 2859 -1
3691 70 2822 -1
3714 15 2859 -1
3724 69 2859 -1
3748 26 2871 -1
3749 3 2871 -1
3752 15 2871 -1
3770 9 2851 -1
3787 233 2871 -1
3796 107 2811 2871 -1
3798 18 2859 -1
3806 31 2871 -1
3812 32 2811 2871 2822 -1
3813 72 2831 -1
3819 9 2859 -1
3854 79 2871 -1
3898 2 2859 -1
3912 15 2838 -1
3916 25 2871 -1
3920 6 2871 -1
3949 26 2859 -1
3960 11 2831 -1
3962 2 2859 -1
3969 58 2822 -1
3973 20 2859 -1
3976 43 2871 -1
3985 26 2811 -1
4007 9 2859 -1
4036 139 2859 2831 -1
4040 71 2871 -1
4042 21 2859 -1
4044 53 2871 2811 -1
4045 244 2871 2811 2851 -1
4056 20 2871 -1
4065 104 2871 -1
4070 56 2822 2859 -1
4071 15 2822 -1
4073 90 2811 2871 2859 -1
4074 33 2859 2871 -1
4077 63 2822 2811 2831 -1
4111 10 2871 -1
4123 23 2811 -1
4124 27 2811 -1
4127 42 2871 -1
4138 59 2831 2859 -1
4151 79 2871 -1
4152 34 2871 -1
4184 1 2859 -1
4185 1 2859 -1
4186 7 2859 -1
4211 39 2811 -1
4219 101 2871 2822 2831 2811 -1
4222 28 2871 -1
4252 5 2811 -1
4276 47 2831 2822 -1
4310 225 2822 2831 2851 -1
4315 19 2871 -1
4353 69 2831 2822 -1
4355 40 2831 2822 -1
4363 13 2871 -1
4377 11 2871 -1
4379 5 2871 -1
4415 15 2871 -1
4426 5 2871 -1
4427 1 2871 -1
4428 12 2871 -1
4429 9 2871 -1
4430 4 2871 -1
4431 4 2871 -1
4432 8 2851 2871 -1
4433 17 2871 -1
4434 2 2871 -1
4435 2 2871 -1
4436 2 2871 -1
4437 33 2851 2871 -1
4438 4 2871 -1
4439 1 2871 -1
4440 5 2871 -1
4441 186 2871 2811 2822 -1
4442 15 2871 -1
4443 4 2871 -1
4444 1 2871 -1
4445 1 2871 -1
4446 2 2871 -1
4447 12 2871 -1
4448 32 2871 2822 -1
4536 58 2831 -1
4550 81 2831 2822 -1
4564 30 2811 -1
4600 15 2822 -1
4653 80 2831 2822 -1
4661 19 2811 -1
4682 14 2811 -1
4688 59 2811 -1
4712 91 2831 2851 -1
4717 57 2831 -1
4718 31 2822 -1
4725 33 2811 -1
4748 19 2822 -1
4813 45 2831 -1
4824 88 2831 -1
4828 105 2822 -1
4829 57 2822 -1
4894 34 2822 -1
4899 160 2822 2831 -1
4938 13 2822 -1
4943 31 2851 -1
4948 194 2822 2831 -1
4967 317 2831 2822 -1
4970 6 2822 -1
5002 116 2851 -1
5008 23 2831 -1
5009 14 2822 -1
5020 45 2822 -1
5029 21 2822 -1
5079 240 2831 -1
5099 9 2831 -1
5103 118 2851 -1
5106 24 2851 -1
5110 84 2822 -1
5143 8 2851 -1
5155 16 2822 -1
5175 20 2831 -1
5176 100 2831 2822 -1
5179 212 2851 -1
5181 29 2831 -1
5184 64 2822 2831 -1
5188 211 2831 -1
5189 237 2831 2822 -1
5190 56 2831 -1
5246 29 2822 -1
5263 74 2831 -1
5286 6 2822 -1
5296 15 2822 -1
5316 22 2831 -1
5365 1 2822 -1
5366 2 2822 -1
5367 1 2822 -1
5445 39 2851 -1
5462 7 2831 -1
5474 6 2831 -1
5482 12 2831 -1
5487 23 2831 -1
5524 402 2851 -1
5534 11 2831 -1
5535 1 2831 -1
5536 2 2831 -1
5537 1 2831 -1
5543 128 2851 -1
5582 105 2851 -1
5714 42 2851 -1
5796 173 2851 -1
5802 248 2851 -1
5814 106 2851 -1
5816 50 2851 -1
5821 18 2851 -1
5857 62 2851 -1
5922 7 2851 -1
6032 70 2851 -1
6241 64 2851 -1
6270 57 2851 -1
6280 31 2851 -1
6305 147 2851 -1
6323 49 2851 -1
6327 71 2851 -1
6443 51 2851 -1
6484 10 2851 -1
6486 57 2851 -1
6518 30 2851 -1
6555 33 2851 -1
6615 119 2851 -1
6619 77 2851 -1
6620 91 2851 -1
6622 1 2851 -1
6624 122 2851 -1
6714 92 2851 -1
6902 20 2851 -1
6906 49 2851 -1
6907 183 2851 -1
6914 52 2851 -1
6941 35 2851 -1
6976 37 2851 -1
6994 9 2851 -1
7052 114 2851 -1
7086 111 2851 -1
7092 75 2851 -1
7104 15 2851 -1
7106 4 2851 -1
7132 21 2851 -1
7139 2 2851 -1
7251 1 2851 -1
7252 1 2851 -1
7253 3 2851 -1