6 258 3892 -1
11 733 3892 3800 3806 3843 3830 3847 3812 3807 3871 3812 -1
12 54 3843 -1
24 270 3898 3843 3800 3854 -1
29 136 3843 -1
44 42 3813 -1
59 94 3807 -1
66 41 3803 -1
68 187 3892 3897 3807 3806 3897 -1
71 68 3800 3892 -1
77 23 3812 -1
87 164 3892 3873 3897 -1
109 166 3830 3897 -1
122 193 3887 3871 3843 3847 3812 -1
136 64 3897 3897 -1
143 95 3803 -1
172 120 3892 3812 -1
173 332 3830 3843 3897 -1
178 52 3897 -1
203 26 3835 -1
259 42 3835 -1
306 215 3847 3812 -1
311 312 3843 3892 -1
319 193 3830 3843 3854 3897 -1
331 2 3892 -1
346 27 3887 -1
407 101 3835 -1
412 21 3813 -1
432 155 3803 -1
457 640 3830 3887 3847 3897 3812 3803 3807 3871 3854 3897 3843 -1
465 9 3812 -1
534 3 3800 -1
582 29 3812 -1
600 171 3835 -1
634 106 3892 3803 -1
643 44 3803 3871 -1
663 133 3897 -1
695 87 3892 3807 -1
719 4 3808 -1
722 124 3897 -1
737 120 3842 -1
749 62 3873 3892 -1
763 45 3806 -1
766 709 3806 3897 3830 3873 3803 3843 3887 3812 3854 3898 3813 3842 -1
784 205 3892 -1
788 52 3897 -1
789 209 3830 3854 3897 3843 -1
805 82 3800 -1
813 261 3854 3847 -1
822 11 3854 -1
825 139 3835 3800 3892 -1
836 26 3847 -1
854 56 3873 -1
879 108 3897 3892 3812 3871 3843 3812 3897 -1
896 25 3843 -1
922 147 3807 -1
988 257 3847 3892 3800 3804 3812 3807 -1
993 233 3800 -1
994 42 3885 3892 -1
996 279 3806 3897 3813 -1
1062 157 3812 -1
1063 29 3873 -1
1064 14 3803 3803 -1
1074 75 3842 3830 -1
1113 4 3835 -1
1132 42 3871 -1
1133 282 3854 3873 3898 3843 3812 3806 -1
1137 104 3854 3898 -1
1151 460 3885 3892 3807 3897 3842 -1
1164 23 3873 -1
1166 318 3897 3807 3830 3803 3873 3892 3812 -1
1169 24 3871 3807 -1
1204 58 3843 3854 -1
1210 221 3807 -1
1215 40 3873 -1
1221 75 3807 -1
1236 98 3807 -1
1241 33 3800 -1
1247 69 3873 3843 -1
1267 61 3800 -1
1279 126 3892 -1
1291 34 3885 3887 -1
1297 48 3800 -1
1305 227 3887 3800 3847 3812 -1
1319 185 3871 -1
1353 24 3835 -1
1356 18 3813 -1
1374 385 3887 3843 3830 -1
1381 51 3897 -1
1395 192 3892 -1
1419 29 3807 -1
1428 159 3843 -1
1463 22 3892 -1
1470 115 3813 3897 -1
1492 159 3897 -1
1496 190 3830 3892 -1
1522 90 3806 3807 3800 3847 3812 -1
1537 72 3812 3897 -1
1542 237 3803 3873 3892 3897 -1
1549 522 3812 3807 3813 3847 3892 3842 3812 3800 3835 -1
1550 20 3800 3812 3812 -1
1566 42 3854 -1
1585 80 3807 -1
1596 31 3842 -1
1608 344 3887 3871 3843 3813 -1
1623 36 3812 -1
1680 4 3813 -1
1687 6 3806 -1
1691 47 3807 -1
1701 98 3897 -1
1717 98 3873 -1
1749 63 3843 -1
1762 37 3830 -1
1767 75 3807 3847 3813 -1
1769 64 3803 3898 -1
1794 25 3892 -1
1795 41 3843 -1
1796 38 3897 -1
1799 42 3803 3830 -1
1813 33 3812 3800 -1
1814 79 3842 -1
1820 90 3807 3892 -1
1823 45 3830 -1
1835 55 3892 -1
1847 46 3897 3897 -1
1874 2 3835 -1
1879 13 3885 -1
1885 43 3892 -1
1888 28 3843 -1
1891 23 3807 -1
1896 50 3887 3807 -1
1901 1 3847 -1
1922 126 3812 3892 3843 -1
1935 5 3830 -1
1947 7 3892 3800 -1
1972 184 3843 3807 3800 3842 3847 3892 -1
1984 7 3887 -1
1990 29 3830 -1
2001 37 3897 -1
2003 42 3892 -1
2009 46 3871 -1
2016 12 3892 -1
2033 13 3835 -1
2062 118 3803 3803 -1
2065 45 3843 -1
2109 27 3843 -1
2118 114 3898 3806 3812 3892 -1
2129 42 3812 3800 -1
2135 143 3873 3807 3887 -1
2145 134 3800 3873 3807 3843 -1
2172 24 3897 -1
2223 13 3892 -1
2237 254 3812 3871 3892 3812 3800 3887 3847 3807 -1
2240 106 3842 -1
2256 125 3897 3800 -1
2257 47 3885 3892 -1
2258 90 3873 -1
2264 51 3843 -1
2276 21 3897 -1
2290 95 3847 3803 3800 3892 3887 3812 3843 3807 -1
2297 150 3807 -1
2298 26 3806 -1
2299 65 3892 -1
2323 54 3847 -1
2326 249 3807 3887 3813 3812 3892 3898 3871 3843 3847 3804 3813 3800 -1
2328 205 3892 3800 -1
2356 57 3843 3892 3887 3800 -1
2364 10 3885 -1
2365 58 3812 -1
2369 134 3897 3898 3897 3813 -1
2381 37 3892 -1
2384 65 3871 -1
2387 52 3897 -1
2398 56 3800 3892 -1
2440 43 3892 -1
2456 31 3873 3842 -1
2473 83 3812 -1
2485 286 3892 3800 3854 3897 3873 -1
2488 20 3873 3892 -1
2504 82 3892 3800 3843 -1
2506 28 3892 -1
2508 13 3892 -1
2516 36 3892 -1
2542 73 3812 3847 -1
2549 63 3812 -1
2557 77 3854 3898 -1
2560 89 3843 -1
2564 49 3830 -1
2565 827 3813 3843 3898 3871 3887 3803 3892 3804 3885 3843 3806 3847 3812 3807 3813 3812 3803 3854 -1
2576 138 3813 -1
2585 46 3842 3892 -1
2605 58 3812 3807 -1
2612 29 3897 3813 -1
2613 17 3803 3807 -1
2614 4 3847 -1
2619 44 3800 -1
2623 47 3892 -1
2651 216 3803 3887 3800 3807 3847 3898 3854 -1
2653 102 3813 3807 3854 3800 -1
2654 56 3800 -1
2658 231 3807 3812 3885 3806 3847 -1
2660 148 3807 3873 3843 3887 -1
2667 93 3897 -1
2688 516 3892 3804 3812 3812 3847 3898 3800 3813 3897 3807 3873 3898 3806 3843 3813 3843 3854 -1
2689 34 3812 -1
2691 39 3892 -1
2693 132 3843 3813 -1
2696 61 3854 -1
2699 63 3887 3812 3871 -1
2700 113 3843 3800 3812 3807 3892 -1
2702 39 3813 3843 -1
2713 166 3887 3800 3892 3812 3871 -1
2724 6 3804 3847 -1
2740 28 3807 3804 3803 -1
2747 65 3807 3892 3800 -1
2765 30 3897 3897 -1
2774 45 3897 -1
2790 145 3897 3800 3807 -1
2799 6 3847 -1
2822 29 3847 -1
2831 39 3813 -1
2832 27 3812 -1
2838 20 3892 -1
2842 93 3800 3812 -1
2855 13 3842 -1
2859 90 3812 3843 -1
2871 165 3854 3806 3898 3847 3843 3892 3813 -1
2872 54 3807 3892 3816 3803 3843 3871 3847 3800 -1
2883 18 3897 -1
2905 2 3830 -1
2932 50 3812 -1
2935 30 3854 -1
2940 91 3800 3807 3897 3892 3847 3803 -1
2958 48 3892 3898 -1
2967 232 3813 3854 3871 3813 3843 3843 3806 3847 -1
2972 271 3800 3873 3854 3885 3898 3843 -1
2976 7 3888 -1
2988 56 3897 3873 3847 -1
2989 10 3854 -1
3000 31 3830 -1
3009 38 3812 -1
3010 118 3847 3871 3887 3807 3892 -1
3018 18 3806 -1
3026 151 3813 3892 3854 3847 -1
3028 99 3897 3892 -1
3031 42 3847 -1
3032 205 3803 3843 3803 3813 3887 3897 3871 -1
3035 13 3871 3830 -1
3055 42 3812 -1
3059 34 3854 -1
3073 33 3892 -1
3084 52 3892 3807 3847 -1
3110 19 3897 3800 -1
3144 66 3812 -1
3168 69 3806 3812 3897 3843 -1
3175 34 3892 3847 -1
3180 23 3812 -1
3188 8 3871 -1
3191 55 3897 -1
3196 19 3804 -1
3208 7 3871 -1
3242 4 3809 -1
3258 69 3806 3812 3847 3807 -1
3262 8 3807 -1
3275 10 3892 -1
3291 56 3807 -1
3301 15 3871 3887 3892 3847 -1
3313 5 3816 -1
3317 15 3800 -1
3334 11 3812 -1
3350 55 3897 3812 3843 -1
3352 165 3843 3892 3843 3897 3812 3800 3847 -1
3375 36 3898 -1
3378 37 3854 -1
3381 177 3803 3873 -1
3386 11 3892 -1
3390 47 3854 -1
3392 26 3800 3892 -1
3394 121 3813 3812 3898 3800 -1
3402 88 3843 -1
3404 73 3897 -1
3417 31 3871 -1
3439 69 3885 -1
3443 13 3813 -1
3447 214 3897 3898 3843 -1
3449 306 3854 3813 3843 3897 3806 3812 3873 3835 3898 3897 -1
3450 27 3812 -1
3452 91 3812 3854 3813 -1
3453 241 3843 3854 3897 3812 3813 3806 3898 -1
3454 124 3898 3854 3806 3843 -1
3455 59 3843 3898 -1
3456 250 3812 3897 3897 3843 3806 3873 -1
3457 97 3843 3892 3812 3887 3871 -1
3458 61 3847 3843 3873 3892 3897 3887 -1
3459 73 3897 3898 3830 3897 -1
3460 17 3830 -1
3461 49 3898 -1
3463 54 3806 3812 -1
3477 45 3843 3812 3847 3800 -1
3478 42 3873 -1
3479 83 3843 -1
3481 11 3807 -1
3483 16 3897 -1
3488 14 3892 -1
3498 96 3897 -1
3519 49 3800 3892 -1
3522 53 3806 -1
3523 15 3807 -1
3525 13 3807 -1
3526 6 3887 -1
3527 47 3803 3887 3812 3892 -1
3528 7 3804 -1
3541 62 3807 3892 3847 3871 3812 -1
3555 11 3892 -1
3556 11 3892 3807 -1
3557 7 3871 -1
3560 12 3843 -1
3562 38 3892 3800 3807 -1
3568 128 3897 3813 3800 3843 3812 3897 -1
3571 39 3897 -1
3586 135 3873 3897 -1
3593 26 3803 -1
3601 41 3897 -1
3603 10 3803 -1
3611 19 3847 -1
3614 187 3897 3854 3843 3898 -1
3615 113 3812 3803 3807 3843 3806 3847 3804 -1
3622 22 3892 -1
3624 49 3800 3892 -1
3630 30 3812 3898 -1
3631 70 3812 3812 3813 3813 -1
3633 26 3804 3871 3812 3800 3807 -1
3634 57 3897 3897 -1
3641 194 3800 3897 3898 3813 3854 3897 -1
3642 291 3873 3842 3830 3897 3807 -1
3643 35 3800 -1
3648 3 3887 -1
3659 32 3892 3887 -1
3660 67 3813 3813 3806 3854 3804 -1
3661 28 3812 -1
3666 125 3897 3897 3812 3813 3812 -1
3678 13 3871 3847 -1
3682 20 3847 3800 3806 -1
3686 3 3871 -1
3691 70 3847 3885 -1
3724 69 3800 -1
3728 71 3887 3843 -1
3731 12 3807 3804 3803 -1
3748 26 3854 3812 -1
3754 6 3800 -1
3770 9 3800 -1
3780 3 3887 -1
3786 72 3897 -1
3787 233 3897 3813 3885 -1
3794 44 3854 -1
3796 107 3854 3843 3813 -1
3799 6 3892 -1
3801 1 3803 -1
3802 5 3892 -1
3805 1 3807 -1
3806 31 3807 -1
3813 72 3873 -1
3814 24 3800 3843 -1
3815 14 3812 -1
3833 1 3892 -1
3842 12 3812 -1
3843 7 3847 -1
3844 1 3847 -1
3845 7 3847 -1
3848 1 3849 -1
3854 79 3813 -1
3869 5 3871 -1
3870 2 3871 3888 -1
3885 2 3887 -1
3886 1 3887 -1
3888 1 3892 -1
3889 1 3892 -1
3890 3 3892 -1
3891 1 3892 -1
3897 7 3898 -1
3917 23 3806 -1
3925 6 3897 -1
3948 10 3812 -1
3949 26 3812 3843 3800 -1
3958 16 3897 3897 -1
3960 11 3806 -1
3961 16 3800 -1
3969 58 3854 3897 -1
3976 43 3830 -1
3977 13 3800 -1
3978 2 3800 -1
3979 3 3800 -1
3985 26 3830 -1
3995 53 3897 3897 -1
4000 4 3843 -1
4024 2 3898 -1
4034 3 3843 -1
4036 139 3885 3873 -1
4040 71 3812 -1
4041 54 3897 -1
4044 53 3898 3898 3854 3843 -1
4045 244 3803 3843 3854 3812 3897 3898 3873 -1
4065 104 3843 3873 3830 3898 3854 -1
4072 21 3898 3812 -1
4073 90 3897 3854 -1
4077 63 3813 3812 3897 -1
4082 15 3897 -1
4098 7 3897 -1
4099 101 3897 3843 3897 3830 -1
4127 42 3812 -1
4136 27 3813 -1
4144 38 3812 -1
4150 13 3835 -1
4151 79 3843 3897 -1
4152 34 3806 3843 -1
4198 1 3898 -1
4211 39 3813 -1
4219 101 3898 3843 3897 3813 -1
4222 28 3806 3812 -1
4255 9 3854 -1
4295 16 3813 -1
4297 32 3898 -1
4310 225 3897 -1
4316 8 3843 -1
4335 28 3813 -1
4342 8 3898 -1
4347 33 3806 -1
4353 69 3897 3897 -1
4355 40 3843 3897 -1
4363 13 3806 -1
4429 9 3812 3854 -1
4433 17 3812 -1
4441 186 3843 3898 3813 3897 -1
4448 32 3812 -1
4492 2 3806 -1
4507 2 3806 -1
4508 1 3806 -1
4509 11 3806 -1
4526 2 3843 -1
4530 6 3897 -1
4535 5 3812 -1
4536 58 3898 3813 3854 -1
4538 1 3812 -1
4542 2 3897 -1
4547 41 3854 -1
4550 81 3897 -1
4563 11 3898 3843 -1
4564 30 3898 -1
4574 37 3897 -1
4576 8 3897 -1
4587 25 3873 -1
4598 34 3885 -1
4632 202 3873 3843 3885 -1
4653 80 3897 -1
4673 68 3897 3842 -1
4682 14 3854 3898 -1
4686 40 3897 3885 3897 -1
4688 59 3854 3898 3843 -1
4712 91 3885 3897 3873 -1
4717 57 3842 -1
4725 33 3898 3813 3843 -1
4737 2 3830 -1
4746 7 3854 -1
4748 19 3898 -1
4764 52 3873 -1
4781 28 3873 -1
4795 66 3897 3897 3842 -1
4813 45 3897 3842 -1
4814 16 3854 3897 -1
4828 105 3873 -1
4859 29 3898 3854 -1
4879 20 3885 -1
4894 34 3873 -1
4898 5 3854 -1
4899 160 3813 3897 3842 3843 -1
4937 14 3898 3854 -1
4943 31 3813 -1
4944 3 3898 -1
4948 194 3813 3843 3897 -1
4963 5 3898 3854 -1
4964 51 3854 -1
4965 1 3854 -1
4966 25 3854 -1
4967 317 3803 3897 3854 3842 3843 3830 3873 3897 3813 -1
4973 7 3898 3843 -1
4974 41 3843 3897 -1
4976 20 3898 3843 -1
4982 27 3897 3813 -1
4985 1 3898 -1
4986 1 3898 -1
5002 116 3842 3897 3803 -1
5008 23 3813 -1
5020 45 3897 -1
5022 173 3897 3842 3830 3873 -1
5028 40 3897 -1
5079 240 3830 3897 3842 3897 -1
5089 8 3897 -1
5103 118 3873 3897 -1
5110 84 3813 3873 3897 -1
5111 3 3813 -1
5119 18 3813 -1
5123 60 3873 -1
5150 14 3897 3897 -1
5160 9 3897 3897 -1
5166 41 3873 -1
5171 40 3897 -1
5173 121 3809 3885 -1
5176 100 3897 -1
5177 92 3897 -1
5179 212 3803 3897 3873 -1
5181 29 3897 -1
5184 64 3897 -1
5185 120 3830 3873 3897 -1
5188 211 3803 3830 3842 -1
5189 237 3873 3897 3842 3803 3897 3885 -1
5196 29 3885 3897 -1
5200 14 3897 -1
5233 19 3897 -1
5243 11 3897 -1
5301 42 3873 -1
5323 2 3897 -1
5423 36 3897 -1
5427 34 3873 -1
5430 6 3830 -1
5439 39 3897 3873 -1
5445 39 3885 -1
5446 21 3885 -1
5487 23 3873 -1
5524 402 3830 3803 3897 3873 3842 3885 3809 -1
5526 7 3803 -1
5531 224 3873 3897 3803 3842 3885 -1
5543 128 3830 3873 -1
5562 3 3897 -1
5563 2 3873 -1
5579 2 3897 -1
5582 105 3830 3803 -1
5589 10 3873 3897 -1
5600 5 3897 -1
5608 14 3897 -1
5692 19 3803 -1
5696 49 3873 -1
5697 219 3873 3897 3842 3803 3830 -1
5714 42 3897 -1
5721 8 3873 -1
5739 37 3897 -1
5773 63 3803 -1
5796 173 3803 3830 3897 3842 -1
5797 3 3897 -1
5798 7 3897 -1
5799 14 3897 -1
5800 182 3897 3830 -1
5801 2 3897 -1
5802 248 3803 3842 3897 3830 -1
5803 2 3897 -1
5804 22 3897 -1
5805 10 3897 -1
5806 45 3897 3873 3885 -1
5807 16 3897 3803 -1
5808 6 3897 -1
5809 20 3897 -1
5810 26 3873 3897 -1
5811 65 3897 3830 -1
5812 42 3897 -1
5813 2 3897 -1
5814 106 3830 3897 -1
5815 4 3897 -1
5816 50 3842 3897 -1
5817 30 3897 -1
5818 40 3897 3873 -1
5819 52 3842 3897 3830 -1
5820 19 3897 -1
5821 18 3897 -1
5822 81 3873 3897 -1
5823 13 3897 -1
5859 7 3830 -1
5934 32 3873 -1
5935 6 3873 -1
5952 14 3885 -1
5998 80 3803 -1
6020 23 3873 -1
6075 16 3873 -1
6217 28 3842 -1
6220 13 3803 -1
6239 3 3873 -1
6240 1 3873 -1
6241 64 3873 -1
6242 4 3873 -1
6270 57 3803 -1
6280 31 3885 -1
6305 147 3803 3885 3842 -1
6327 71 3803 -1
6359 72 3830 -1
6360 35 3809 -1
6501 10 3842 -1
6518 30 3885 -1
6548 8 3842 -1
6563 54 3803 -1
6608 16 3830 -1
6615 119 3885 -1
6618 79 3803 -1
6620 91 3809 3803 -1
6624 122 3885 -1
6665 25 3830 -1
6711 7 3803 -1
6714 92 3885 -1
6758 9 3830 -1
6759 2 3830 -1
6772 49 3885 -1
6784 41 3885 -1
6886 6 3803 -1
6907 183 3885 -1
6913 34 3803 -1
6991 18 3809 -1
6993 75 3885 -1
7052 114 3803 -1
7055 95 3885 -1
7080 58 3885 -1
7090 6 3803 -1
7092 75 3885 -1
7110 5 3885 -1
7231 87 3885 -1
7400 15 3885 -1