11 733 4938 4962 -1
24 270 4944 4999 -1
36 231 4929 -1
68 187 4981 4944 -1
72 113 4994 -1
86 101 4962 -1
103 55 4944 4929 -1
109 166 4994 4940 -1
110 59 4981 -1
113 68 4940 -1
122 193 4999 4953 4964 -1
127 83 4999 -1
172 120 4994 -1
290 61 4983 -1
319 193 4994 4962 -1
335 48 4994 -1
407 101 4980 -1
456 3 4981 -1
457 640 4940 4999 4994 4953 4964 4986 4929 4980 4944 -1
580 28 4983 -1
634 106 4929 4994 -1
663 133 4980 -1
695 87 4999 4962 -1
697 85 4953 4962 -1
722 124 4980 -1
737 120 4983 -1
749 62 4953 4981 -1
763 45 4953 -1
766 709 4986 4981 4953 4983 4994 4929 4944 4999 4938 4980 4962 4964 -1
789 209 4977 4999 4929 -1
813 261 4999 -1
825 139 4986 -1
854 56 4929 -1
879 108 4938 4962 -1
947 21 4962 -1
950 8 4994 -1
974 30 4962 4981 -1
988 257 4962 4999 -1
994 42 4953 -1
996 279 4964 4929 -1
1006 130 4983 -1
1043 20 4953 -1
1051 48 4953 -1
1074 75 4994 -1
1097 93 4953 -1
1098 260 4940 4981 -1
1133 282 4938 4962 4999 -1
1151 460 4986 4981 4964 -1
1166 318 4981 -1
1169 24 4999 -1
1204 58 4938 -1
1207 24 4994 -1
1247 69 4953 -1
1267 61 4938 -1
1305 227 4938 -1
1320 6 4980 -1
1360 10 4953 -1
1374 385 4981 -1
1385 24 4999 -1
1463 22 4944 -1
1466 24 4964 -1
1467 8 4964 -1
1470 115 4983 -1
1492 159 4964 -1
1506 34 4953 -1
1542 237 4981 4994 -1
1592 25 4953 -1
1691 47 4981 -1
1799 42 4981 -1
1814 79 4944 -1
1951 26 4994 -1
1972 184 4929 -1
2068 2 4981 -1
2135 143 4953 -1
2145 134 4953 -1
2172 24 4980 -1
2181 2 4983 -1
2237 254 4938 4962 -1
2240 106 4981 -1
2257 47 4938 -1
2258 90 4980 4994 -1
2297 150 4981 4983 -1
2326 249 4938 4962 -1
2328 205 4994 -1
2369 134 4929 4964 4977 4964 -1
2371 93 4964 -1
2384 65 4999 -1
2387 52 4964 -1
2410 27 4929 -1
2440 43 4981 -1
2456 31 4983 4981 -1
2485 286 4938 4964 -1
2504 82 4953 4962 4981 4999 -1
2506 28 4983 -1
2542 73 4981 -1
2549 63 4929 -1
2557 77 4953 4999 -1
2560 89 4999 -1
2564 49 4953 -1
2565 827 4929 4944 4938 4964 4983 4986 4999 4953 4981 4940 -1
2576 138 4981 -1
2605 58 4986 -1
2617 22 4980 -1
2651 216 4938 4999 4962 -1
2657 35 4953 -1
2658 231 4981 4983 4962 -1
2660 148 4980 -1
2667 93 4929 4980 4964 -1
2677 37 4944 -1
2686 120 4999 -1
2688 516 4986 4929 4953 4962 4964 4999 -1
2693 132 4980 4953 -1
2702 39 4953 -1
2775 36 4981 -1
2832 27 4953 -1
2851 45 4940 -1
2871 165 4962 4999 4929 -1
2935 30 4999 4938 4962 -1
2940 91 4980 -1
2967 232 4938 4999 4962 -1
2968 37 4983 -1
2972 271 4986 4929 4964 4999 4938 -1
2983 18 4940 -1
2989 10 4999 -1
3000 31 4994 -1
3015 30 4980 -1
3026 151 4983 4962 4999 -1
3028 99 4999 4962 4964 -1
3032 205 4981 4953 -1
3092 52 4962 -1
3142 41 4964 4940 -1
3172 13 4964 -1
3191 55 4964 4986 4977 -1
3208 7 4999 -1
3227 20 4983 -1
3256 20 4953 -1
3291 56 4999 -1
3297 39 4940 -1
3321 16 4999 4964 -1
3345 36 4964 -1
3350 55 4962 -1
3352 165 4962 4999 4929 -1
3375 36 4977 -1
3381 177 4980 4944 -1
3390 47 4986 4964 -1
3402 88 4953 -1
3404 73 4940 -1
3433 8 4962 -1
3447 214 4964 4977 4964 4999 4953 4962 4986 4994 4983 -1
3449 306 4999 4964 4962 4929 4938 4986 4980 4953 -1
3452 91 4964 4999 4938 4929 -1
3453 241 4986 4929 4981 4999 4964 4980 4962 4938 -1
3454 124 4938 4999 -1
3455 59 4938 4953 4942 4962 -1
3456 250 4999 4980 4962 4964 4929 4938 -1
3457 97 4938 -1
3459 73 4929 4986 -1
3461 49 4986 -1
3462 36 4962 -1
3466 12 4986 -1
3472 9 4999 -1
3479 83 4929 4999 4938 -1
3498 96 4953 4986 -1
3535 5 4994 -1
3567 17 4929 -1
3568 128 4999 -1
3586 135 4994 4981 -1
3593 26 4999 -1
3601 41 4977 -1
3614 187 4929 4999 4938 4962 4953 -1
3634 57 4964 -1
3636 11 4953 -1
3641 194 4929 4977 4962 -1
3642 291 4980 -1
3660 67 4983 4938 -1
3666 125 4986 -1
3691 70 4944 -1
3728 71 4983 -1
3743 8 4962 -1
3786 72 4964 -1
3787 233 4980 4962 4942 4953 4999 -1
3792 19 4999 4938 -1
3794 44 4938 4953 -1
3803 8 4962 -1
3806 31 4964 -1
3813 72 4964 -1
3835 26 4962 -1
3854 79 4999 -1
3869 5 4999 -1
3871 5 4999 -1
3872 10 4999 -1
3917 23 4999 -1
3956 55 4983 -1
3969 58 4962 4940 -1
3995 53 4964 4964 -1
4001 27 4994 -1
4024 2 4986 -1
4036 139 4962 4929 4953 4938 4986 4981 -1
4040 71 4981 -1
4041 54 4964 4987 4938 -1
4044 53 4938 4962 -1
4045 244 4938 4953 4994 4999 4944 -1
4046 40 4999 -1
4065 104 4962 4999 4938 -1
4072 21 4938 -1
4073 90 4964 4929 -1
4077 63 4977 4964 4929 -1
4127 42 4999 4938 -1
4130 2 4983 -1
4138 59 4929 4964 4986 -1
4162 15 4981 -1
4212 30 4999 -1
4219 101 4962 4964 -1
4221 41 4977 -1
4255 9 4962 -1
4276 47 4929 -1
4285 2 4962 -1
4310 225 4986 4929 4983 4981 4980 -1
4316 8 4987 -1
4335 28 4981 -1
4347 33 4983 -1
4355 40 4953 -1
4428 12 4938 -1
4441 186 4938 4962 4999 4980 4953 4994 4981 -1
4468 8 4977 -1
4483 137 4940 4929 4986 -1
4536 58 4962 4993 4999 4964 4986 4953 -1
4547 41 4953 4938 4962 4999 4946 -1
4550 81 4929 4986 4964 -1
4564 30 4929 -1
4576 8 4977 -1
4587 25 4999 4953 -1
4600 15 4999 -1
4632 202 4940 4994 4980 4964 -1
4653 80 4964 4964 4994 -1
4659 3 4999 -1
4662 44 4953 4962 -1
4663 6 4999 -1
4673 68 4980 4994 -1
4681 10 4962 -1
4682 14 4999 4953 -1
4686 40 4964 -1
4687 19 4983 -1
4688 59 4942 4962 4938 4983 4999 4953 -1
4709 24 4981 -1
4715 8 4964 -1
4718 31 4964 -1
4725 33 4983 -1
4756 32 4942 4964 -1
4781 28 4999 -1
4782 2 4953 -1
4792 45 4981 -1
4795 66 4929 -1
4813 45 4994 -1
4814 16 4999 4938 4962 -1
4818 15 4983 4938 -1
4824 88 4981 4986 4929 -1
4828 105 4944 -1
4829 57 4929 -1
4842 2 4999 -1
4846 24 4964 -1
4850 3 4999 -1
4859 29 4999 4953 -1
4864 4 4999 -1
4881 3 4977 -1
4894 34 4964 -1
4898 5 4999 -1
4899 160 4994 4986 4929 4980 -1
4901 2 4962 -1
4937 14 4999 4938 4953 -1
4938 13 4938 -1
4943 31 4962 4938 -1
4944 3 4986 -1
4948 194 4964 4983 4981 4940 4929 4964 4983 4980 -1
4952 3 4953 4938 -1
4960 8 4962 -1
4963 5 4938 -1
4967 317 4986 4964 4929 4994 4980 4944 4999 -1
4974 41 4929 -1
4976 20 4999 -1
4981 49 4983 4983 -1
4982 27 4983 4964 -1
4983 4 4981 -1
4992 4 4993 -1
5002 116 4981 4992 4966 4964 -1
5006 16 4964 -1
5011 9 4977 -1
5015 9 4940 -1
5020 45 4929 -1
5022 173 4994 -1
5028 40 4981 4986 -1
5029 21 4929 -1
5031 1 4983 -1
5053 53 4981 -1
5079 240 4964 4964 4986 4980 4981 4929 4983 4940 4994 4944 -1
5089 8 4980 -1
5106 24 4983 -1
5110 84 4964 -1
5119 18 4964 -1
5160 9 4929 -1
5166 41 4981 -1
5171 40 4964 4994 -1
5173 121 4940 -1
5175 20 4964 -1
5176 100 4977 4986 4964 4929 -1
5177 92 4994 4981 -1
5178 15 4986 -1
5179 212 4980 4964 -1
5184 64 4986 4929 4964 -1
5185 120 4986 4980 -1
5186 2 4944 -1
5188 211 4944 4986 4981 4964 4929 4994 -1
5189 237 4964 4940 4929 4986 -1
5190 56 4986 4929 4964 -1
5196 29 4964 -1
5197 3 4964 -1
5203 12 4929 -1
5263 74 4986 4964 -1
5285 20 4977 -1
5289 5 4980 -1
5295 23 4977 -1
5296 15 4929 -1
5301 42 4994 -1
5313 11 4977 -1
5324 12 4929 -1
5382 19 4929 -1
5405 3 4977 -1
5423 36 4980 4994 -1
5427 34 4964 -1
5445 39 4940 -1
5454 19 4981 -1
5462 7 4977 -1
5477 1 4929 -1
5478 9 4929 4964 -1
5479 12 4929 -1
5480 1 4964 -1
5484 18 4980 -1
5487 23 4981 -1
5494 1 4977 -1
5495 4 4977 -1
5524 402 4980 4981 4994 4944 4983 -1
5531 224 4994 -1
5543 128 4980 4944 -1
5582 105 4994 4980 4964 4944 -1
5584 12 4983 4964 -1
5589 10 4964 -1
5605 10 4981 -1
5608 14 4986 -1
5612 38 4986 -1
5614 5 4940 -1
5674 1 4986 -1
5675 8 4986 -1
5696 49 4994 4980 -1
5697 219 4944 4994 4980 -1
5714 42 4981 -1
5773 63 4944 -1
5796 173 4983 4981 4994 -1
5799 14 4980 -1
5800 182 4940 4944 4983 4934 -1
5802 248 4944 4981 4994 4983 4980 -1
5812 42 4980 -1
5814 106 4940 -1
5816 50 4944 -1
5817 30 4980 -1
5819 52 4940 4994 -1
5820 19 4981 4983 -1
5822 81 4994 -1
5823 13 4983 -1
5857 62 4994 4981 -1
5859 7 4940 -1
5915 39 4981 -1
5998 80 4994 4944 -1
6006 47 4983 -1
6020 23 4940 -1
6023 16 4994 -1
6032 70 4944 4981 -1
6043 38 4981 -1
6072 45 4940 4983 -1
6114 2 4981 -1
6174 10 4940 -1
6197 1 4980 -1
6218 47 4994 4981 4940 -1
6241 64 4983 -1
6270 57 4944 -1
6272 80 4940 4944 -1
6305 147 4994 -1
6317 3 4980 -1
6327 71 4944 -1
6359 72 4980 -1
6360 35 4980 -1
6394 6 4994 -1
6460 56 4981 4966 -1
6467 8 4994 -1
6486 57 4944 -1
6494 70 4983 4940 -1
6502 12 4981 -1
6504 7 4994 -1
6510 54 4994 -1
6513 1 4994 -1
6514 1 4994 -1
6515 1 4994 -1
6552 27 4944 -1
6563 54 4981 -1
6596 137 4983 4981 -1
6615 119 4944 -1
6618 79 4940 4944 -1
6619 77 4944 -1
6620 91 4992 4944 -1
6624 122 4981 -1
6649 23 4944 -1
6702 10 4944 -1
6772 49 4940 4983 -1
6774 23 4983 4981 -1
6907 183 4983 4944 -1
6913 34 4944 -1
6914 52 4940 -1
6916 30 4940 -1
6934 51 4944 4940 -1
6951 26 4940 4983 -1
6976 37 4981 4944 -1
6993 75 4981 -1
7019 4 4981 -1
7021 15 4981 -1
7038 4 4944 -1
7044 3 4940 -1
7047 133 4983 4981 -1
7052 114 4981 -1
7053 19 4940 -1
7055 95 4983 -1
7056 29 4983 -1
7057 100 4983 4940 4981 -1
7080 58 4944 4983 -1
7082 1 4944 -1
7086 111 4940 4983 -1
7088 3 4940 -1
7131 23 4940 -1
7231 87 4981 -1
7280 71 4983 4981 -1
7294 37 4983 4940 -1
7301 18 4983 -1
7350 20 4981 4940 -1
7386 14 4940 -1
7391 47 4940 4983 -1
7400 15 4940 -1
7418 2 4981 -1
7421 9 4940 -1
7425 7 4940 -1
7449 20 4940 -1
7511 14 4983 4981 -1
7578 24 4981 -1
7598 26 4981 -1
7675 16 4983 -1
7676 5 4940 -1
7677 8 4940 -1
7678 2 4940 -1
7691 18 4983 -1
7727 26 4983 4981 -1
7733 42 4940 4981 -1
7743 10 4940 -1
7744 49 4983 4940 -1
7747 5 4981 -1
7759 4 4981 4983 -1
7842 2 4981 -1
7843 2 4983 -1
7860 2 4983 -1
7863 1 4981 -1
7864 2 4983 4981 -1
7865 22 4981 -1
7877 5 4940 -1
7882 10 4940 -1
7907 10 4983 -1
7919 3 4940 -1
8036 19 4940 -1
8046 14 4940 -1
8047 17 4940 -1
8050 6 4940 -1
8053 17 4940 -1
8085 16 4940 -1
8107 11 4940 -1
8152 10 4940 -1
8156 5 4940 -1
8190 4 4940 -1
8241 2 4940 -1
8263 2 4940 -1
8270 2 4940 -1
8272 1 4940 -1
8273 2 4940 4940 -1