11 733 4613 4662 4661 -1
15 42 4600 -1
29 136 4666 -1
44 42 4687 -1
66 41 4687 -1
68 187 4604 4613 -1
86 101 4687 -1
87 164 4687 4632 -1
103 55 4666 -1
109 166 4687 4632 -1
122 193 4687 4662 -1
138 69 4661 -1
171 56 4689 -1
178 52 4646 -1
291 30 4666 4662 4661 -1
306 215 4661 -1
319 193 4632 -1
335 48 4632 -1
371 117 4661 -1
432 155 4666 4653 4600 -1
457 640 4687 4653 4613 4666 4689 4600 -1
580 28 4653 -1
582 29 4666 4662 4661 -1
583 9 4687 -1
667 18 4600 -1
689 27 4666 -1
690 3 4600 -1
697 85 4661 4666 -1
704 82 4661 -1
737 120 4632 -1
759 55 4653 -1
766 709 4661 4653 4666 4662 4604 4632 4687 4600 4689 4613 -1
789 209 4687 4632 4600 -1
813 261 4613 4653 -1
825 139 4687 -1
879 108 4662 4613 4661 -1
996 279 4666 4666 4661 4600 -1
1042 38 4653 -1
1098 260 4666 4632 -1
1132 42 4687 -1
1133 282 4662 4600 -1
1137 104 4653 -1
1151 460 4653 -1
1166 318 4666 -1
1184 57 4613 4661 -1
1267 61 4600 -1
1285 24 4600 -1
1286 55 4613 4662 -1
1336 8 4687 -1
1374 385 4666 4600 4653 4632 -1
1395 192 4600 -1
1470 115 4645 -1
1530 10 4632 -1
1542 237 4645 4661 4666 4646 4613 4666 -1
1549 522 4600 4632 4666 4653 4661 -1
1608 344 4604 -1
1614 71 4600 -1
1644 46 4600 -1
1701 98 4600 -1
1799 42 4662 -1
1807 6 4653 -1
1811 37 4632 -1
1823 45 4600 -1
1835 55 4632 -1
1972 184 4604 4600 -1
1980 44 4662 -1
2001 37 4666 -1
2009 46 4687 -1
2010 11 4687 -1
2109 27 4661 4666 -1
2135 143 4661 4604 -1
2145 134 4687 -1
2186 57 4604 -1
2237 254 4600 4653 4666 4687 4613 4661 4662 -1
2258 90 4666 -1
2297 150 4604 -1
2328 205 4604 -1
2371 93 4653 -1
2384 65 4600 4687 -1
2387 52 4600 4653 -1
2427 6 4687 -1
2437 3 4687 -1
2440 43 4687 -1
2444 6 4600 -1
2451 3 4687 -1
2456 31 4689 -1
2481 8 4632 -1
2485 286 4613 4666 4600 4653 -1
2542 73 4604 -1
2547 64 4662 4687 -1
2557 77 4613 -1
2565 827 4653 4632 4666 4662 4666 4661 4613 4600 -1
2576 138 4613 -1
2587 12 4661 -1
2605 58 4653 -1
2623 47 4666 4687 -1
2651 216 4662 -1
2655 30 4687 -1
2658 231 4632 -1
2660 148 4613 -1
2667 93 4687 4666 4600 -1
2677 37 4666 -1
2688 516 4687 4689 4600 4604 4661 4662 4653 -1
2693 132 4687 -1
2696 61 4662 4653 -1
2760 20 4600 -1
2765 30 4600 -1
2774 45 4646 -1
2775 36 4604 4689 -1
2819 12 4600 -1
2859 90 4661 4613 4648 4677 -1
2871 165 4662 -1
2889 11 4653 4687 -1
2909 51 4653 -1
2932 50 4661 -1
2935 30 4662 4613 4661 -1
2967 232 4600 4666 4661 4613 4662 4653 -1
2972 271 4613 4666 4689 4661 4662 4653 4604 4600 -1
2981 36 4662 4661 -1
2988 56 4653 4600 4687 -1
3009 38 4666 -1
3026 151 4600 -1
3032 205 4661 4666 4653 -1
3035 13 4600 -1
3040 6 4689 -1
3057 36 4600 -1
3094 5 4600 -1
3168 69 4666 4613 4666 -1
3172 13 4645 -1
3175 34 4653 4666 -1
3181 3 4600 -1
3191 55 4600 -1
3192 39 4600 -1
3208 7 4600 -1
3276 60 4613 4661 -1
3315 13 4613 -1
3321 16 4600 -1
3326 12 4662 -1
3350 55 4662 4653 -1
3352 165 4613 -1
3378 37 4600 -1
3381 177 4666 -1
3390 47 4653 -1
3402 88 4600 -1
3433 8 4661 -1
3447 214 4661 4653 4687 4654 4666 4666 4662 4666 -1
3449 306 4687 4600 4653 4666 4666 4631 4646 4661 4613 4662 -1
3450 27 4646 4613 -1
3451 49 4662 4661 -1
3452 91 4600 4653 4661 -1
3453 241 4662 4613 4653 4661 4600 -1
3454 124 4613 4662 4666 -1
3455 59 4666 4661 -1
3456 250 4653 4600 4613 -1
3459 73 4600 4653 -1
3460 17 4662 -1
3461 49 4613 4677 -1
3462 36 4613 -1
3463 54 4613 4662 -1
3479 83 4661 4662 4600 -1
3498 96 4653 4666 4600 -1
3519 49 4600 -1
3522 53 4661 -1
3568 128 4662 4653 -1
3586 135 4632 4687 -1
3614 187 4653 4600 4666 -1
3615 113 4666 -1
3631 70 4661 -1
3639 11 4662 -1
3641 194 4632 4653 4662 4600 4687 -1
3642 291 4604 4689 -1
3658 38 4666 -1
3666 125 4666 4600 4666 4653 4661 -1
3728 71 4600 -1
3748 26 4653 -1
3785 15 4666 -1
3787 233 4661 4666 4613 4666 -1
3794 44 4653 -1
3796 107 4666 4653 4613 4661 -1
3812 32 4600 -1
3835 26 4661 -1
3854 79 4653 -1
3869 5 4600 -1
3876 3 4645 -1
3902 16 4662 4613 4666 -1
3916 25 4653 -1
3917 23 4687 -1
3919 14 4687 -1
3922 5 4661 -1
3958 16 4689 -1
3965 79 4687 -1
3969 58 4662 -1
3991 4 4666 -1
3995 53 4653 -1
4001 27 4662 -1
4036 139 4600 4653 -1
4041 54 4653 4687 -1
4044 53 4613 -1
4045 244 4689 4666 4687 4613 4666 4661 -1
4046 40 4666 -1
4063 26 4689 -1
4065 104 4613 4604 4666 -1
4076 52 4662 -1
4077 63 4613 -1
4099 101 4662 -1
4138 59 4653 4666 4600 -1
4151 79 4600 4613 4666 4662 -1
4152 34 4666 4613 -1
4211 39 4661 4662 -1
4219 101 4613 4661 4600 4662 -1
4221 41 4653 -1
4222 28 4666 -1
4261 23 4661 4662 -1
4266 11 4687 -1
4269 3 4661 -1
4273 19 4613 -1
4276 47 4600 -1
4310 225 4632 4666 4653 4600 4666 -1
4329 9 4666 -1
4335 28 4653 4645 -1
4338 11 4600 -1
4347 33 4613 -1
4353 69 4600 -1
4355 40 4653 4600 -1
4361 2 4666 -1
4363 13 4666 -1
4366 2 4687 -1
4369 2 4632 -1
4377 11 4661 -1
4379 5 4661 -1
4426 5 4666 4613 -1
4429 9 4661 -1
4433 17 4661 4662 -1
4437 33 4666 -1
4440 5 4613 -1
4441 186 4687 4613 4689 -1
4442 15 4600 -1
4446 2 4661 -1
4483 137 4653 -1
4485 11 4661 -1
4489 11 4661 -1
4511 9 4661 -1
4536 58 4666 4653 -1
4547 41 4666 4648 4613 -1
4550 81 4600 4653 4666 -1
4560 2 4661 -1
4564 30 4613 -1
4587 25 4662 -1
4588 9 4661 -1
4603 1 4605 -1
4612 1 4613 -1
4619 1 4620 -1
4632 202 4666 4653 4666 -1
4633 11 4666 -1
4638 1 4639 -1
4639 1 4639 -1
4645 1 4646 -1
4652 4 4653 -1
4653 80 4632 4600 4645 4625 4661 -1
4661 19 4662 -1
4662 44 4666 4666 -1
4663 6 4661 -1
4666 23 4687 -1
4667 1 4666 -1
4668 1 4666 -1
4669 9 4666 4666 4666 -1
4670 1 4666 -1
4671 6 4625 4666 -1
4673 68 4689 4604 4687 -1
4682 14 4661 -1
4686 40 4661 4653 -1
4687 19 4661 -1
4688 59 4662 4661 -1
4689 1 4661 -1
4717 57 4666 -1
4718 31 4653 -1
4739 11 4600 -1
4756 32 4653 -1
4792 45 4653 4666 -1
4795 66 4653 4666 -1
4813 45 4687 4689 4632 -1
4824 88 4600 4653 -1
4828 105 4666 4666 -1
4829 57 4600 -1
4838 2 4600 -1
4840 3 4600 -1
4843 12 4600 -1
4844 2 4600 -1
4846 24 4600 4632 4653 -1
4849 2 4600 -1
4850 3 4600 -1
4854 2 4600 -1
4864 4 4632 -1
4894 34 4600 4653 -1
4899 160 4689 4600 -1
4910 2 4687 -1
4938 13 4600 -1
4948 194 4653 4666 4600 -1
4952 3 4600 -1
4964 51 4653 4604 -1
4967 317 4666 4653 4604 4687 4689 4600 -1
4974 41 4653 -1
4981 49 4604 -1
4982 27 4654 4653 -1
4992 4 4632 -1
5002 116 4653 4632 4604 -1
5020 45 4653 -1
5022 173 4687 4689 4604 -1
5028 40 4653 -1
5029 21 4600 4653 -1
5050 7 4653 -1
5053 53 4632 -1
5059 15 4666 -1
5060 3 4653 -1
5079 240 4687 4653 4666 -1
5103 118 4604 4666 -1
5110 84 4687 4645 -1
5139 8 4645 -1
5140 50 4689 4604 -1
5142 4 4653 -1
5151 3 4645 -1
5152 4 4645 -1
5153 5 4645 -1
5162 4 4600 4666 -1
5166 41 4600 4604 -1
5171 40 4653 -1
5174 6 4653 -1
5175 20 4653 -1
5176 100 4666 4653 4600 -1
5179 212 4687 4653 4666 4600 -1
5181 29 4600 4653 -1
5184 64 4600 4653 -1
5188 211 4666 4604 4689 4653 4600 -1
5189 237 4600 4653 4687 -1
5190 56 4600 4653 4666 -1
5194 9 4653 -1
5200 14 4632 -1
5203 12 4653 -1
5246 29 4687 -1
5263 74 4600 4666 -1
5301 42 4653 -1
5312 9 4653 -1
5313 11 4600 -1
5342 22 4632 -1
5344 2 4653 -1
5382 19 4666 -1
5391 14 4687 -1
5400 4 4600 -1
5423 36 4687 -1
5427 34 4653 -1
5448 2 4687 -1
5474 6 4653 4600 -1
5478 9 4600 -1
5482 12 4653 4600 -1
5483 1 4600 -1
5484 18 4653 4600 -1
5485 13 4600 -1
5486 1 4600 -1
5487 23 4666 4600 -1
5488 1 4600 -1
5489 10 4600 -1
5490 1 4600 -1
5491 1 4600 -1
5499 3 4666 -1
5515 6 4666 -1
5524 402 4632 4666 4689 4604 -1
5527 2 4689 -1
5531 224 4604 4632 4689 -1
5534 11 4653 -1
5550 12 4689 -1
5552 8 4687 -1
5553 36 4653 -1
5571 1 4666 -1
5572 1 4666 -1
5582 105 4666 -1
5590 4 4687 -1
5623 1 4653 -1
5630 31 4653 -1
5655 48 4653 -1
5656 2 4653 -1
5657 2 4653 -1
5658 10 4653 -1
5659 1 4653 -1
5660 2 4653 -1
5661 1 4653 -1
5696 49 4604 -1
5697 219 4604 4689 4687 4666 -1
5771 3 4632 -1
5794 1 4625 -1
5796 173 4689 4604 -1
5800 182 4666 -1
5802 248 4604 4632 4666 4689 -1
5808 6 4687 -1
5810 26 4604 -1
5812 42 4687 -1
5816 50 4666 4604 4687 4689 -1
5817 30 4687 -1
5818 40 4689 -1
5819 52 4689 -1
5857 62 4604 -1
5872 25 4632 -1
5934 32 4604 -1
5995 1 4687 -1
5998 80 4604 4666 -1
6094 11 4604 -1
6156 20 4687 4632 -1
6241 64 4632 -1
6243 32 4604 -1
6270 57 4687 -1
6272 80 4666 -1
6305 147 4687 -1
6327 71 4689 -1
6346 13 4604 -1
6359 72 4604 -1
6360 35 4687 -1
6410 1 4687 -1
6411 1 4687 -1
6460 56 4689 -1
6504 7 4604 -1
6555 33 4632 -1
6561 3 4604 -1
6572 1 4689 -1
6573 1 4689 -1
6596 137 4604 -1
6613 8 4666 -1
6615 119 4666 -1
6618 79 4666 -1
6619 77 4666 -1
6620 91 4666 -1
6624 122 4632 -1
6627 12 4632 -1
6714 92 4632 -1
6900 29 4632 -1
6907 183 4632 -1
6913 34 4666 -1
6914 52 4632 -1
6946 25 4632 -1
6991 18 4666 -1
6993 75 4632 -1
7052 114 4632 -1
7055 95 4632 -1
7057 100 4632 -1
7079 1 4666 -1
7080 58 4666 -1
7086 111 4632 -1
7092 75 4632 -1
7117 2 4632 -1
7171 6 4632 -1
7231 87 4632 -1
7236 16 4632 -1
7239 21 4632 -1
7379 7 4632 -1
7518 1 4632 -1