6 258 871 893 895 826 897 820 863 813 802 857 885 881 857 -1
8 162 868 817 882 802 864 866 881 822 844 885 878 -1
9 71 857 868 857 893 -1
11 733 817 871 863 887 895 803 805 826 806 882 839 802 825 885 822 868 857 881 844 837 864 836 853 866 878 873 893 849 857 859 -1
12 54 838 810 822 857 805 -1
15 42 893 -1
16 16 857 857 887 817 -1
20 153 838 864 861 803 853 -1
21 77 802 837 871 868 893 887 853 -1
23 48 897 881 -1
24 270 817 813 887 893 853 895 863 849 803 857 -1
25 63 857 864 -1
27 89 866 -1
28 110 864 895 859 -1
29 136 878 882 895 838 863 829 868 810 866 857 837 840 -1
35 64 853 803 -1
36 231 813 844 859 849 895 817 857 861 838 -1
37 21 881 -1
39 39 822 878 -1
41 30 857 837 887 893 -1
42 88 853 823 817 810 -1
43 4 857 -1
45 7 871 -1
46 58 857 838 844 -1
47 113 857 820 844 -1
48 17 878 817 -1
53 25 857 806 -1
57 12 817 -1
58 35 853 -1
59 94 895 861 -1
68 187 825 -1
71 68 895 -1
72 113 844 820 802 881 885 -1
74 69 864 817 806 863 895 893 803 -1
77 23 868 878 -1
78 26 857 -1
79 28 817 864 857 878 -1
80 55 857 817 -1
86 101 893 878 820 895 -1
87 164 837 -1
90 63 820 -1
94 17 859 -1
102 1 813 -1
110 59 881 859 839 868 837 882 857 844 863 897 895 -1
111 26 857 838 885 857 895 -1
113 68 868 849 859 838 -1
122 193 825 856 -1
127 83 805 849 893 -1
128 51 813 857 895 864 -1
130 12 895 -1
138 69 863 871 849 868 817 857 806 -1
139 32 822 806 802 895 -1
143 95 887 805 871 817 -1
147 50 820 -1
151 44 806 857 878 895 837 887 863 844 -1
154 53 895 857 -1
157 41 893 857 885 -1
166 77 859 838 837 897 -1
168 7 857 -1
171 56 803 887 853 -1
172 120 878 873 856 -1
173 332 887 861 873 853 895 805 820 803 817 813 871 836 857 823 -1
176 39 857 871 805 -1
177 16 820 -1
178 52 895 844 817 -1
182 59 895 878 805 -1
191 3 802 -1
192 16 857 -1
201 20 817 823 -1
215 84 836 -1
216 7 895 -1
223 17 882 -1
224 10 857 806 -1
232 19 857 857 -1
236 39 857 844 -1
241 8 802 864 -1
254 15 881 895 864 857 -1
255 87 864 878 817 -1
259 42 803 893 817 853 -1
263 21 893 -1
265 30 827 -1
266 13 836 844 -1
269 26 817 895 -1
270 14 853 -1
276 4 802 -1
280 76 817 820 813 -1
290 61 887 -1
304 64 810 820 -1
306 215 857 878 881 868 896 817 863 895 810 -1
308 144 817 853 895 813 857 878 844 838 859 861 -1
310 236 817 893 857 857 878 871 813 844 806 805 868 -1
311 312 878 826 893 871 857 861 859 887 810 805 895 844 -1
312 223 839 864 849 844 806 882 857 813 893 868 820 817 866 861 881 805 837 803 887 897 878 885 802 838 895 857 822 -1
313 41 857 871 -1
315 70 881 838 802 893 817 873 864 857 895 857 844 885 863 878 -1
317 126 863 878 849 823 857 805 887 813 820 857 844 868 864 826 853 871 895 -1
319 193 844 826 817 822 813 803 878 805 857 -1
321 22 817 895 -1
324 13 817 -1
327 7 857 -1
334 41 849 838 829 839 822 864 885 863 893 -1
335 48 839 -1
339 79 863 893 895 817 803 853 885 881 822 -1
340 30 885 -1
341 12 829 -1
346 27 853 -1
348 19 878 817 -1
351 11 893 -1
371 117 881 823 844 857 878 868 895 897 885 882 849 -1
376 36 817 -1
387 3 817 -1
407 101 844 887 -1
412 21 844 868 859 838 -1
424 6 893 857 838 -1
427 6 820 -1
429 3 837 839 -1
432 155 817 839 802 844 861 895 837 813 864 868 -1
439 8 895 -1
456 3 817 -1
457 640 856 810 826 871 857 836 861 873 -1
467 7 849 -1
469 8 893 -1
499 11 829 893 -1
501 9 817 887 -1
545 25 803 -1
553 19 893 -1
555 3 893 -1
556 117 863 895 897 803 849 853 857 878 817 893 -1
564 13 895 -1
588 23 859 -1
590 8 829 -1
592 8 863 -1
600 171 895 885 844 878 853 864 803 893 859 817 -1
601 9 803 -1
618 8 844 857 895 -1
620 10 881 882 -1
626 31 817 803 802 893 -1
633 48 893 820 817 863 857 -1
634 106 844 853 887 803 813 -1
635 52 803 863 857 -1
636 9 806 -1
637 26 857 838 863 -1
639 28 863 817 823 -1
643 44 823 866 -1
644 23 863 -1
645 17 857 863 817 857 -1
646 15 810 -1
647 29 836 857 -1
649 15 882 878 -1
650 85 853 806 817 895 868 885 859 -1
659 13 857 -1
663 133 864 871 857 878 887 844 853 822 868 817 881 -1
664 6 849 -1
674 16 857 895 878 -1
677 2 817 -1
686 57 805 853 861 803 826 -1
691 24 817 863 -1
695 87 893 813 863 -1
697 85 817 895 859 -1
704 82 873 857 857 805 859 -1
705 23 857 878 823 -1
706 56 817 803 836 -1
707 110 813 803 861 857 853 826 -1
710 88 861 857 -1
715 21 857 803 -1
722 124 813 893 825 817 844 839 895 -1
725 4 859 -1
728 4 817 -1
730 29 838 893 895 -1
732 3 857 -1
736 3 866 -1
737 120 840 -1
742 85 893 817 857 838 885 863 810 -1
749 62 878 805 817 -1
759 55 893 895 -1
762 42 896 895 881 838 -1
763 45 817 820 893 -1
766 709 856 857 857 871 878 825 817 826 -1
769 137 829 805 893 887 802 868 813 817 -1
770 3 893 897 -1
771 7 893 -1
772 3 817 -1
782 9 802 817 -1
784 205 856 810 857 -1
788 52 863 859 895 893 -1
789 209 887 857 817 844 893 857 -1
791 29 817 -1
794 9 895 -1
795 57 887 895 853 882 -1
797 4 817 868 -1
799 1 802 -1
800 2 829 802 -1
801 4 838 802 -1
802 4 829 -1
803 5 806 -1
805 82 871 825 857 813 -1
807 1 806 -1
810 19 805 817 -1
811 3 817 -1
812 3 822 817 -1
813 261 859 864 822 825 887 871 805 878 817 -1
814 2 817 893 -1
815 2 829 817 -1
816 25 817 871 829 -1
818 2 822 -1
819 1 822 -1
820 9 822 -1
821 1 822 -1
822 11 813 -1
825 139 826 -1
826 218 871 887 -1
830 2 829 -1
831 12 829 -1
832 2 878 -1
837 4 839 -1
838 34 810 866 857 882 839 864 885 844 881 878 -1
840 7 837 -1
842 27 844 853 -1
843 1 844 -1
844 35 857 805 857 -1
845 1 838 -1
847 1 838 -1
848 7 838 882 881 893 -1
851 2 857 -1
852 25 857 -1
853 14 857 868 -1
854 56 863 -1
856 30 825 -1
862 3 849 897 -1
865 45 893 895 866 897 882 -1
867 1 868 -1
869 9 882 -1
870 37 857 896 887 861 -1
871 47 857 826 805 -1
873 4 849 -1
876 1 878 -1
877 2 878 -1
879 108 825 881 810 -1
880 1 881 -1
882 7 897 -1
887 1 863 -1
888 1 863 -1
889 1 863 -1
890 1 863 -1
891 1 863 -1
892 1 893 -1
896 25 897 -1
922 147 826 887 871 861 803 -1
935 19 853 -1
941 74 861 -1
943 28 826 -1
946 85 857 887 859 -1
956 40 857 823 -1
960 17 805 -1
970 10 857 -1
971 53 805 871 857 -1
978 54 805 -1
981 16 857 -1
982 32 857 887 -1
985 5 857 -1
986 50 805 -1
988 257 856 859 -1
993 233 871 836 826 813 873 887 805 857 -1
994 42 805 -1
996 279 820 859 813 -1
1003 17 857 -1
1006 130 805 836 871 857 813 861 803 -1
1013 9 857 -1
1024 40 825 -1
1029 20 871 -1
1032 34 857 -1
1034 34 857 -1
1037 50 859 -1
1041 31 896 -1
1042 38 856 -1
1055 139 826 871 -1
1062 157 803 836 853 -1
1064 14 857 -1
1075 59 853 825 -1
1097 93 805 856 -1
1098 260 859 -1
1111 42 803 -1
1114 40 853 -1
1124 17 859 -1
1125 22 805 -1
1129 53 887 813 -1
1133 282 825 805 -1
1135 112 887 813 805 836 -1
1137 104 813 887 -1
1138 2 805 -1
1142 28 871 -1
1151 460 836 871 859 -1
1160 24 810 853 -1
1164 23 857 -1
1165 13 871 857 -1
1166 318 857 887 825 -1
1167 78 826 810 857 805 871 -1
1169 24 856 -1
1193 23 887 859 871 -1
1195 5 805 -1
1200 92 856 -1
1202 68 887 871 -1
1203 20 887 -1
1204 58 853 803 -1
1210 221 840 803 -1
1221 75 803 887 -1
1233 9 826 -1
1236 98 871 -1
1241 33 871 -1
1244 2 805 -1
1245 10 805 -1
1246 7 805 -1
1247 69 805 -1
1253 21 861 -1
1259 41 853 -1
1278 51 853 -1
1279 126 887 813 871 826 -1
1285 24 853 -1
1286 55 853 -1
1290 15 871 -1
1291 34 871 -1
1293 26 810 826 871 -1
1296 9 813 -1
1297 48 859 -1
1305 227 826 810 861 803 853 825 856 813 -1
1306 19 813 -1
1319 185 813 -1
1350 114 826 -1
1352 118 887 -1
1357 84 887 871 813 -1
1360 10 856 -1
1367 17 856 -1
1374 385 840 826 856 896 -1
1377 31 871 826 -1
1380 59 871 -1
1381 51 813 -1
1386 56 836 813 887 -1
1394 6 887 -1
1395 192 861 840 836 -1
1423 5 826 -1
1424 41 887 826 871 -1
1428 159 836 887 873 -1
1441 23 871 -1
1442 17 813 -1
1457 5 813 -1
1470 115 871 887 -1
1471 45 861 871 -1
1480 44 896 -1
1483 51 813 887 826 871 -1
1487 115 887 -1
1492 159 826 861 887 871 -1
1496 190 887 825 -1
1500 26 859 -1
1501 19 871 -1
1510 16 871 -1
1521 104 871 -1
1522 90 871 -1
1537 72 856 -1
1542 237 859 873 -1
1547 27 887 -1
1549 522 840 859 887 825 856 -1
1555 67 887 813 -1
1565 7 813 -1
1566 42 813 -1
1589 6 861 -1
1594 108 887 825 -1
1601 4 861 -1
1606 4 861 -1
1607 2 861 -1
1608 344 859 887 836 -1
1614 71 836 -1
1615 109 887 -1
1621 76 836 -1
1623 36 887 -1
1650 1 887 -1
1662 4 856 -1
1688 24 825 -1
1749 63 859 856 -1
1772 95 836 -1
1803 20 859 -1
1811 37 859 -1
1813 33 825 -1
1814 79 856 -1
1836 16 859 -1
1837 26 836 -1
1838 54 825 836 -1
1848 13 836 -1
1868 20 836 -1
1885 43 856 -1
1896 50 836 -1
1919 113 859 836 -1
1967 31 873 -1
1972 184 825 -1
1977 33 859 -1
1997 88 873 836 -1
2062 118 873 836 -1
2072 121 873 859 -1
2102 31 825 -1
2133 122 859 -1
2135 143 825 -1
2163 2 873 -1
2172 24 873 -1
2176 3 873 -1
2197 3 859 -1
2217 6 825 -1
2225 36 856 -1
2233 34 859 -1
2234 12 825 -1
2236 75 856 -1
2240 106 856 -1
2251 23 856 -1
2252 15 825 -1
2255 31 859 -1
2256 125 827 -1
2274 33 856 859 -1
2276 21 896 -1
2290 95 825 827 -1
2297 150 825 -1
2299 65 856 -1
2326 249 827 825 -1
2328 205 859 825 -1
2356 57 825 -1
2365 58 856 -1
2369 134 896 -1
2371 93 856 -1
2411 96 825 -1
2427 6 859 -1
2472 76 856 -1
2473 83 856 -1
2485 286 825 856 -1
2488 20 825 -1
2504 82 825 -1
2560 89 825 856 -1
2565 827 856 840 840 825 -1
2594 42 856 -1
2618 50 856 -1
2619 44 825 -1
2651 216 856 825 -1
2653 102 825 -1
2654 56 825 -1
2660 148 856 825 -1
2674 83 825 856 -1
2677 37 840 840 -1
2680 6 896 -1
2686 120 896 825 856 -1
2688 516 856 825 -1
2690 25 856 -1
2693 132 856 896 -1
2696 61 856 -1
2700 113 825 -1
2707 100 856 825 -1
2713 166 825 -1
2737 16 856 -1
2744 36 896 -1
2746 20 825 -1
2790 145 827 856 -1
2822 29 856 -1
2842 93 825 -1
2859 90 825 -1
2871 165 825 -1
2883 18 856 -1
2940 91 825 -1
2964 59 825 856 -1
2967 232 825 -1
2972 271 896 825 -1
2978 4 856 -1
2999 6 825 -1
3006 29 856 -1
3007 8 896 -1
3010 118 825 -1
3020 48 856 -1
3026 151 856 825 -1
3028 99 825 -1
3032 205 856 -1
3057 36 840 -1
3062 30 856 -1
3095 25 856 -1
3125 16 856 -1
3159 8 856 -1
3168 69 825 -1
3192 39 825 -1
3196 19 856 -1
3199 13 825 -1
3209 32 856 -1
3239 2 856 -1
3252 33 825 -1
3258 69 827 -1
3293 8 840 -1
3317 15 825 -1
3326 12 825 -1
3352 165 825 -1
3378 37 896 -1
3394 121 825 827 -1
3439 69 825 -1
3449 306 896 -1
3452 91 896 -1
3454 124 825 -1
3458 61 896 -1
3469 21 825 -1
3470 21 825 -1
3482 10 825 -1
3498 96 896 -1
3521 23 825 -1
3541 62 825 -1
3562 38 825 -1
3568 128 827 825 -1
3614 187 896 -1
3615 113 825 -1
3624 49 825 -1
3641 194 825 -1
3642 291 840 896 840 -1
3645 34 825 -1
3646 9 825 -1
3655 7 825 -1
3659 32 825 -1
3661 28 825 -1
3682 20 827 -1
3720 9 825 -1
3724 69 825 -1
3786 72 825 -1
3798 18 825 -1
3812 32 825 -1
3813 72 896 -1
3814 24 825 -1
3965 79 825 -1
3995 53 896 -1
4036 139 825 -1
4037 7 825 -1
4039 9 825 -1
4042 21 825 -1
4065 104 896 825 -1
4073 90 825 896 -1
4076 52 852 -1
4095 1 825 -1
4096 1 825 -1
4097 1 825 -1
4098 7 825 -1
4099 101 825 -1
4422 7 840 840 -1
4437 33 840 -1
4455 16 840 -1
4530 6 896 -1
4666 23 840 -1
4717 57 896 -1
4781 28 896 -1
4828 105 896 -1
4967 317 896 840 -1
5002 116 840 -1
5038 5 840 -1
5123 60 896 -1
5173 121 840 840 -1
5180 47 896 -1
5182 14 896 -1
5254 34 840 896 -1
5263 74 896 -1
5399 8 896 -1
5427 34 896 -1
5482 12 840 -1
5524 402 840 -1
5531 224 840 896 -1
5624 20 896 -1
5644 13 896 -1
5714 42 896 -1
5773 63 840 -1
5787 29 896 -1
5796 173 896 -1
5800 182 840 -1
5811 65 840 -1
5819 52 896 -1
5871 51 896 -1
5932 35 896 -1
5934 32 896 -1
5938 2 896 -1
5967 1 896 -1
5997 1 896 -1
5998 80 896 -1
5999 16 896 -1
6000 8 896 -1
6218 47 840 -1
6229 18 840 -1
6360 35 840 -1
6486 57 840 -1
6525 13 840 840 -1
6560 42 840 -1
6618 79 840 -1
6784 41 840 840 -1
6790 10 840 -1
6907 183 840 -1
6913 34 840 -1
6984 4 840 -1
6991 18 840 -1
7052 114 840 -1
7063 15 840 -1