11 733 2570 2544 2517 2593 2585 2587 2580 2595 2504 2506 2517 2508 2579 2535 2565 -1
14 105 2587 2595 -1
18 8 2570 -1
20 153 2517 -1
24 270 2595 2508 2504 2585 2579 2587 2560 2516 2542 -1
29 136 2565 -1
36 231 2570 2579 2594 2506 2599 -1
42 88 2504 -1
44 42 2516 2508 -1
47 113 2506 -1
59 94 2560 2550 2547 -1
67 12 2508 -1
68 187 2535 2587 2593 2597 2579 -1
71 68 2535 -1
72 113 2565 2535 -1
86 101 2570 -1
87 164 2576 2535 -1
99 15 2565 -1
109 166 2511 -1
113 68 2508 -1
122 193 2565 2517 2565 2506 2585 2516 2597 -1
136 64 2535 -1
147 50 2579 2570 2516 -1
151 44 2508 -1
161 27 2579 -1
172 120 2508 2550 2542 2576 2510 -1
173 332 2504 2516 -1
180 54 2542 2597 2517 -1
194 3 2585 -1
197 6 2595 -1
203 26 2516 2576 2595 2542 -1
215 84 2570 2504 -1
238 3 2517 -1
255 87 2595 -1
259 42 2506 2508 2542 -1
260 7 2576 -1
265 30 2593 -1
275 47 2504 2576 2508 -1
280 76 2579 2535 2570 -1
285 5 2517 -1
290 61 2579 2508 -1
291 30 2517 -1
306 215 2565 2544 2565 2510 -1
310 236 2535 2593 -1
311 312 2565 2542 2565 2570 2504 2560 2535 -1
319 193 2535 2592 -1
335 48 2592 2506 -1
351 11 2535 -1
364 11 2542 -1
383 19 2508 -1
403 18 2599 -1
406 33 2511 -1
407 101 2587 2594 2535 -1
425 49 2576 -1
432 155 2592 -1
457 640 2565 2576 2565 2535 2535 2516 2511 2576 2580 2579 2504 2517 2516 -1
534 3 2535 -1
546 107 2544 2542 -1
556 117 2542 2595 -1
583 9 2535 -1
600 171 2542 2576 2587 2593 2595 -1
634 106 2579 2542 -1
635 52 2506 -1
637 26 2517 2565 -1
650 85 2593 2587 2576 2593 -1
663 133 2535 2560 2592 -1
695 87 2585 -1
697 85 2517 -1
698 7 2508 2595 -1
704 82 2593 2593 2579 -1
708 39 2576 -1
710 88 2542 -1
722 124 2576 2587 2579 -1
759 55 2542 -1
762 42 2508 -1
763 45 2560 2542 -1
764 22 2585 2504 -1
766 709 2510 2507 2565 2550 2594 2565 2511 2516 2565 2547 2506 2560 2593 2592 2516 2597 2542 2576 2579 2517 2544 2535 2576 2599 -1
769 137 2542 2506 -1
784 205 2535 2565 2576 2565 2597 2579 2580 2594 -1
789 209 2516 2507 2592 -1
791 29 2535 -1
813 261 2565 2597 2595 2506 2560 2544 2510 2579 2593 2542 -1
825 139 2585 2508 2576 2516 2516 -1
826 218 2594 2504 2580 2593 2570 2550 2542 2593 2576 -1
841 22 2599 2516 -1
854 56 2565 -1
856 30 2542 2594 2535 -1
865 45 2542 2535 -1
879 108 2508 2517 2585 2565 -1
898 7 2511 -1
928 13 2508 -1
946 85 2593 2508 2510 2504 -1
947 21 2594 -1
948 26 2516 -1
956 40 2504 2508 2535 -1
960 17 2542 2504 -1
986 50 2594 -1
988 257 2535 2594 2544 2597 2542 2510 2565 2576 2593 2585 2587 2550 2565 2517 2565 2595 -1
993 233 2570 2580 2504 -1
996 279 2510 2579 2517 2516 2550 2542 2570 2580 2587 2593 -1
1000 34 2579 2593 -1
1003 17 2504 -1
1006 130 2580 2579 -1
1009 43 2597 -1
1012 2 2571 -1
1024 40 2506 -1
1031 16 2585 2550 -1
1034 34 2508 -1
1035 10 2547 -1
1037 50 2535 2506 -1
1041 31 2510 2535 2516 -1
1042 38 2504 -1
1051 48 2579 -1
1055 139 2535 2565 2504 2580 -1
1062 157 2594 2510 2587 2579 2593 -1
1075 59 2593 2595 -1
1095 10 2504 -1
1097 93 2594 2570 2576 2516 2576 -1
1098 260 2593 2565 2570 2594 2585 2579 2576 2560 2504 2565 2542 -1
1102 13 2570 -1
1103 6 2504 2570 -1
1124 17 2579 -1
1125 22 2504 -1
1127 58 2516 -1
1133 282 2517 2599 2506 2507 2576 -1
1135 112 2504 2593 2547 2587 -1
1137 104 2594 2593 2510 -1
1142 28 2510 -1
1143 15 2599 -1
1150 8 2594 -1
1151 460 2506 2542 2570 2587 2592 2576 2507 2579 2504 2510 2516 2593 2594 2547 -1
1164 23 2535 -1
1166 318 2508 2510 2516 2593 2535 2565 2516 2535 2597 2565 2575 2542 2550 -1
1167 78 2585 -1
1169 24 2508 2594 -1
1179 8 2508 -1
1184 57 2504 2599 -1
1198 2 2565 -1
1200 92 2550 2599 2593 -1
1202 68 2504 -1
1210 221 2516 2508 2593 2565 2570 2587 2510 2535 2579 2504 -1
1211 66 2508 -1
1215 40 2504 2593 2594 -1
1221 75 2585 2579 -1
1236 98 2560 2593 2585 2594 2504 -1
1241 33 2594 2510 -1
1247 69 2570 -1
1259 41 2565 2587 2542 -1
1267 61 2570 2504 2579 2560 -1
1279 126 2535 2587 2504 -1
1286 55 2547 -1
1291 34 2594 -1
1297 48 2535 2517 -1
1305 227 2547 2593 2576 2594 2560 2510 2599 2550 2542 2544 2597 -1
1319 185 2593 2506 2593 2565 2542 -1
1320 6 2508 -1
1335 39 2504 -1
1353 24 2542 2595 -1
1357 84 2560 2593 -1
1367 17 2565 2576 -1
1374 385 2576 2516 2560 2585 2516 2593 2565 2547 2593 -1
1380 59 2517 -1
1381 51 2560 -1
1384 20 2542 -1
1390 28 2599 -1
1395 192 2579 2576 2560 2547 -1
1428 159 2510 2506 2593 2550 -1
1462 30 2544 -1
1463 22 2585 2542 -1
1465 8 2508 2542 -1
1467 8 2516 -1
1470 115 2592 2535 2579 2576 -1
1473 70 2504 2560 -1
1487 115 2594 2576 2593 2565 -1
1489 41 2516 -1
1492 159 2504 2593 2595 2585 -1
1496 190 2510 2594 2593 2579 2597 2595 2504 2585 2506 -1
1500 26 2508 -1
1501 19 2550 -1
1506 34 2504 -1
1521 104 2547 2510 2506 2594 -1
1522 90 2599 2510 2595 2508 2550 2570 2585 -1
1537 72 2508 2593 2560 -1
1538 75 2594 2510 -1
1542 237 2507 2595 2516 2516 -1
1547 27 2593 2593 -1
1549 522 2560 2593 2516 2580 2599 2565 2550 2594 2542 2506 2576 2516 2508 2575 2504 2565 2579 2510 2507 2547 2587 2544 2585 2597 2593 -1
1550 20 2516 -1
1552 50 2535 2593 2504 2579 2594 -1
1553 10 2504 -1
1564 27 2594 -1
1566 42 2593 2593 -1
1583 78 2594 2560 2550 2565 2599 -1
1585 80 2508 2560 2542 -1
1594 108 2504 -1
1596 31 2565 2565 -1
1603 8 2579 -1
1608 344 2560 2593 2508 2585 2593 2565 2504 2587 2579 2580 2594 2565 2517 2550 2576 -1
1614 71 2547 -1
1621 76 2565 2593 -1
1622 39 2594 2506 2508 -1
1623 36 2593 -1
1664 3 2535 -1
1667 32 2516 2587 -1
1674 7 2587 -1
1681 2 2506 -1
1691 47 2593 -1
1697 42 2508 2516 -1
1700 48 2579 -1
1701 98 2585 2594 2595 -1
1705 44 2599 2547 2560 -1
1707 29 2594 2570 -1
1714 4 2504 -1
1717 98 2575 2535 2570 2593 2508 -1
1729 15 2580 -1
1730 29 2579 -1
1732 16 2594 -1
1733 40 2516 -1
1734 47 2595 2508 2593 -1
1744 5 2508 -1
1748 37 2506 -1
1749 63 2594 2576 -1
1756 82 2579 2517 2547 2560 -1
1767 75 2585 -1
1769 64 2593 2560 2516 2504 2517 2535 2587 2547 2580 2593 -1
1772 95 2504 -1
1781 6 2507 -1
1783 58 2585 2594 2510 -1
1794 25 2580 -1
1795 41 2542 2510 -1
1799 42 2535 2576 2516 -1
1808 103 2547 2576 2560 2595 2517 2510 2579 2587 2542 2599 -1
1813 33 2535 -1
1814 79 2594 2547 2550 2593 2560 -1
1820 90 2510 2508 2594 2593 2599 2585 -1
1823 45 2565 2511 2565 -1
1835 55 2576 2547 2508 2587 2506 2504 2542 2560 -1
1837 26 2593 -1
1847 46 2510 -1
1875 26 2565 -1
1885 43 2535 2593 2593 2587 -1
1891 23 2504 -1
1896 50 2516 2576 -1
1919 113 2593 -1
1922 126 2593 2587 2542 2576 2585 2599 2547 2544 2593 2594 -1
1935 5 2565 -1
1951 26 2565 -1
1964 10 2511 -1
1966 17 2508 -1
1967 31 2595 2597 -1
1972 184 2585 2560 2506 2535 2550 2508 2542 2595 2544 2510 2597 2594 2576 -1
1977 33 2593 -1
1980 44 2565 2547 2560 2504 2587 -1
1985 57 2516 -1
1986 13 2504 -1
1990 29 2565 -1
1991 66 2599 2547 2593 -1
1992 16 2504 2594 -1
1997 88 2593 2579 2504 2587 -1
2003 42 2508 -1
2009 46 2599 2504 2516 -1
2033 13 2542 -1
2041 5 2595 -1
2052 13 2570 -1
2062 118 2593 2594 -1
2063 16 2593 -1
2065 45 2508 2542 -1
2069 17 2587 2593 2580 2570 2571 -1
2072 121 2517 2593 2599 2571 2560 -1
2085 28 2593 2504 2579 -1
2093 52 2547 2579 2593 2587 2560 2593 -1
2095 6 2504 -1
2099 21 2504 -1
2102 31 2565 2542 2594 2565 2535 2576 -1
2109 27 2508 -1
2114 31 2593 2585 -1
2115 12 2576 -1
2116 14 2579 2504 -1
2117 18 2504 2517 -1
2118 114 2585 2579 2587 2580 2511 2550 2594 -1
2120 56 2594 2504 2517 2579 -1
2129 42 2565 -1
2133 122 2580 2587 2593 2560 2504 2579 2599 2547 2570 -1
2135 143 2517 2508 2535 2516 2516 2560 2594 -1
2145 134 2565 2535 2565 2504 2535 2516 2594 2516 2565 -1
2153 4 2594 -1
2160 11 2508 -1
2169 32 2580 -1
2170 2 2544 -1
2172 24 2535 2570 -1
2174 49 2504 2585 2594 2570 2576 -1
2186 57 2599 2547 -1
2200 2 2504 -1
2206 4 2504 -1
2209 25 2542 2594 2504 -1
2210 16 2544 -1
2223 13 2547 -1
2226 23 2504 -1
2230 38 2585 2594 2504 -1
2231 26 2579 2594 2587 2504 -1
2233 34 2504 2587 2593 2575 -1
2236 75 2593 2550 -1
2237 254 2595 2585 2594 2565 2510 2576 2565 2550 2593 2544 2576 2592 2535 2517 -1
2240 106 2535 2504 2535 2575 2594 -1
2241 14 2587 2504 -1
2246 7 2535 -1
2252 15 2585 -1
2254 6 2504 -1
2255 31 2560 -1
2256 125 2516 2517 2594 2579 2504 2587 2599 2544 2547 2560 2535 -1
2257 47 2544 2576 2576 2593 -1
2258 90 2508 2565 2576 2565 2511 -1
2272 31 2593 2576 -1
2274 33 2579 2580 -1
2285 16 2592 -1
2287 4 2504 -1
2289 13 2504 -1
2290 95 2595 2597 2565 2510 2535 -1
2297 150 2547 2506 2504 2535 2570 2594 2510 2542 2508 -1
2298 26 2547 2560 2504 -1
2299 65 2547 2560 2585 2565 -1
2306 4 2504 -1
2307 4 2585 -1
2322 15 2504 -1
2323 54 2594 2585 2576 2580 -1
2326 249 2565 2506 2576 2510 2595 2544 2516 2535 2594 2597 2565 2565 2508 2585 2542 2592 -1
2328 205 2510 2504 2544 2535 2585 2599 2508 2506 2593 2595 2565 2597 2587 2579 2547 2570 -1
2332 20 2594 -1
2338 5 2508 2504 -1
2340 4 2593 -1
2356 57 2544 2565 2565 2594 2595 2510 2585 -1
2365 58 2593 2510 2594 2599 -1
2367 8 2593 2587 2579 -1
2368 17 2565 2594 2599 2560 2508 -1
2371 93 2593 2560 2565 2579 2587 2550 2547 2504 -1
2375 32 2504 2579 2599 -1
2376 22 2594 -1
2378 4 2504 2571 -1
2379 46 2565 2516 -1
2381 37 2508 2535 2516 -1
2384 65 2511 2516 2565 -1
2390 2 2506 -1
2398 56 2585 2506 2597 2504 2516 -1
2403 2 2542 -1
2410 27 2507 2576 -1
2411 96 2560 2535 2585 2510 2576 2595 2544 -1
2412 3 2504 -1
2416 22 2580 -1
2435 29 2594 2587 -1
2456 31 2504 -1
2472 76 2550 2560 2593 2547 2593 2599 -1
2473 83 2593 2547 2560 2599 -1
2474 101 2594 2576 2593 2576 2547 2599 2550 2506 -1
2476 35 2593 2550 -1
2482 3 2570 -1
2485 286 2565 2547 2550 2565 2560 2597 2594 2595 2565 2593 2576 2576 2506 2508 2511 2510 2585 2542 -1
2497 37 2501 2510 2593 2594 -1
2498 1 2504 -1
2502 22 2506 2576 2542 2576 -1
2504 82 2542 2576 2585 2508 2576 2547 2544 -1
2507 64 2594 2576 2510 2593 2504 -1
2508 13 2542 -1
2510 69 2587 2510 2594 2542 2565 2504 2593 -1
2512 1 2517 -1
2513 1 2517 -1
2514 1 2517 -1
2515 1 2517 -1
2516 36 2576 2579 2587 2517 -1
2518 4 2510 -1
2524 4 2508 -1
2541 27 2504 -1
2542 73 2504 2508 2597 2599 -1
2543 1 2504 -1
2545 7 2508 2504 -1
2546 28 2570 2542 2579 2504 -1
2547 64 2560 2576 2504 -1
2548 12 2504 2585 -1
2549 63 2510 2565 2585 2504 2576 2593 -1
2550 16 2579 2504 -1
2551 2 2504 -1
2557 77 2599 2547 2560 -1
2559 54 2508 2565 2510 -1
2560 89 2565 2593 2508 2560 2595 -1
2564 49 2508 2576 -1
2565 827 2597 2501 2535 2592 2585 2547 2511 2593 2560 2550 2508 2506 2510 2542 2576 2594 2517 2516 2599 2544 2576 2595 -1
2566 6 2535 -1
2569 5 2570 -1
2572 7 2579 2587 2575 -1
2573 1 2575 -1
2574 2 2575 -1
2576 138 2592 2507 2542 2594 2579 -1
2577 2 2579 2580 -1
2578 13 2579 2587 -1
2581 1 2587 -1
2582 1 2587 -1
2583 2 2587 -1
2584 1 2587 -1
2585 46 2594 2587 2544 -1
2586 2 2587 -1
2587 12 2576 -1
2594 42 2544 2576 2585 2576 -1
2595 42 2560 2585 2516 -1
2596 13 2593 -1
2598 5 2593 -1
2605 58 2576 2516 2594 2547 2542 -1
2608 14 2560 -1
2611 8 2535 -1
2612 29 2594 2565 2516 2516 2565 2593 -1
2613 17 2535 -1
2617 22 2535 -1
2618 50 2585 2510 2594 -1
2619 44 2560 2535 2547 2585 -1
2620 26 2594 2576 2550 -1
2623 47 2597 2535 2585 2565 -1
2630 2 2593 -1
2631 2 2593 2593 -1
2646 30 2560 2593 2547 -1
2651 216 2535 2594 2506 2544 2576 2517 2597 2510 2542 2585 2565 -1
2653 102 2585 2594 2544 2565 2535 2576 2565 -1
2654 56 2576 2550 2510 2585 2535 -1
2655 30 2560 -1
2657 35 2576 2576 -1
2658 231 2592 2517 2565 -1
2660 148 2576 2594 2510 2593 2550 2516 2506 2592 2597 2542 -1
2667 93 2507 -1
2674 83 2550 2542 2560 2576 2597 2576 2535 -1
2677 37 2565 -1
2686 120 2576 2550 2594 2542 2585 2510 2565 2565 -1
2688 516 2565 2516 2516 2576 2507 2593 2535 2592 2542 2516 2565 2585 2565 2595 2594 2550 2576 2597 2510 2544 -1
2690 25 2550 2593 -1
2691 39 2565 2565 2576 2508 2576 -1
2692 18 2576 -1
2693 132 2594 2585 2542 2510 2516 2597 2550 2576 2576 -1
2694 17 2592 -1
2696 61 2576 -1
2697 45 2535 2565 2585 2565 -1
2700 113 2542 2594 2510 2597 2506 2585 2595 2535 -1
2701 12 2542 2576 2594 -1
2702 39 2592 -1
2703 42 2594 2576 2542 -1
2704 40 2516 2516 2576 2585 -1
2706 13 2597 2565 -1
2707 100 2594 2593 2565 2535 2516 -1
2713 166 2510 2595 2565 2565 2576 2535 2565 2597 2594 2506 2542 2544 2585 -1
2719 20 2594 2544 -1
2727 35 2593 2510 2585 -1
2740 28 2560 -1
2744 36 2535 -1
2746 20 2595 2585 2594 -1
2747 65 2510 2565 2565 2585 -1
2760 20 2516 -1
2765 30 2544 2511 -1
2768 29 2547 2560 2542 2599 -1
2774 45 2535 2506 -1
2775 36 2576 -1
2780 3 2560 -1
2787 5 2517 -1
2790 145 2576 2516 2593 2542 2585 2535 2510 -1
2791 15 2547 -1
2792 17 2599 -1
2793 6 2576 -1
2799 6 2565 -1
2807 4 2535 -1
2830 7 2560 2547 -1
2831 39 2594 -1
2838 20 2535 2585 2593 -1
2840 11 2599 -1
2842 93 2542 2597 2510 2594 2508 -1
2851 45 2506 2508 2535 -1
2859 90 2506 2565 2542 2585 -1
2860 5 2542 -1
2865 2 2599 -1
2871 165 2560 2585 2516 2595 2544 2592 2506 -1
2872 54 2535 -1
2900 28 2594 2593 -1
2904 16 2593 2565 -1
2908 11 2542 2535 -1
2909 51 2516 2535 -1
2912 26 2576 2593 -1
2923 33 2585 2535 -1
2925 18 2547 -1
2932 50 2547 2594 2565 2565 2565 -1
2935 30 2517 -1
2940 91 2593 2565 2510 2576 2594 -1
2941 6 2535 -1
2947 10 2547 -1
2948 23 2593 2547 2550 -1
2949 1 2547 -1
2950 11 2547 2560 -1
2951 14 2547 2576 -1
2958 48 2585 2510 2594 -1
2964 59 2595 -1
2967 232 2516 2595 2576 2565 2506 2517 2565 2597 -1
2968 37 2542 -1
2972 271 2511 2576 2507 2565 2592 2517 -1
2974 15 2565 -1
2980 1 2560 -1
2988 56 2565 2565 2592 -1
2989 10 2565 -1
3001 5 2542 -1
3005 27 2585 2594 2576 -1
3006 29 2594 -1
3009 38 2508 2585 2565 2576 -1
3010 118 2597 2510 2544 2565 -1
3018 18 2565 -1
3020 48 2576 2594 2593 -1
3024 47 2585 2510 2594 2542 -1
3026 151 2516 2535 2565 2565 2550 2510 2592 2544 2565 2595 -1
3027 31 2576 -1
3028 99 2510 2550 2576 2585 -1
3031 42 2565 2594 2576 2542 -1
3032 205 2594 2565 2508 2550 2565 2592 2516 2576 2576 2585 2516 -1
3033 38 2593 2550 -1
3039 14 2594 2585 -1
3041 14 2594 2576 2542 -1
3055 42 2585 -1
3056 34 2593 2594 -1
3057 36 2516 -1
3059 34 2506 2593 -1
3062 30 2593 -1
3072 24 2550 2597 -1
3073 33 2506 2594 2510 -1
3081 14 2593 2594 -1
3083 2 2593 -1
3084 52 2585 2593 -1
3088 24 2508 2506 -1
3092 52 2576 -1
3096 3 2542 -1
3107 10 2535 -1
3110 19 2594 -1
3125 16 2594 2576 -1
3127 12 2585 2576 -1
3142 41 2592 -1
3144 66 2508 2594 2510 2535 -1
3147 6 2585 -1
3165 1 2550 -1
3166 1 2550 -1
3167 1 2550 -1
3168 69 2576 2508 -1
3175 34 2595 2508 2565 -1
3180 23 2542 2510 -1
3192 39 2510 2594 2585 -1
3196 19 2585 -1
3200 8 2565 -1
3202 6 2576 -1
3209 32 2576 -1
3238 22 2516 2511 -1
3242 4 2576 -1
3252 33 2595 2594 2542 2585 2510 -1
3256 20 2594 -1
3258 69 2516 2565 2535 2516 2565 -1
3260 8 2594 2576 -1
3274 60 2576 2516 -1
3275 10 2594 -1
3276 60 2510 2595 2565 -1
3290 29 2585 2594 2595 2510 2597 -1
3291 56 2565 2517 2595 -1
3296 2 2576 -1
3300 5 2594 -1
3304 31 2542 2565 -1
3315 13 2585 -1
3317 15 2535 2508 -1
3339 1 2594 -1
3340 3 2594 -1
3341 1 2594 -1
3342 1 2594 -1
3343 10 2510 2594 2585 -1
3344 1 2594 -1
3345 36 2542 -1
3349 9 2597 -1
3350 55 2585 -1
3352 165 2592 2516 2595 2510 2535 2576 2565 2544 -1
3353 1 2565 -1
3354 5 2565 -1
3366 31 2576 2507 -1
3375 36 2542 2544 2510 2585 -1
3379 19 2597 2576 -1
3380 33 2576 2585 2510 -1
3381 177 2511 2542 -1
3388 11 2565 -1
3390 47 2516 2576 2576 -1
3391 4 2508 -1
3392 26 2510 2544 2576 2585 -1
3394 121 2565 2565 2585 2576 2510 -1
3402 88 2595 2516 -1
3404 73 2585 -1
3417 31 2597 2565 -1
3436 1 2576 -1
3437 1 2576 -1
3438 1 2576 -1
3439 69 2510 2597 2576 2585 -1
3443 13 2565 2508 -1
3445 15 2576 -1
3447 214 2592 2576 -1
3449 306 2576 2516 2516 2592 2507 2517 -1
3451 49 2506 2565 -1
3452 91 2516 2516 2535 -1
3453 241 2592 2516 2565 2576 2565 -1
3454 124 2535 2506 2565 -1
3455 59 2516 2517 -1
3456 250 2516 2592 2565 2516 2576 -1
3457 97 2565 2565 2565 2565 -1
3458 61 2510 2508 -1
3459 73 2516 -1
3463 54 2592 -1
3466 12 2535 -1
3469 21 2535 -1
3470 21 2597 -1
3477 45 2565 2595 2510 2585 2535 2597 2508 -1
3478 42 2511 -1
3479 83 2516 2516 -1
3480 12 2506 -1
3482 10 2506 -1
3488 14 2506 -1
3496 7 2542 -1
3498 96 2516 2516 -1
3508 7 2535 -1
3512 8 2510 -1
3519 49 2595 2585 2516 2565 2576 -1
3521 23 2535 -1
3522 53 2565 -1
3523 15 2510 -1
3525 13 2510 -1
3527 47 2508 2585 2544 -1
3528 7 2565 -1
3539 2 2508 -1
3541 62 2508 2544 2585 2595 2506 2565 -1
3553 5 2597 -1
3560 12 2597 2565 -1
3562 38 2585 2506 -1
3567 17 2595 2565 -1
3568 128 2516 2506 2576 2585 -1
3589 5 2510 -1
3591 12 2517 -1
3597 11 2565 -1
3607 24 2516 2516 2535 -1
3611 19 2510 -1
3614 187 2507 2508 2535 2516 2592 2576 -1
3615 113 2535 2508 2544 2516 2535 2595 2592 -1
3622 22 2585 2544 2510 -1
3624 49 2544 2595 2516 -1
3630 30 2585 -1
3631 70 2535 2517 -1
3633 26 2565 2585 -1
3635 33 2535 2595 -1
3636 11 2576 2508 -1
3637 4 2592 -1
3641 194 2544 2565 2576 2565 2516 2507 -1
3642 291 2576 2507 -1
3647 13 2585 -1
3658 38 2510 2585 -1
3659 32 2544 2585 -1
3660 67 2565 2544 2508 2535 2516 -1
3665 13 2535 -1
3666 125 2535 2517 2506 2544 -1
3673 5 2510 -1
3678 13 2565 -1
3709 7 2585 -1
3723 7 2508 -1
3724 69 2544 2595 2565 2585 2565 -1
3728 71 2516 2516 2516 2508 2506 -1
3748 26 2516 -1
3754 6 2565 -1
3761 2 2535 -1
3785 15 2565 -1
3786 72 2535 2576 -1
3787 233 2516 2565 2517 2506 2565 2516 -1
3792 19 2516 -1
3794 44 2592 2565 -1
3796 107 2576 2592 2516 2516 -1
3798 18 2535 -1
3799 6 2585 -1
3804 4 2506 -1
3806 31 2565 -1
3812 32 2506 2595 -1
3813 72 2516 2565 2516 -1
3814 24 2506 -1
3815 14 2506 -1
3830 18 2516 -1
3839 5 2544 -1
3842 12 2508 -1
3850 2 2565 -1
3851 2 2565 -1
3854 79 2516 2516 -1
3897 7 2565 -1
3904 1 2544 -1
3905 2 2544 -1
3906 1 2544 -1
3907 1 2544 -1
3910 14 2535 -1
3912 15 2585 2508 -1
3916 25 2585 -1
3917 23 2585 -1
3918 4 2585 -1
3919 14 2585 -1
3920 6 2585 -1
3927 1 2508 -1
3928 2 2508 -1
3929 2 2508 -1
3930 5 2508 -1
3931 1 2508 -1
3932 4 2508 -1
3949 26 2595 2506 -1
3956 55 2576 -1
3960 11 2516 -1
3961 16 2535 2595 -1
3965 79 2576 2535 -1
3976 43 2535 -1
3979 3 2535 -1
3981 1 2535 -1
3982 17 2535 -1
3983 4 2535 -1
3984 2 2535 -1
3985 26 2511 2535 -1
3986 1 2535 -1
3995 53 2516 2535 -1
3999 2 2595 -1
4005 1 2595 -1
4036 139 2516 2576 2506 2516 -1
4040 71 2576 2506 -1
4045 244 2565 2592 2507 2511 2517 2516 -1
4046 40 2511 -1
4053 2 2506 -1
4055 3 2506 -1
4056 20 2506 -1
4057 1 2506 -1
4065 104 2565 -1
4070 56 2576 -1
4073 90 2535 2516 2592 -1
4074 33 2565 -1
4077 63 2592 2517 2565 -1
4099 101 2592 2516 2535 2516 -1
4124 27 2565 -1
4138 59 2565 2516 -1
4142 30 2517 2565 -1
4151 79 2592 2516 2516 -1
4152 34 2565 2592 -1
4187 8 2576 -1
4212 30 2516 -1
4219 101 2517 2592 2516 -1
4221 41 2535 -1
4245 1 2516 -1
4276 47 2592 2507 2516 -1
4295 16 2565 -1
4310 225 2507 2516 2576 -1
4324 8 2565 -1
4325 2 2565 -1
4326 5 2565 -1
4327 2 2565 -1
4328 1 2565 -1
4329 9 2565 2516 -1
4342 8 2592 -1
4353 69 2516 -1
4363 13 2516 -1
4379 5 2516 -1
4406 1 2535 -1
4429 9 2517 -1
4441 186 2592 2517 -1
4443 4 2516 -1
4483 137 2592 -1
4488 35 2535 -1
4489 11 2535 -1
4534 16 2516 -1
4550 81 2516 -1
4557 15 2507 -1
4564 30 2535 -1
4574 37 2516 -1
4587 25 2535 2592 -1
4632 202 2535 -1
4633 11 2517 -1
4647 9 2565 -1
4653 80 2592 2516 2516 -1
4661 19 2517 -1
4662 44 2576 -1
4673 68 2535 -1
4686 40 2516 2516 -1
4712 91 2535 -1
4717 57 2516 -1
4725 33 2592 -1
4733 4 2517 -1
4756 32 2576 -1
4767 10 2535 -1
4781 28 2516 -1
4795 66 2511 -1
4818 15 2516 -1
4824 88 2516 2576 -1
4828 105 2565 2516 -1
4846 24 2592 -1
4859 29 2516 -1
4879 20 2565 -1
4899 160 2516 2592 2576 -1
4929 4 2516 -1
4948 194 2576 2592 -1
4964 51 2516 -1
4966 25 2576 -1
4967 317 2516 2507 2565 2511 2576 2592 -1
4974 41 2576 -1
4980 12 2516 -1
4982 27 2516 -1
4988 22 2516 2516 2592 -1
5002 116 2565 2511 2565 -1
5006 16 2516 -1
5008 23 2516 -1
5009 14 2592 -1
5020 45 2516 -1
5022 173 2535 -1
5053 53 2511 -1
5079 240 2535 2516 2576 -1
5109 1 2516 -1
5110 84 2516 2592 -1
5119 18 2592 -1
5123 60 2535 -1
5140 50 2592 -1
5142 4 2592 -1
5150 14 2576 -1
5173 121 2565 2565 -1
5175 20 2576 2516 -1
5176 100 2576 2507 2516 -1
5179 212 2576 2535 2565 -1
5180 47 2576 2507 -1
5181 29 2516 -1
5184 64 2576 2516 -1
5185 120 2535 -1
5188 211 2511 2535 2516 -1
5189 237 2516 2576 2535 -1
5190 56 2576 2516 -1
5199 19 2535 -1
5207 9 2592 -1
5263 74 2576 2507 2516 -1
5285 20 2516 -1
5312 9 2516 -1
5391 14 2516 -1
5404 13 2535 -1
5437 24 2507 -1
5445 39 2507 -1
5487 23 2535 -1
5524 402 2565 2565 -1
5531 224 2565 -1
5532 16 2535 -1
5543 128 2535 2565 2507 2511 -1
5606 23 2576 -1
5608 14 2535 2516 -1
5612 38 2535 -1
5624 20 2507 -1
5630 31 2516 -1
5644 13 2516 -1
5655 48 2511 -1
5696 49 2535 -1
5697 219 2507 2565 -1
5714 42 2576 -1
5717 1 2576 -1
5739 37 2507 -1
5773 63 2511 2565 -1
5796 173 2535 2565 -1
5800 182 2565 2565 2589 -1
5802 248 2511 -1
5810 26 2535 -1
5812 42 2535 -1
5814 106 2535 -1
5817 30 2535 2511 -1
5819 52 2507 -1
5821 18 2565 -1
5934 32 2535 -1
5998 80 2511 2565 -1
6006 47 2535 -1
6201 1 2535 -1
6286 3 2535 -1
6299 70 2535 2565 -1
6305 147 2511 -1
6355 1 2535 -1
6356 2 2535 -1
6461 5 2565 -1
6486 57 2511 -1
6555 33 2589 -1
6563 54 2565 2565 -1
6615 119 2511 2565 -1
6618 79 2565 -1
6619 77 2511 -1
6620 91 2511 2565 -1
6624 122 2511 -1
6714 92 2565 2565 -1
6790 10 2565 -1
6855 14 2565 -1
6902 20 2511 -1
6906 49 2511 -1
6907 183 2511 -1
6913 34 2511 -1
6976 37 2511 -1
6991 18 2565 -1
7052 114 2565 -1
7057 100 2565 -1
7063 15 2565 -1
7080 58 2511 -1
7126 2 2511 -1
7142 4 2511 -1
7172 2 2511 -1
7173 2 2511 -1
7231 87 2565 -1
7378 40 2565 -1