29 136 6503 -1
68 187 6599 6505 -1
72 113 6566 -1
99 15 6560 -1
103 55 6589 -1
109 166 6528 6523 6505 6596 6567 6523 6576 6555 6552 -1
113 68 6555 -1
136 64 6505 -1
310 236 6505 -1
311 312 6595 -1
319 193 6505 6570 -1
336 28 6595 -1
406 33 6555 -1
425 49 6599 -1
457 640 6528 6576 6554 6589 6505 6552 6594 6595 -1
545 25 6560 -1
546 107 6523 6576 -1
643 44 6589 -1
737 120 6595 6576 -1
766 709 6595 6505 6528 6576 6594 6570 6554 6501 6555 6589 6566 -1
789 209 6505 -1
791 29 6566 -1
825 139 6590 -1
996 279 6566 6599 -1
1042 38 6560 6595 -1
1055 139 6599 6523 -1
1064 14 6589 -1
1074 75 6528 6570 6505 6599 6554 6595 6501 -1
1098 260 6555 -1
1151 460 6555 6589 6560 6552 6528 6594 -1
1166 318 6589 6505 6599 6570 -1
1210 221 6560 -1
1374 385 6555 6555 6523 6560 -1
1470 115 6552 -1
1507 2 6576 -1
1542 237 6528 6576 6505 6570 6555 6589 6595 6594 -1
1548 2 6555 -1
1644 46 6599 -1
1691 47 6555 -1
1717 98 6599 -1
1734 47 6553 -1
1762 37 6560 -1
1783 58 6553 -1
1796 38 6560 6505 6552 6560 -1
1799 42 6595 6555 -1
1847 46 6566 6552 -1
1951 26 6505 -1
1972 184 6594 6552 6589 6501 -1
1990 29 6570 6599 6501 6552 -1
2145 134 6554 -1
2240 106 6567 6576 -1
2249 38 6599 6503 -1
2258 90 6595 -1
2264 51 6554 6594 -1
2297 150 6566 -1
2328 205 6576 -1
2369 134 6576 6566 -1
2452 29 6555 -1
2456 31 6570 6576 6589 -1
2493 5 6505 -1
2516 36 6589 -1
2547 64 6566 -1
2560 89 6523 6560 -1
2565 827 6560 6555 6523 6523 6503 6560 -1
2576 138 6523 6552 -1
2605 58 6501 6552 -1
2620 26 6555 6560 6560 -1
2623 47 6523 -1
2646 30 6599 -1
2658 231 6555 6523 6596 -1
2660 148 6594 6553 -1
2674 83 6599 6501 -1
2688 516 6501 6505 6595 6599 6576 6589 -1
2693 132 6595 6566 -1
2855 13 6594 6552 -1
2909 51 6594 -1
2940 91 6505 6595 -1
2972 271 6570 6528 6505 6566 6576 6554 6503 6594 6589 6501 -1
2981 36 6555 -1
3000 31 6599 -1
3015 30 6594 -1
3024 47 6599 -1
3027 31 6576 6554 -1
3032 205 6501 6566 6599 -1
3056 34 6595 -1
3084 52 6560 -1
3274 60 6560 -1
3310 18 6560 6523 6523 6560 -1
3345 36 6570 6528 -1
3381 177 6599 6501 6566 6594 6595 -1
3404 73 6555 -1
3439 69 6501 -1
3447 214 6576 6555 6505 6501 -1
3449 306 6576 -1
3453 241 6528 6554 6505 -1
3456 250 6560 6560 6523 6523 6595 -1
3457 97 6505 -1
3459 73 6576 -1
3462 36 6501 -1
3522 53 6553 -1
3527 47 6560 -1
3585 2 6505 -1
3586 135 6501 6555 6505 -1
3641 194 6560 -1
3642 291 6505 6595 6552 6503 6501 6576 6554 6589 6523 6566 6594 6528 6570 6523 -1
3709 7 6595 -1
3786 72 6567 -1
3787 233 6560 -1
3806 31 6566 -1
3835 26 6532 -1
3916 25 6555 -1
3956 55 6570 6505 -1
3958 16 6554 -1
3960 11 6560 -1
3965 79 6552 6566 -1
3985 26 6553 -1
3995 53 6576 -1
4036 139 6566 -1
4045 244 6570 6594 6589 6505 6528 6576 6566 6554 6552 6501 -1
4046 40 6596 -1
4065 104 6560 6528 -1
4073 90 6570 6505 -1
4099 101 6505 6566 -1
4310 225 6570 6576 6523 6555 6505 -1
4314 3 6594 -1
4441 186 6523 6576 6555 6505 6528 6570 6554 -1
4483 137 6555 6505 6596 -1
4550 81 6523 -1
4587 25 6566 -1
4598 34 6523 6599 -1
4632 202 6599 6555 6595 6589 6523 -1
4653 80 6505 -1
4661 19 6555 -1
4673 68 6570 6595 6589 6576 6505 6594 6552 6554 6528 6501 -1
4712 91 6501 6566 -1
4717 57 6555 6576 6560 -1
4725 33 6503 -1
4748 19 6594 6599 -1
4756 32 6560 -1
4764 52 6560 -1
4767 10 6566 -1
4813 45 6589 6505 6576 -1
4814 16 6503 -1
4828 105 6503 6567 -1
4833 6 6595 -1
4899 160 6554 -1
4915 5 6503 -1
4948 194 6555 -1
4960 8 6505 -1
4967 317 6528 6552 6554 6505 6599 6589 6501 6594 6570 6523 6595 -1
4976 20 6505 -1
4981 49 6555 -1
5002 116 6501 6594 6555 6552 -1
5022 173 6595 6552 6576 6599 6566 6594 6523 6553 6511 6528 6501 6554 6555 -1
5079 240 6552 6555 6523 6576 6566 6594 6560 6505 -1
5102 48 6552 -1
5103 118 6599 6501 6503 6566 6555 6554 -1
5121 9 6599 -1
5123 60 6566 -1
5125 16 6528 -1
5140 50 6552 6570 6594 6589 6554 6599 6576 6566 6528 6505 -1
5166 41 6555 -1
5171 40 6576 -1
5173 121 6560 6560 6523 6555 -1
5177 92 6576 6505 6560 6528 6523 -1
5179 212 6560 6560 6523 6560 6599 -1
5181 29 6566 -1
5185 120 6595 6501 6505 -1
5188 211 6589 6560 6570 6528 6555 6554 6566 6552 6594 6501 6576 6503 6560 -1
5189 237 6523 6553 6555 6560 6566 6594 -1
5193 15 6505 6595 6553 -1
5196 29 6505 -1
5199 19 6560 6599 -1
5246 29 6599 -1
5254 34 6566 -1
5262 35 6553 6570 -1
5295 23 6599 -1
5301 42 6599 6505 -1
5360 9 6567 -1
5423 36 6570 -1
5445 39 6560 6555 -1
5455 7 6576 -1
5524 402 6505 6570 6594 6555 6528 6560 6576 6560 6503 6560 6566 6523 6589 6552 6523 6555 6554 6501 -1
5531 224 6576 6566 6594 6553 6589 6501 6560 6552 6528 6560 6505 6599 6567 -1
5532 16 6566 -1
5543 128 6570 6589 6594 -1
5582 105 6554 6528 6566 6570 6505 6576 -1
5584 12 6576 -1
5591 21 6566 -1
5612 38 6528 6553 -1
5617 7 6595 -1
5630 31 6505 -1
5655 48 6555 6505 -1
5691 49 6571 -1
5692 19 6560 -1
5696 49 6599 -1
5697 219 6552 6595 6560 6501 6505 6570 6576 6554 6523 6528 -1
5731 2 6528 -1
5739 37 6554 -1
5753 4 6528 6554 -1
5768 11 6599 6576 -1
5773 63 6560 -1
5796 173 6570 6501 6576 6566 6505 6552 6599 6555 6528 -1
5797 3 6501 -1
5800 182 6555 6523 -1
5802 248 6589 6505 6528 6576 6523 6501 6555 6594 6570 6560 6554 -1
5805 10 6501 -1
5807 16 6552 -1
5811 65 6560 6554 6523 6566 -1
5812 42 6560 -1
5816 50 6505 6570 6599 6576 6528 6554 -1
5818 40 6576 -1
5819 52 6511 6589 6505 -1
5820 19 6596 6523 -1
5821 18 6505 6594 -1
5822 81 6552 6505 6503 -1
5839 36 6505 6523 6501 -1
5857 62 6570 6594 6501 6576 6552 -1
5862 24 6501 -1
5871 51 6576 6523 6523 -1
5872 25 6523 -1
5915 39 6523 6560 6555 -1
5932 35 6523 6523 6566 6599 6560 -1
5980 4 6595 -1
5998 80 6570 6505 6595 6554 6552 -1
6001 5 6596 -1
6006 47 6505 6576 -1
6023 16 6528 -1
6032 70 6555 -1
6043 38 6560 6523 -1
6093 5 6505 -1
6146 8 6571 -1
6165 2 6554 -1
6170 8 6599 6552 -1
6198 12 6560 -1
6217 28 6552 6566 6599 6594 -1
6218 47 6594 6555 -1
6223 12 6570 6554 -1
6229 18 6566 -1
6241 64 6555 6505 -1
6243 32 6501 -1
6248 10 6570 6554 -1
6270 57 6505 6560 -1
6271 8 6505 -1
6272 80 6501 6554 6523 -1
6299 70 6505 6523 6596 6555 -1
6305 147 6560 6528 6566 6599 6552 6523 6595 6505 6503 6594 6589 -1
6314 9 6501 -1
6316 15 6555 -1
6320 17 6505 -1
6323 49 6528 6555 6505 -1
6325 5 6595 -1
6327 71 6560 6503 6501 -1
6346 13 6554 -1
6359 72 6501 6555 6503 -1
6360 35 6560 -1
6367 2 6523 -1
6394 6 6571 -1
6398 15 6555 -1
6414 15 6567 6560 -1
6421 15 6523 -1
6447 11 6594 6501 6554 -1
6460 56 6529 6554 6553 6555 6560 6596 -1
6479 13 6595 6566 6552 -1
6483 18 6599 6595 -1
6486 57 6503 -1
6494 70 6555 -1
6501 10 6599 -1
6503 4 6554 -1
6504 7 6505 -1
6510 54 6511 6566 6560 6599 6523 6560 -1
6522 21 6560 -1
6523 31 6555 -1
6527 1 6528 -1
6545 5 6595 -1
6552 27 6523 6594 -1
6555 33 6554 6523 6566 6560 -1
6560 42 6596 6523 -1
6574 1 6576 -1
6575 1 6576 -1
6595 12 6594 -1
6596 137 6555 6560 6560 6523 -1
6598 7 6599 -1
6605 9 6501 -1
6615 119 6523 6560 -1
6616 6 6560 6560 -1
6619 77 6596 6555 -1
6620 91 6560 6523 6560 -1
6624 122 6555 6560 -1
6626 8 6595 -1
6627 12 6595 -1
6638 1 6555 -1
6665 25 6503 -1
6666 4 6595 -1
6702 10 6555 -1
6714 92 6523 6503 6560 -1
6755 2 6503 -1
6772 49 6555 6596 -1
6790 10 6555 -1
6865 16 6560 -1
6883 4 6523 -1
6900 29 6560 -1
6906 49 6503 -1
6907 183 6560 6523 6555 6503 6560 -1
6914 52 6555 -1
6924 12 6555 -1
6934 51 6503 -1
6941 35 6555 -1
6945 16 6560 -1
6951 26 6555 -1
6976 37 6503 -1
6993 75 6555 6560 6596 -1
7045 36 6523 -1
7047 133 6555 6523 -1
7049 27 6555 -1
7052 114 6555 -1
7055 95 6523 -1
7056 29 6523 6560 -1
7057 100 6560 6555 -1
7063 15 6555 -1
7080 58 6560 6555 -1
7086 111 6523 -1
7092 75 6560 -1
7099 15 6560 -1
7131 23 6555 -1
7132 21 6555 -1
7150 10 6555 -1
7188 12 6596 -1
7225 24 6555 -1
7227 9 6555 -1
7231 87 6523 6560 -1
7266 6 6555 -1
7279 17 6555 -1
7280 71 6555 6560 -1
7281 12 6503 -1
7294 37 6523 6555 -1
7327 6 6503 -1
7335 13 6503 6555 -1
7365 1 6596 -1
7378 40 6523 -1
7390 18 6555 -1
7391 47 6523 -1
7490 25 6560 -1
7544 10 6555 -1
7598 26 6555 -1
7614 37 6555 6560 6523 -1
7666 13 6555 -1
7679 21 6555 -1
7682 15 6560 -1
7715 1 6523 -1
7716 2 6523 -1
7717 2 6523 -1
7733 42 6555 -1
7744 49 6555 -1
7755 10 6560 -1
7766 13 6555 -1
7779 2 6560 -1
7780 3 6560 -1
7781 1 6560 -1
7782 1 6560 -1
7783 1 6560 -1
7792 7 6555 -1
7829 3 6555 -1
7849 1 6555 -1
7850 1 6555 -1
7851 1 6555 -1