11 733 3755 3787 3748 -1
15 42 3755 -1
24 270 3792 3748 -1
29 136 3717 3720 -1
47 113 3720 -1
109 166 3752 3792 -1
147 50 3787 -1
182 59 3787 -1
263 21 3726 -1
302 9 3724 -1
319 193 3748 3752 3796 -1
371 117 3755 3796 -1
398 6 3792 -1
432 155 3796 -1
456 3 3755 -1
457 640 3796 3726 3755 3724 -1
465 9 3717 -1
634 106 3796 -1
659 13 3755 -1
688 5 3720 -1
722 124 3796 -1
737 120 3792 3726 -1
763 45 3752 -1
766 709 3720 3752 3748 3792 3796 3726 3787 3724 -1
769 137 3755 3755 -1
784 205 3720 -1
789 209 3748 -1
813 261 3748 3724 -1
822 11 3748 -1
825 139 3748 3796 -1
935 19 3796 -1
974 30 3769 -1
996 279 3796 -1
1024 40 3748 -1
1032 34 3787 -1
1074 75 3792 -1
1098 260 3726 -1
1125 22 3796 -1
1129 53 3755 -1
1133 282 3724 3748 3787 3796 -1
1137 104 3796 3748 -1
1151 460 3792 3726 3796 3752 -1
1166 318 3796 -1
1211 66 3720 -1
1235 20 3755 -1
1241 33 3755 -1
1261 6 3755 -1
1297 48 3755 -1
1319 185 3755 3787 3755 3726 -1
1331 6 3755 -1
1336 8 3792 -1
1350 114 3755 -1
1374 385 3726 3752 -1
1377 31 3755 -1
1381 51 3748 3755 -1
1390 28 3755 -1
1457 5 3748 -1
1483 51 3755 -1
1521 104 3755 -1
1538 75 3755 3755 -1
1549 522 3796 3720 3787 3755 -1
1564 27 3755 -1
1566 42 3748 -1
1608 344 3796 -1
1622 39 3792 -1
1639 36 3792 -1
1667 32 3796 -1
1754 18 3787 -1
1772 95 3755 -1
1783 58 3748 -1
1789 11 3796 -1
1799 42 3796 -1
1807 6 3796 -1
1816 10 3755 -1
1838 54 3787 -1
1875 26 3717 -1
1982 26 3792 -1
2009 46 3755 -1
2016 12 3748 -1
2118 114 3752 -1
2129 42 3724 -1
2133 122 3755 -1
2135 143 3724 3748 3787 3792 -1
2144 17 3720 -1
2145 134 3787 -1
2215 12 3792 -1
2217 6 3787 -1
2223 13 3720 -1
2225 36 3755 -1
2237 254 3748 -1
2240 106 3796 -1
2249 38 3726 -1
2256 125 3720 3787 -1
2257 47 3796 -1
2290 95 3769 3720 -1
2298 26 3724 -1
2326 249 3717 3720 3787 -1
2357 12 3755 -1
2369 134 3796 -1
2371 93 3748 3796 -1
2376 22 3755 -1
2379 46 3787 3772 -1
2381 37 3720 -1
2384 65 3796 -1
2387 52 3796 3724 -1
2398 56 3720 -1
2485 286 3752 3748 3796 -1
2497 37 3772 3745 -1
2516 36 3792 -1
2549 63 3752 -1
2560 89 3770 -1
2564 49 3720 -1
2565 827 3787 3726 3792 3796 3748 3769 3752 -1
2576 138 3769 -1
2618 50 3755 -1
2619 44 3752 -1
2647 16 3755 -1
2651 216 3787 -1
2653 102 3748 -1
2658 231 3752 3724 -1
2660 148 3752 -1
2688 516 3792 3724 3796 3748 -1
2693 132 3792 -1
2696 61 3796 3748 -1
2702 39 3796 -1
2713 166 3787 -1
2729 1 3755 -1
2760 20 3787 -1
2834 2 3726 -1
2851 45 3796 -1
2859 90 3748 3724 -1
2871 165 3796 3748 -1
2872 54 3717 -1
2909 51 3726 -1
2923 33 3724 -1
2932 50 3724 -1
2940 91 3792 -1
2967 232 3724 3717 3748 3796 3787 -1
2972 271 3796 3748 -1
2974 15 3720 -1
2985 4 3748 -1
2988 56 3796 -1
2991 6 3787 -1
3009 38 3724 -1
3010 118 3717 -1
3024 47 3748 -1
3026 151 3748 3724 -1
3032 205 3724 3787 -1
3034 38 3724 -1
3059 34 3748 -1
3073 33 3726 -1
3084 52 3752 3720 -1
3087 7 3748 -1
3092 52 3726 3796 -1
3127 12 3701 -1
3159 8 3748 -1
3168 69 3787 3720 -1
3176 5 3796 -1
3192 39 3748 -1
3197 4 3717 -1
3256 20 3717 -1
3291 56 3787 -1
3313 5 3720 -1
3350 55 3748 -1
3378 37 3720 -1
3381 177 3726 3792 -1
3390 47 3748 3796 -1
3393 10 3752 -1
3402 88 3720 3748 3724 -1
3404 73 3792 -1
3409 1 3752 -1
3443 13 3724 3720 -1
3447 214 3796 3752 -1
3449 306 3726 3792 3748 3796 -1
3452 91 3748 3796 -1
3453 241 3748 3796 -1
3455 59 3748 -1
3456 250 3748 3792 3796 -1
3457 97 3726 -1
3461 49 3755 3796 -1
3463 54 3748 -1
3479 83 3748 -1
3498 96 3796 -1
3518 5 3720 -1
3519 49 3796 -1
3540 2 3717 -1
3567 17 3717 -1
3568 128 3796 3787 3720 -1
3593 26 3726 -1
3601 41 3748 -1
3614 187 3796 -1
3615 113 3796 -1
3631 70 3787 -1
3635 33 3787 -1
3641 194 3724 3792 3796 3748 -1
3642 291 3796 3792 -1
3643 35 3748 3796 -1
3645 34 3720 -1
3658 38 3796 -1
3660 67 3720 -1
3691 70 3792 -1
3711 1 3713 -1
3712 1 3713 -1
3724 69 3787 -1
3728 71 3720 3724 -1
3748 26 3796 -1
3774 1 3776 -1
3775 10 3720 3776 -1
3787 233 3724 3796 3748 -1
3794 44 3796 3797 3748 -1
3796 107 3724 3748 -1
3803 8 3748 -1
3813 72 3724 -1
3815 14 3717 -1
3819 9 3787 -1
3854 79 3796 3748 -1
3877 10 3792 -1
3912 15 3787 -1
3916 25 3796 -1
3917 23 3787 -1
3920 6 3787 -1
3965 79 3752 -1
3976 43 3792 3796 -1
3977 13 3720 -1
3995 53 3796 -1
4023 2 3720 -1
4034 3 3717 -1
4035 1 3717 -1
4036 139 3796 3720 -1
4040 71 3796 3748 -1
4041 54 3796 -1
4042 21 3787 -1
4044 53 3724 -1
4045 244 3748 3726 3796 -1
4046 40 3748 -1
4065 104 3792 3724 -1
4070 56 3796 -1
4073 90 3796 3724 -1
4076 52 3748 3787 -1
4080 1 3720 -1
4099 101 3796 -1
4124 27 3724 -1
4127 42 3787 3724 -1
4136 27 3787 -1
4150 13 3748 -1
4151 79 3796 -1
4152 34 3724 -1
4199 5 3787 -1
4211 39 3796 -1
4219 101 3748 -1
4221 41 3796 -1
4275 4 3748 -1
4276 47 3796 -1
4295 16 3796 -1
4310 225 3796 3752 -1
4315 19 3748 -1
4329 9 3724 -1
4351 4 3724 -1
4355 40 3796 -1
4363 13 3796 -1
4415 15 3748 -1
4432 8 3796 -1
4441 186 3752 -1
4459 4 3748 -1
4483 137 3796 -1
4511 9 3724 -1
4534 16 3796 -1
4547 41 3796 -1
4564 30 3796 -1
4574 37 3748 -1
4587 25 3748 -1
4625 3 3796 -1
4626 5 3796 -1
4632 202 3752 3796 3770 -1
4633 11 3748 -1
4653 80 3796 -1
4661 19 3796 -1
4662 44 3796 -1
4663 6 3748 -1
4665 8 3748 -1
4669 9 3796 -1
4681 10 3748 -1
4688 59 3748 -1
4709 24 3796 -1
4712 91 3726 -1
4717 57 3796 -1
4718 31 3796 -1
4749 2 3748 -1
4750 3 3748 -1
4751 4 3748 -1
4752 1 3748 -1
4753 1 3748 -1
4764 52 3796 -1
4792 45 3796 -1
4795 66 3796 3752 -1
4828 105 3752 3796 3792 -1
4829 57 3792 -1
4894 34 3796 -1
4899 160 3796 -1
4943 31 3726 -1
4948 194 3752 3796 -1
4964 51 3796 -1
4967 317 3792 3796 -1
4974 41 3796 -1
4981 49 3752 -1
4982 27 3796 -1
5002 116 3796 -1
5006 16 3796 -1
5011 9 3796 -1
5029 21 3796 -1
5037 18 3796 -1
5059 15 3726 -1
5079 240 3796 3792 -1
5095 2 3792 -1
5143 8 3726 -1
5171 40 3796 -1
5172 18 3796 -1
5173 121 3796 -1
5174 6 3796 -1
5175 20 3796 -1
5176 100 3796 -1
5177 92 3796 -1
5178 15 3796 -1
5179 212 3792 3796 -1
5180 47 3796 -1
5181 29 3796 -1
5182 14 3796 -1
5183 1 3796 -1
5184 64 3796 -1
5185 120 3796 3792 -1
5186 2 3796 -1
5187 28 3796 -1
5188 211 3796 3792 -1
5189 237 3796 -1
5190 56 3796 -1
5191 5 3796 -1
5192 1 3796 -1
5396 9 3755 -1
5439 39 3792 -1
5472 15 3752 -1
5524 402 3752 3726 3792 -1
5531 224 3792 -1
5543 128 3792 -1
5553 36 3792 -1
5671 1 3770 -1
5697 219 3792 -1
5702 10 3726 -1
5714 42 3792 -1
5739 37 3792 -1
5775 39 3752 -1
5796 173 3792 -1
5800 182 3792 -1
5802 248 3726 3752 -1
5811 65 3726 -1
5816 50 3792 3726 -1
5818 40 3792 -1
5824 29 3792 -1
5915 39 3752 -1
6032 70 3726 -1
6217 28 3792 -1
6243 32 3752 -1
6280 31 3726 -1
6327 71 3726 3792 -1
6346 13 3792 -1
6359 72 3726 3792 -1
6486 57 3726 -1
6494 70 3752 3792 -1
6500 5 3792 -1
6596 137 3752 -1
6615 119 3726 3792 -1
6619 77 3726 -1
6620 91 3792 3726 -1
6624 122 3726 3752 -1
6635 11 3752 -1
6649 23 3792 -1
6714 92 3726 -1
6784 41 3792 -1
6801 5 3752 -1
6861 1 3792 -1
6862 1 3792 -1
6863 3 3792 -1
6864 2 3792 -1
6866 4 3792 -1
6902 20 3752 -1
6906 49 3726 -1
6907 183 3726 3752 -1
6916 30 3770 -1
6941 35 3726 -1
6993 75 3752 -1
6994 9 3726 -1
7052 114 3752 3726 -1
7055 95 3752 -1
7086 111 3726 -1
7092 75 3726 -1
7104 15 3726 -1
7106 4 3726 -1
7113 8 3752 -1
7188 12 3726 -1
7231 87 3752 -1
7280 71 3752 -1
7449 20 3752 -1
7511 14 3752 -1
7598 26 3752 -1
7605 1 3752 -1
7614 37 3752 -1
7691 18 3752 -1
7744 49 3770 -1
7768 10 3752 -1
7769 19 3752 -1
7808 12 3752 3770 -1
7818 15 3752 -1
7882 10 3752 -1