27 89 5254 -1
30 3 5254 -1
44 42 5254 -1
58 35 5254 -1
68 187 5262 5254 5288 5226 -1
72 113 5254 -1
87 164 5200 5254 -1
109 166 5210 5200 5254 5295 5210 5273 -1
127 83 5254 -1
143 95 5288 -1
166 77 5246 5254 5210 5288 -1
231 44 5226 -1
263 21 5222 -1
265 30 5254 -1
275 47 5254 -1
308 144 5288 -1
310 236 5222 5288 5210 5288 5239 -1
311 312 5254 -1
319 193 5273 5226 -1
351 11 5254 -1
371 117 5288 5288 -1
383 19 5254 -1
398 6 5295 -1
432 155 5222 -1
457 640 5246 5233 5295 5254 5204 5210 5289 5273 5262 5200 5233 5210 5239 5288 5226 5222 -1
546 107 5273 5254 -1
600 171 5226 -1
634 106 5288 5288 5200 -1
637 26 5254 -1
663 133 5204 -1
695 87 5233 -1
704 82 5204 -1
737 120 5239 5288 5273 5233 5295 -1
748 1 5210 -1
749 62 5239 5254 -1
763 45 5222 -1
766 709 5273 5239 5204 5226 5222 5254 5200 5262 -1
788 52 5233 -1
789 209 5239 5254 5222 5204 -1
791 29 5254 -1
816 25 5254 -1
825 139 5262 5263 5263 -1
841 22 5222 5204 -1
854 56 5200 5254 -1
879 108 5295 -1
896 25 5254 -1
988 257 5210 -1
993 233 5210 -1
996 279 5263 5288 5254 5288 -1
1008 5 5254 -1
1032 34 5222 -1
1041 31 5262 -1
1042 38 5254 -1
1055 139 5288 -1
1063 29 5273 -1
1074 75 5254 -1
1098 260 5289 5246 -1
1133 282 5254 5262 5222 5204 5288 -1
1137 104 5285 -1
1151 460 5226 5273 5289 -1
1166 318 5273 5254 5210 -1
1207 24 5262 -1
1210 221 5288 5254 -1
1247 69 5239 -1
1305 227 5239 -1
1319 185 5288 -1
1320 6 5288 -1
1374 385 5254 5288 5233 5263 -1
1385 24 5200 -1
1393 3 5263 -1
1467 8 5204 -1
1470 115 5204 -1
1496 190 5288 5239 -1
1530 10 5226 -1
1537 72 5226 -1
1542 237 5226 5262 5239 5200 -1
1549 522 5288 5285 5200 5288 -1
1603 8 5254 -1
1608 344 5288 -1
1647 15 5226 -1
1662 4 5239 -1
1680 4 5222 -1
1701 98 5226 -1
1717 98 5254 -1
1733 40 5254 -1
1762 37 5254 -1
1767 75 5233 -1
1796 38 5273 5210 5200 5254 -1
1814 79 5210 -1
1823 45 5262 -1
1847 46 5254 -1
1915 16 5233 5262 5200 -1
1972 184 5273 -1
1982 26 5288 -1
1990 29 5285 5210 -1
2084 8 5200 -1
2135 143 5254 5222 -1
2144 17 5285 -1
2145 134 5254 5273 5200 5226 -1
2160 11 5254 -1
2237 254 5262 -1
2240 106 5254 -1
2249 38 5233 -1
2257 47 5239 -1
2258 90 5273 5226 5233 5200 -1
2264 51 5289 -1
2276 21 5254 -1
2299 65 5226 5215 5246 -1
2369 134 5210 5226 5254 5215 -1
2376 22 5233 5262 -1
2381 37 5254 -1
2384 65 5226 -1
2387 52 5204 5226 5239 -1
2440 43 5210 -1
2456 31 5273 -1
2458 7 5210 -1
2485 286 5289 5233 -1
2507 64 5254 5262 -1
2516 36 5273 -1
2535 24 5254 -1
2549 63 5263 -1
2564 49 5239 -1
2565 827 5210 5215 5289 5295 5233 5288 5288 5239 5222 5204 -1
2576 138 5254 -1
2585 46 5273 5288 -1
2587 12 5226 -1
2605 58 5226 -1
2620 26 5254 -1
2623 47 5254 -1
2657 35 5254 5273 -1
2658 231 5210 5245 5239 5289 5204 5246 5222 5288 -1
2667 93 5233 5200 5239 -1
2680 6 5254 -1
2688 516 5222 5273 5295 5262 5288 5204 5226 5254 5239 5200 -1
2693 132 5254 5200 5204 -1
2702 39 5222 -1
2707 100 5226 -1
2727 35 5254 -1
2737 16 5288 -1
2744 36 5254 5263 -1
2752 5 5254 -1
2774 45 5262 -1
2775 36 5273 -1
2790 145 5254 5263 -1
2831 39 5262 -1
2851 45 5254 5288 5288 -1
2855 13 5210 -1
2871 165 5288 5204 5222 -1
2883 18 5226 -1
2905 2 5254 -1
2908 11 5233 -1
2909 51 5222 -1
2940 91 5233 -1
2972 271 5222 5239 5262 5226 5210 5204 5273 5254 5295 -1
2988 56 5226 5262 -1
2995 4 5215 -1
3000 31 5210 -1
3010 118 5222 -1
3015 30 5226 -1
3032 205 5262 5254 -1
3035 13 5222 5200 -1
3084 52 5254 -1
3088 24 5254 5285 -1
3092 52 5239 5226 -1
3142 41 5210 -1
3145 17 5233 -1
3191 55 5288 5233 5226 -1
3227 20 5288 -1
3238 22 5210 -1
3246 2 5222 -1
3270 2 5254 -1
3274 60 5262 5226 -1
3292 8 5200 -1
3293 8 5289 -1
3297 39 5262 -1
3333 14 5226 -1
3340 3 5254 -1
3345 36 5254 -1
3352 165 5204 5239 5222 -1
3375 36 5285 -1
3381 177 5289 5200 5288 5254 5295 -1
3389 2 5210 -1
3390 47 5226 -1
3394 121 5204 -1
3402 88 5222 -1
3439 69 5254 -1
3447 214 5273 5200 5262 5295 5204 5226 -1
3449 306 5226 5262 5204 5239 5222 5215 5288 -1
3453 241 5273 5204 5239 5200 5226 5222 5254 -1
3456 250 5210 5254 5204 5295 5226 5200 5246 -1
3457 97 5288 5289 5239 -1
3459 73 5226 5262 5254 -1
3460 17 5289 -1
3463 54 5204 5239 -1
3478 42 5288 5226 -1
3483 16 5263 -1
3498 96 5254 -1
3522 53 5233 5254 -1
3527 47 5288 -1
3556 11 5204 5222 -1
3568 128 5262 5200 5254 -1
3571 39 5288 -1
3586 135 5254 5200 5210 -1
3603 10 5254 -1
3607 24 5233 -1
3614 187 5226 5239 5222 -1
3631 70 5254 -1
3634 57 5210 5210 -1
3636 11 5254 -1
3641 194 5295 -1
3642 291 5226 5210 5273 5288 5262 5200 5263 5295 5233 5233 -1
3643 35 5226 -1
3656 4 5288 5288 -1
3665 13 5233 -1
3666 125 5239 5288 -1
3673 5 5204 -1
3683 7 5246 -1
3691 70 5295 5288 -1
3751 10 5210 -1
3762 8 5288 -1
3777 7 5239 -1
3785 15 5200 -1
3786 72 5288 5254 -1
3787 233 5288 5263 5254 -1
3792 19 5295 -1
3796 107 5239 5204 5226 -1
3813 72 5254 -1
3845 7 5288 -1
3877 10 5295 -1
3910 14 5254 -1
3919 14 5222 5288 -1
3925 6 5210 -1
3960 11 5254 -1
3965 79 5288 -1
3995 53 5273 5204 5200 -1
4036 139 5288 5254 -1
4037 7 5226 -1
4041 54 5262 5200 5204 5239 -1
4045 244 5222 5262 5288 5215 5204 5288 5273 5226 -1
4046 40 5289 5233 -1
4063 26 5262 -1
4070 56 5226 5222 5204 -1
4073 90 5200 5233 5226 -1
4077 63 5222 5204 -1
4082 15 5245 -1
4099 101 5226 5262 -1
4144 38 5254 -1
4169 4 5233 -1
4175 7 5233 -1
4189 9 5288 -1
4204 2 5204 -1
4219 101 5204 5239 -1
4221 41 5295 5254 5226 5200 -1
4222 28 5204 -1
4233 2 5204 -1
4276 47 5204 5226 -1
4297 32 5254 -1
4298 10 5285 -1
4310 225 5288 5226 5254 5273 5262 -1
4335 28 5273 -1
4353 69 5262 5288 5226 -1
4355 40 5215 5204 -1
4428 12 5222 -1
4431 4 5288 -1
4437 33 5289 -1
4438 4 5204 -1
4441 186 5200 5204 -1
4442 15 5204 -1
4455 16 5288 -1
4468 8 5215 -1
4482 6 5239 -1
4483 137 5262 5239 5200 5204 5254 -1
4488 35 5288 5200 -1
4489 11 5254 -1
4509 11 5204 -1
4524 7 5210 -1
4536 58 5254 5226 -1
4550 81 5262 -1
4557 15 5226 -1
4630 2 5254 -1
4632 202 5262 5222 5233 5233 5200 5288 -1
4653 80 5208 5204 5222 5226 5260 5200 5215 -1
4673 68 5210 5200 5273 -1
4686 40 5295 -1
4687 19 5254 -1
4710 7 5239 -1
4712 91 5254 5288 -1
4717 57 5273 5254 -1
4718 31 5222 5239 5204 -1
4725 33 5204 -1
4726 12 5222 -1
4748 19 5204 -1
4756 32 5233 -1
4764 52 5273 5200 5254 -1
4767 10 5254 -1
4792 45 5254 5273 -1
4795 66 5210 5200 5210 5288 5254 -1
4796 3 5226 -1
4813 45 5200 5204 -1
4814 16 5226 -1
4824 88 5215 5226 5288 5289 -1
4828 105 5263 5262 5239 -1
4829 57 5295 -1
4846 24 5239 -1
4859 29 5222 -1
4879 20 5289 -1
4899 160 5200 5204 5222 5233 5262 5239 -1
4915 5 5200 -1
4924 9 5262 -1
4938 13 5222 -1
4948 194 5226 5215 5204 5288 5222 5239 5200 5210 -1
4964 51 5222 5200 5273 5204 5262 -1
4967 317 5222 5239 5226 5262 5204 5273 5200 5254 -1
4974 41 5239 5215 5204 -1
4976 20 5215 -1
4982 27 5254 -1
5002 116 5210 5254 5239 5210 5273 5233 5204 -1
5006 16 5210 -1
5009 14 5222 5239 -1
5011 9 5254 5285 -1
5013 6 5288 -1
5017 4 5254 -1
5020 45 5204 -1
5022 173 5262 5263 5254 5210 5233 -1
5028 40 5254 -1
5037 18 5295 -1
5048 5 5233 -1
5053 53 5262 -1
5079 240 5226 5289 5204 5262 5273 5254 5263 5200 5215 -1
5089 8 5262 -1
5099 9 5239 -1
5102 48 5210 5288 5254 -1
5110 84 5210 5262 5263 5204 5222 5215 -1
5119 18 5204 5222 -1
5123 60 5226 -1
5140 50 5295 5239 5273 -1
5150 14 5254 -1
5152 4 5215 5204 -1
5155 16 5239 -1
5160 9 5210 -1
5171 40 5262 -1
5173 121 5233 5285 5210 -1
5174 6 5200 -1
5176 100 5226 5263 -1
5177 92 5246 5262 5254 -1
5179 212 5200 5226 5254 5233 5210 5288 5263 -1
5180 47 5226 -1
5181 29 5254 -1
5182 14 5262 5263 -1
5185 120 5295 5254 5200 -1
5188 211 5288 5254 5273 5263 5200 5226 -1
5189 237 5288 5233 5226 5233 5289 5262 5200 -1
5194 9 5204 -1
5195 3 5204 -1
5196 29 5204 5289 5254 -1
5197 3 5204 -1
5198 5 5204 -1
5199 19 5204 5200 -1
5200 14 5215 5204 -1
5201 12 5204 -1
5202 2 5204 -1
5203 12 5200 5204 -1
5207 9 5200 5233 -1
5213 1 5215 -1
5214 1 5215 -1
5215 7 5200 -1
5218 1 5222 -1
5219 1 5222 -1
5220 1 5222 -1
5221 1 5222 -1
5224 1 5231 -1
5225 1 5231 -1
5226 13 5262 -1
5233 19 5239 5288 -1
5238 2 5239 -1
5241 2 5245 -1
5242 1 5245 -1
5243 11 5245 -1
5244 1 5245 -1
5251 1 5253 -1
5262 35 5200 5254 -1
5263 74 5226 -1
5273 12 5295 5254 -1
5275 2 5210 -1
5280 2 5288 5288 -1
5281 2 5288 5288 -1
5282 4 5288 -1
5283 2 5288 -1
5284 2 5288 -1
5285 20 5288 5288 -1
5286 6 5288 -1
5289 5 5233 -1
5295 23 5210 -1
5301 42 5273 -1
5317 10 5254 -1
5321 13 5254 -1
5396 9 5200 -1
5404 13 5254 5200 -1
5410 1 5295 -1
5423 36 5200 5273 -1
5427 34 5262 -1
5430 6 5254 -1
5445 39 5289 -1
5446 21 5289 5200 -1
5448 2 5233 -1
5452 18 5226 -1
5457 20 5262 -1
5487 23 5262 -1
5516 2 5285 -1
5524 402 5200 5295 5233 5210 5262 5289 5288 5254 5246 5273 -1
5526 7 5254 -1
5529 31 5289 -1
5531 224 5262 5273 5288 5210 5254 5295 5226 5233 -1
5532 16 5295 5254 -1
5543 128 5200 5262 5273 5295 5233 -1
5553 36 5233 -1
5582 105 5288 5200 -1
5584 12 5254 -1
5589 10 5233 -1
5591 21 5254 -1
5604 5 5226 -1
5612 38 5226 -1
5617 7 5233 -1
5630 31 5263 5254 5262 -1
5655 48 5254 5273 5289 5200 -1
5657 2 5254 -1
5658 10 5233 -1
5691 49 5263 -1
5692 19 5288 -1
5696 49 5254 5200 5233 -1
5697 219 5273 5200 5210 5288 5254 5262 5226 5233 5295 5210 -1
5702 10 5210 -1
5708 7 5254 -1
5714 42 5226 5200 -1
5720 3 5263 -1
5721 8 5262 -1
5722 2 5263 -1
5738 12 5263 -1
5739 37 5263 5254 5262 5210 -1
5741 9 5254 -1
5761 8 5226 -1
5768 11 5262 -1
5769 4 5226 -1
5770 5 5226 -1
5772 10 5288 -1
5773 63 5295 5288 -1
5775 39 5288 -1
5796 173 5288 5273 5254 5295 5262 5200 -1
5799 14 5200 -1
5800 182 5233 5210 -1
5802 248 5273 5254 5289 5200 5210 5288 -1
5806 45 5233 5289 -1
5808 6 5200 -1
5810 26 5254 5233 -1
5811 65 5210 5295 -1
5812 42 5200 5295 -1
5814 106 5254 5200 5288 5262 -1
5816 50 5273 -1
5817 30 5254 -1
5818 40 5233 5273 5262 5295 -1
5819 52 5273 5254 -1
5822 81 5289 5254 5210 -1
5823 13 5254 -1
5824 29 5295 -1
5827 14 5254 -1
5829 11 5262 -1
5839 36 5210 5254 5262 -1
5857 62 5273 5200 -1
5859 7 5246 -1
5862 24 5254 -1
5871 51 5273 5295 5262 5254 -1
5872 25 5289 -1
5927 8 5210 -1
5928 4 5246 -1
5932 35 5254 -1
5933 4 5254 -1
5934 32 5273 5210 -1
5940 12 5254 -1
5965 3 5254 -1
5972 2 5263 -1
5984 3 5233 -1
5998 80 5210 5273 5210 5254 -1
5999 16 5254 -1
6006 47 5254 -1
6020 23 5262 -1
6043 38 5262 5210 -1
6068 30 5210 -1
6072 45 5246 -1
6075 16 5262 -1
6126 11 5262 -1
6132 1 5200 -1
6134 6 5254 -1
6200 3 5262 -1
6208 2 5254 -1
6217 28 5273 5210 -1
6220 13 5254 -1
6221 26 5254 5262 -1
6222 1 5262 -1
6223 12 5262 5254 -1
6232 3 5263 -1
6241 64 5289 -1
6243 32 5254 -1
6248 10 5233 -1
6271 8 5200 -1
6272 80 5210 5233 5210 5254 -1
6280 31 5289 -1
6298 4 5254 -1
6305 147 5210 5210 5273 5254 5288 -1
6312 3 5233 -1
6314 9 5210 -1
6323 49 5200 5254 5233 -1
6324 6 5200 -1
6325 5 5200 5254 -1
6326 2 5200 -1
6327 71 5295 5254 5210 -1
6346 13 5295 -1
6347 11 5289 -1
6359 72 5295 5254 -1
6377 18 5288 -1
6421 15 5295 5210 -1
6443 51 5233 5254 5210 -1
6458 22 5273 -1
6467 8 5254 -1
6479 13 5254 5273 -1
6483 18 5254 -1
6486 57 5254 5289 5273 -1
6488 19 5254 5210 -1
6494 70 5254 5233 -1
6501 10 5254 -1
6510 54 5254 -1
6522 21 5254 -1
6552 27 5295 5254 -1
6560 42 5233 -1
6563 54 5254 -1
6577 10 5254 -1
6595 12 5295 -1
6608 16 5254 -1
6615 119 5288 5295 -1
6618 79 5246 5233 5210 -1
6619 77 5233 -1
6620 91 5288 5295 -1
6624 122 5288 5289 -1
6643 1 5254 -1
6644 1 5254 -1
6645 2 5254 -1
6646 3 5254 -1
6647 1 5254 -1
6648 1 5254 -1
6649 23 5254 -1
6650 1 5254 -1
6651 1 5254 -1
6652 1 5254 -1
6653 1 5254 -1
6654 1 5254 -1
6656 1 5255 -1
6665 25 5288 -1
6692 6 5288 -1
6709 1 5210 -1
6714 92 5233 5289 -1
6815 3 5288 -1
6841 2 5210 -1
6875 15 5289 -1
6889 4 5288 -1
6900 29 5210 -1
6902 20 5289 5288 -1
6906 49 5288 -1
6907 183 5210 5233 5288 -1
6916 30 5289 -1
6923 2 5289 -1
6946 25 5289 -1
6976 37 5233 -1
6991 18 5288 -1
7005 13 5210 -1
7026 11 5210 -1
7047 133 5210 5246 -1
7052 114 5289 5233 -1
7053 19 5210 -1
7055 95 5289 -1
7057 100 5289 -1
7080 58 5288 5210 -1
7086 111 5246 5289 5210 -1
7092 75 5289 5210 -1
7099 15 5288 -1
7192 1 5288 -1
7193 1 5288 -1
7231 87 5289 -1
7280 71 5233 -1
7294 37 5246 -1
7335 13 5210 -1
7362 5 5233 -1
7379 7 5289 -1
7382 1 5233 -1
7391 47 5246 5210 -1
7501 1 5289 -1
7502 3 5289 -1
7503 1 5289 -1
7608 2 5210 -1
7727 26 5246 -1
7733 42 5246 -1
7775 11 5210 -1
7818 15 5210 -1
7900 27 5210 5246 -1
7933 3 5210 -1
7964 8 5210 -1
8012 7 5210 -1
8062 1 5210 -1
8063 3 5210 -1
8064 1 5210 -1
8065 1 5210 -1
8146 1 5246 -1