6 258 2651 -1
11 733 2646 2625 2665 2619 2655 2669 2604 2686 2619 2685 2653 2696 2643 2612 2657 -1
14 105 2643 2653 -1
15 42 2651 2643 -1
20 153 2693 -1
21 77 2685 -1
24 270 2612 2619 2697 2660 2625 2696 2667 -1
27 89 2696 -1
36 231 2651 2625 2685 2619 2620 2689 2655 -1
42 88 2625 -1
44 42 2643 -1
49 12 2643 -1
53 25 2686 2657 -1
56 20 2651 -1
60 9 2625 -1
66 41 2651 2625 2625 -1
68 187 2618 2654 2697 2612 -1
86 101 2643 -1
87 164 2623 -1
89 21 2657 -1
103 55 2686 2667 -1
113 68 2643 -1
122 193 2619 2693 2667 2651 2653 2653 2660 2657 2625 2654 2665 2646 2697 2685 -1
127 83 2654 2625 2685 -1
132 21 2643 -1
143 95 2625 2620 -1
157 41 2657 -1
161 27 2619 2625 2625 -1
172 120 2686 2662 2625 2693 2660 2654 2651 2623 2653 2654 -1
180 54 2625 2604 2643 2657 -1
182 59 2625 2653 2697 2696 -1
185 3 2625 -1
203 26 2660 -1
212 1 2625 -1
215 84 2619 2685 2625 -1
236 39 2625 -1
255 87 2625 -1
259 42 2660 -1
275 47 2685 2669 2625 2654 2625 2619 -1
285 5 2643 -1
290 61 2697 -1
306 215 2665 2693 2657 2686 2646 2660 2654 2653 2653 -1
310 236 2643 2669 2685 2693 2625 -1
311 312 2643 2625 2625 2660 2654 2605 2655 -1
315 70 2625 -1
319 193 2660 2696 2689 -1
335 48 2612 -1
339 79 2651 -1
341 12 2670 -1
346 27 2685 -1
348 19 2612 -1
356 16 2660 -1
367 4 2643 -1
371 117 2693 2625 2643 -1
383 19 2674 -1
406 33 2657 -1
407 101 2693 2625 2617 2625 -1
412 21 2625 -1
425 49 2643 -1
432 155 2604 2669 2696 -1
447 8 2685 -1
457 640 2687 2625 2696 2612 2689 2653 2693 2625 2651 2605 2620 -1
467 7 2625 -1
546 107 2660 2643 -1
553 19 2654 -1
554 4 2697 -1
556 117 2654 2623 2612 2657 -1
587 14 2625 -1
600 171 2625 2617 2660 2643 -1
635 52 2660 -1
637 26 2651 -1
643 44 2654 -1
646 15 2697 -1
649 15 2643 -1
650 85 2625 2655 2625 2669 -1
662 2 2655 -1
664 6 2651 -1
689 27 2643 -1
695 87 2686 -1
698 7 2653 -1
704 82 2625 2662 2643 2660 2655 2625 -1
710 88 2651 2625 2657 -1
722 124 2654 2625 -1
727 19 2643 -1
742 85 2669 -1
749 62 2654 -1
762 42 2651 -1
763 45 2625 2612 -1
764 22 2625 -1
766 709 2696 2605 2654 2625 2660 2646 2667 2697 2653 2617 2623 2685 2693 2662 2658 2689 2619 2653 2674 -1
769 137 2651 2625 2660 -1
771 7 2643 -1
784 205 2617 2653 2693 2653 2625 2665 2660 2685 -1
789 209 2696 2643 2689 -1
798 12 2612 -1
802 4 2643 -1
805 82 2689 -1
813 261 2693 2643 2669 2655 2653 2665 2660 2696 2619 2674 2654 2653 -1
825 139 2625 2653 2619 2667 2660 2674 2686 -1
826 218 2662 2625 2697 2654 2643 2623 2670 2617 2625 -1
836 26 2625 -1
842 27 2686 -1
844 35 2646 -1
854 56 2660 -1
856 30 2619 2651 2674 2662 2686 2660 2693 -1
861 16 2685 2625 -1
865 45 2617 2654 2685 2625 -1
879 108 2655 2657 2653 2612 2674 2646 -1
899 22 2618 -1
937 33 2625 -1
943 28 2654 -1
946 85 2653 2619 2697 2685 2689 2654 -1
947 21 2623 2625 2651 2689 -1
948 26 2619 2689 -1
950 8 2605 -1
956 40 2669 -1
961 11 2660 -1
974 30 2667 2654 -1
975 8 2625 -1
978 54 2625 -1
982 32 2693 2625 2651 -1
986 50 2625 -1
988 257 2612 2654 2653 2667 2697 2693 2686 2617 2651 2655 2653 2646 2654 2657 2625 2623 2662 2674 2660 2619 -1
993 233 2654 2625 2655 2693 2685 2686 2619 -1
994 42 2654 2625 -1
996 279 2657 2669 2625 2653 2665 2620 2651 2685 2693 -1
1006 130 2651 -1
1009 43 2674 -1
1024 40 2696 2625 2657 -1
1031 16 2619 -1
1034 34 2612 -1
1035 10 2697 -1
1037 50 2625 2665 2654 -1
1039 6 2685 -1
1042 38 2643 2669 2665 -1
1043 20 2660 -1
1044 9 2686 -1
1050 33 2617 -1
1051 48 2660 -1
1055 139 2625 2625 -1
1062 157 2653 2685 2657 2697 -1
1063 29 2658 -1
1075 59 2653 -1
1095 10 2697 -1
1097 93 2653 2625 2651 2685 2625 -1
1098 260 2697 2654 2654 2685 2620 2625 2651 2658 2669 -1
1100 2 2657 -1
1102 13 2654 2625 -1
1124 17 2685 2625 -1
1125 22 2625 -1
1132 42 2651 -1
1133 282 2697 2696 2653 2646 2651 2612 -1
1135 112 2685 2625 2617 -1
1137 104 2653 2696 2697 -1
1151 460 2685 2669 2623 2604 2667 2625 2643 2665 2686 2660 2625 -1
1166 318 2654 2646 2660 2686 2674 2658 2654 2693 2604 2623 2685 2619 2665 2643 2669 -1
1167 78 2685 2625 2686 -1
1169 24 2625 2643 -1
1184 57 2643 -1
1200 92 2654 2625 2617 2660 2697 2618 -1
1202 68 2625 -1
1204 58 2696 2651 2662 -1
1210 221 2660 2604 2657 2697 2685 2669 2654 2625 2654 -1
1211 66 2643 2653 -1
1215 40 2625 2604 2625 -1
1221 75 2685 2667 -1
1228 9 2625 2685 2651 -1
1236 98 2685 2625 -1
1242 12 2685 -1
1247 69 2620 2657 2625 -1
1259 41 2657 2623 2660 2693 -1
1267 61 2619 2660 -1
1279 126 2674 2655 2654 -1
1286 55 2657 2686 2625 2619 2651 -1
1293 26 2665 -1
1296 9 2625 -1
1297 48 2697 -1
1305 227 2617 2619 2667 2696 2693 2697 2625 2674 2646 2623 2657 2654 2662 2686 2654 -1
1319 185 2625 2662 2653 2625 2693 -1
1335 39 2625 2605 -1
1357 84 2674 -1
1360 10 2625 -1
1362 3 2643 -1
1367 17 2667 2674 2623 -1
1374 385 2623 2685 2654 2654 2658 -1
1380 59 2625 -1
1381 51 2653 2697 2653 2696 -1
1382 9 2657 -1
1384 20 2686 2660 2655 -1
1385 24 2612 -1
1390 28 2654 2665 -1
1395 192 2667 2686 2685 2625 2697 2625 -1
1419 29 2657 2623 2665 2617 2669 2685 -1
1424 41 2625 -1
1428 159 2685 2625 2693 2617 -1
1457 5 2696 -1
1462 30 2643 2625 -1
1466 24 2669 -1
1468 19 2646 -1
1470 115 2625 2625 2620 -1
1474 2 2657 -1
1487 115 2625 2669 2643 2623 2619 2625 2651 2665 -1
1492 159 2612 2653 2619 2618 -1
1495 10 2651 -1
1496 190 2685 2625 2646 2660 2657 2667 2605 -1
1500 26 2625 2604 2660 -1
1504 6 2651 -1
1506 34 2654 2674 -1
1521 104 2685 2625 2653 -1
1522 90 2667 2665 2625 2643 2653 -1
1537 72 2625 2693 2655 -1
1538 75 2665 2643 2618 -1
1542 237 2689 2646 2658 2654 -1
1547 27 2625 2669 -1
1549 522 2605 2625 2693 2623 2665 2653 2655 2654 2667 2660 2697 2669 2685 2625 2653 2686 2657 2651 2604 2619 2619 2643 2687 -1
1552 50 2625 2625 2617 2604 2651 -1
1555 67 2625 2604 -1
1564 27 2618 -1
1566 42 2653 2653 2696 2685 2665 -1
1583 78 2660 2670 2665 2625 2697 2654 2643 -1
1585 80 2604 -1
1592 25 2654 2625 -1
1596 31 2625 2625 2693 -1
1608 344 2617 2625 2662 2669 2685 2654 2643 2654 2625 2697 2604 -1
1614 71 2654 2625 -1
1621 76 2646 -1
1623 36 2685 2625 2693 -1
1639 36 2686 2651 -1
1644 46 2651 -1
1661 36 2658 -1
1668 5 2685 -1
1684 9 2625 2651 -1
1688 24 2653 -1
1691 47 2657 -1
1697 42 2643 -1
1700 48 2643 -1
1701 98 2625 2643 2620 2686 -1
1717 98 2674 2625 2669 -1
1730 29 2643 2625 -1
1732 16 2651 -1
1733 40 2657 2651 -1
1734 47 2625 2696 -1
1744 5 2657 -1
1748 37 2665 2669 2643 -1
1749 63 2654 2651 2643 2625 2674 2654 2653 2662 2625 2604 -1
1751 13 2625 -1
1762 37 2620 -1
1767 75 2686 2625 2654 2654 2620 -1
1769 64 2697 2655 2625 2625 2654 2643 2619 2617 2654 -1
1772 95 2619 2625 2685 -1
1777 1 2625 -1
1781 6 2625 2657 -1
1783 58 2625 2653 2625 2618 -1
1794 25 2625 2625 -1
1799 42 2655 2697 -1
1803 20 2697 -1
1808 103 2605 2669 2604 2651 2646 -1
1811 37 2643 2651 2693 2654 2625 -1
1813 33 2655 -1
1814 79 2697 2654 2660 2653 2657 2620 2625 2651 -1
1816 10 2625 -1
1820 90 2685 2625 2665 2693 2643 2654 2654 2697 2660 2686 2625 -1
1833 5 2654 -1
1835 55 2660 2625 2625 -1
1837 26 2697 2654 2617 -1
1847 46 2693 2625 -1
1875 26 2619 2686 2625 2625 2693 -1
1885 43 2625 2625 2655 2657 2697 2617 2619 -1
1891 23 2625 2619 -1
1896 50 2650 -1
1919 113 2617 2625 -1
1922 126 2623 2669 2604 2697 2625 -1
1925 22 2651 2654 2654 -1
1931 14 2654 -1
1943 3 2625 2625 -1
1948 8 2625 -1
1951 26 2625 2686 2653 2657 -1
1961 2 2654 -1
1966 17 2686 -1
1967 31 2693 -1
1972 184 2655 2674 2654 2693 2654 2686 2653 2619 2660 2620 2623 2651 2657 2625 2667 2697 2651 -1
1977 33 2685 -1
1980 44 2623 2685 2625 -1
1985 57 2646 2643 2623 2655 2674 2625 2625 -1
1990 29 2693 -1
1991 66 2685 2665 2625 -1
1992 16 2625 2665 -1
1997 88 2604 -1
2001 37 2625 -1
2003 42 2651 2623 2657 2625 -1
2009 46 2646 2660 2651 -1
2010 11 2658 -1
2016 12 2653 2697 2643 -1
2033 13 2654 -1
2041 5 2654 -1
2049 2 2657 -1
2062 118 2693 2625 2654 2651 2625 -1
2063 16 2685 -1
2065 45 2660 2619 2623 -1
2069 17 2685 -1
2071 8 2625 2625 -1
2072 121 2618 2665 2669 2643 2619 2625 2604 -1
2085 28 2685 -1
2091 6 2643 -1
2093 52 2604 2625 2685 2643 -1
2108 4 2625 2651 -1
2114 31 2625 2617 -1
2118 114 2651 2696 2653 2655 2617 2657 2667 2685 2693 -1
2119 4 2625 -1
2120 56 2625 2619 2657 2667 -1
2127 2 2625 -1
2129 42 2625 2657 -1
2133 122 2625 2619 2685 2665 2669 2604 2643 -1
2135 143 2654 2658 2657 2693 2625 2651 -1
2144 17 2653 -1
2145 134 2651 2620 -1
2153 4 2625 -1
2169 32 2685 2669 -1
2171 9 2660 2651 -1
2172 24 2685 -1
2174 49 2619 2620 2651 2625 2618 -1
2176 3 2654 -1
2178 2 2625 -1
2186 57 2665 -1
2209 25 2657 -1
2224 3 2625 -1
2225 36 2625 2651 -1
2229 17 2697 2607 -1
2230 38 2625 2625 2654 2651 2685 2619 -1
2231 26 2657 -1
2233 34 2604 2625 -1
2234 12 2654 -1
2236 75 2651 2697 2625 2662 2654 -1
2237 254 2657 2696 2619 2674 2697 2667 2660 2651 2654 2612 2646 2686 2693 2651 -1
2240 106 2665 2657 2651 2625 -1
2241 14 2604 2665 -1
2249 38 2625 2618 -1
2251 23 2651 2654 2625 -1
2252 15 2654 2674 2693 -1
2256 125 2651 2669 2685 2625 2657 2667 -1
2257 47 2686 2667 -1
2258 90 2605 2625 -1
2264 51 2654 2697 -1
2272 31 2651 2625 2643 2619 2625 -1
2274 33 2654 2625 -1
2281 2 2625 -1
2285 16 2625 -1
2289 13 2669 -1
2290 95 2686 2693 2660 2674 2657 2619 2654 2651 2667 2653 2655 -1
2294 4 2625 2665 -1
2297 150 2693 2625 2651 2619 2667 2685 2625 2660 2657 -1
2298 26 2646 2654 -1
2299 65 2619 2687 2620 2665 2651 2625 2625 -1
2306 4 2643 -1
2322 15 2625 2619 -1
2323 54 2651 2657 2660 2625 -1
2326 249 2653 2693 2657 2654 2660 2619 2623 2686 2653 2646 2687 2655 2612 2674 2667 -1
2328 205 2620 2619 2654 2665 2685 2653 2669 2660 2693 2643 2657 2667 2604 -1
2332 20 2657 2625 2651 -1
2342 4 2651 -1
2343 4 2650 -1
2349 2 2625 -1
2356 57 2657 2655 2662 2693 2654 -1
2357 12 2625 -1
2364 10 2660 2667 -1
2365 58 2685 2651 2646 2665 2618 2657 2660 -1
2366 6 2625 2643 2665 -1
2367 8 2625 2604 2643 -1
2371 93 2697 2653 2696 2654 2657 -1
2375 32 2612 2685 -1
2376 22 2620 -1
2381 37 2625 -1
2384 65 2625 -1
2398 56 2655 2625 2619 2686 2660 2651 -1
2411 96 2654 2660 2686 2657 2674 2653 2667 -1
2414 5 2643 2625 -1
2417 3 2643 -1
2435 29 2654 2618 2657 2625 2625 -1
2472 76 2685 2697 2662 2618 -1
2473 83 2625 2685 2669 2697 -1
2474 101 2685 2651 2662 2619 2654 2625 2617 2697 -1
2476 35 2617 -1
2485 286 2657 2696 2655 2619 2605 2653 2654 2667 2660 2653 2674 2646 2686 -1
2488 20 2625 -1
2497 37 2693 2657 2662 2625 2625 2685 -1
2502 22 2655 2660 -1
2504 82 2660 2655 2619 2605 -1
2506 28 2657 -1
2507 64 2625 2617 2693 2651 -1
2508 13 2669 2625 -1
2509 7 2619 2625 2685 -1
2510 69 2660 2693 2625 2625 2617 2674 2651 2654 -1
2516 36 2605 2657 -1
2524 4 2693 -1
2527 2 2625 -1
2541 27 2651 2617 2625 2625 -1
2542 73 2660 2693 2623 -1
2546 28 2660 2665 2693 2674 2654 -1
2547 64 2653 2625 2625 2674 2653 2662 2660 2654 2667 -1
2548 12 2646 2657 -1
2550 16 2697 -1
2557 77 2618 -1
2559 54 2617 2654 2654 2625 -1
2560 89 2654 2686 2655 2619 -1
2564 49 2693 2660 2657 -1
2565 827 2617 2655 2646 2605 2674 2651 2647 2662 2653 2667 2658 2657 2686 2687 2654 2612 2697 2693 2654 2696 2689 2653 2646 2660 2625 2623 -1
2572 7 2607 2629 -1
2574 2 2625 -1
2576 138 2697 2646 2620 2674 2693 2651 2662 2660 2687 2625 2689 -1
2578 13 2617 2625 2625 -1
2583 2 2625 -1
2585 46 2653 2625 2625 -1
2586 2 2643 -1
2587 12 2617 2625 -1
2593 26 2654 2693 2625 -1
2594 42 2665 2619 2625 2625 -1
2595 42 2625 2625 2657 2665 -1
2596 13 2643 2625 -1
2599 9 2665 -1
2603 1 2604 -1
2605 58 2625 2620 2625 -1
2606 1 2625 -1
2607 1 2625 -1
2608 14 2625 -1
2609 6 2620 2625 -1
2610 1 2625 -1
2611 8 2625 2617 2625 -1
2612 29 2625 2625 -1
2613 17 2686 2625 -1
2614 4 2625 -1
2615 3 2625 2625 -1
2616 1 2625 -1
2617 22 2625 2625 2697 2667 -1
2618 50 2669 2625 2651 2646 2625 2660 2665 2653 2657 -1
2619 44 2665 2697 2657 2625 2619 -1
2620 26 2665 2618 2625 2625 -1
2623 47 2667 2653 -1
2624 1 2625 -1
2633 1 2643 -1
2635 1 2643 -1
2636 1 2643 -1
2637 1 2643 -1
2638 1 2643 -1
2644 1 2645 -1
2646 30 2625 2617 -1
2649 1 2650 -1
2651 216 2653 2657 2660 2623 2686 2619 2662 2693 2612 2653 2665 2625 2667 -1
2653 102 2696 2625 2674 2654 2693 2657 2619 2660 2686 -1
2654 56 2674 2662 2686 2625 2653 2697 2657 2667 2693 -1
2655 30 2660 -1
2657 35 2693 2654 2625 -1
2658 231 2674 2689 2686 2654 2657 2696 2693 -1
2659 5 2655 -1
2660 148 2605 2651 2697 2657 2654 2654 2625 2693 2686 2653 -1
2661 1 2665 -1
2662 2 2665 -1
2663 2 2665 -1
2664 1 2665 -1
2668 1 2669 -1
2672 12 2685 -1
2674 83 2686 2697 2654 2651 2623 2660 2625 2619 2693 -1
2682 1 2685 -1
2683 8 2651 2685 -1
2684 1 2685 -1
2686 120 2651 2657 2623 2619 2653 2654 2662 2660 2653 2620 2625 2667 2697 2654 -1
2687 11 2662 2657 2651 -1
2688 516 2617 2693 2662 2612 2605 2623 2653 2620 2697 2654 2655 2686 2654 2653 2657 2625 2667 2660 2619 2696 2674 2651 2646 -1
2689 34 2657 -1
2690 25 2654 2651 2662 2625 -1
2691 39 2625 2658 2660 -1
2692 18 2651 2625 -1
2693 132 2653 2654 2625 2651 2657 2667 -1
2694 17 2651 -1
2695 6 2667 2653 2651 -1
2696 61 2625 2653 2651 2653 -1
2697 45 2657 2619 2654 2654 2625 -1
2699 63 2662 2657 2655 2667 2653 2660 -1
2700 113 2660 2612 2657 2655 2623 2674 2619 2693 2686 2653 2667 2654 2625 -1
2703 42 2660 2625 2623 -1
2704 40 2625 2693 2697 -1
2707 100 2619 2646 2617 2653 2625 2662 -1
2708 5 2651 -1
2711 2 2660 -1
2713 166 2646 2651 2674 2625 2667 2619 2654 2655 2693 2623 2660 2653 2612 2657 -1
2719 20 2653 -1
2727 35 2653 -1
2737 16 2651 -1
2740 28 2618 2693 -1
2744 36 2618 -1
2746 20 2651 2618 -1
2747 65 2654 2693 2687 2657 2625 2651 -1
2765 30 2612 -1
2774 45 2660 -1
2775 36 2660 -1
2790 145 2654 2657 2693 2660 2697 2662 2625 2651 2646 -1
2792 17 2625 2651 -1
2799 6 2686 -1
2807 4 2625 2617 -1
2815 10 2625 2619 2693 -1
2819 12 2660 2619 -1
2822 29 2625 2654 -1
2831 39 2625 2620 2619 2674 -1
2838 20 2660 2619 2657 -1
2842 93 2693 2646 2623 2653 2619 2651 2674 2654 2654 2660 2625 2667 -1
2859 90 2619 -1
2860 5 2623 -1
2871 165 2617 2662 2696 2612 2653 2619 2697 2689 2657 2655 -1
2872 54 2653 2625 2697 2619 -1
2875 6 2625 -1
2880 2 2686 -1
2883 18 2662 -1
2900 28 2625 2651 2657 2654 -1
2903 5 2625 -1
2908 11 2623 -1
2909 51 2625 2654 2657 2654 2697 2651 -1
2912 26 2625 -1
2923 33 2653 2657 -1
2925 18 2651 2625 2646 -1
2932 50 2651 2667 -1
2935 30 2646 -1
2939 5 2657 -1
2940 91 2625 2653 2660 2619 2657 2667 2693 2623 -1
2941 6 2693 -1
2947 10 2660 -1
2948 23 2697 2654 -1
2951 14 2625 2660 -1
2953 10 2654 -1
2958 48 2646 2625 -1
2964 59 2655 2651 2662 2653 -1
2967 232 2655 2657 2646 2660 2612 2693 2653 2653 2674 2654 2697 2696 -1
2968 37 2658 2653 2605 2697 -1
2969 3 2655 -1
2972 271 2605 2689 2612 2653 2619 2696 2646 -1
2976 7 2617 -1
2981 36 2658 2653 -1
2988 56 2696 2653 2657 2654 -1
2995 4 2617 -1
2999 6 2625 -1
3000 31 2660 2662 -1
3005 27 2625 2654 -1
3006 29 2662 2617 2654 -1
3007 8 2653 -1
3009 38 2667 2653 2660 2693 -1
3010 118 2693 2674 2660 2653 2654 2697 2657 2653 2667 -1
3016 2 2657 -1
3018 18 2623 -1
3020 48 2625 2651 2697 2623 -1
3024 47 2625 2651 2653 2660 2667 -1
3026 151 2660 2651 2653 2654 2697 2653 2696 2625 2654 2686 2693 2667 2674 -1
3028 99 2657 2651 2619 2625 2686 2653 2660 2653 2693 2654 2674 2623 -1
3031 42 2653 2693 2654 2625 2660 2697 2651 2657 -1
3032 205 2651 2662 2674 2657 -1
3033 38 2693 2674 2697 2653 2657 -1
3034 38 2625 -1
3036 4 2660 -1
3037 7 2651 -1
3039 14 2660 2625 2651 -1
3041 14 2697 -1
3053 8 2653 2651 -1
3055 42 2654 2693 2674 2651 2667 2654 2653 2619 -1
3056 34 2657 2667 2653 2623 -1
3059 34 2696 2653 2653 2625 2697 2651 -1
3062 30 2697 -1
3072 24 2654 2697 2623 2662 2625 -1
3073 33 2651 2660 2625 2657 -1
3081 14 2625 -1
3084 52 2657 -1
3087 7 2697 2696 -1
3089 4 2625 -1
3092 52 2697 2625 2689 -1
3095 25 2625 -1
3096 3 2697 -1
3098 25 2654 2662 2625 2697 -1
3107 10 2653 -1
3108 8 2654 2697 -1
3119 3 2625 -1
3120 4 2687 -1
3124 2 2625 -1
3125 16 2657 2625 2687 2651 -1
3127 12 2674 2625 2657 2693 -1
3129 2 2625 -1
3142 41 2658 2654 -1
3144 66 2693 2657 2660 2686 2619 2625 2654 -1
3146 1 2697 -1
3147 6 2697 -1
3148 18 2674 2667 2654 2697 -1
3150 9 2651 2654 -1
3159 8 2654 2625 -1
3162 3 2662 2654 -1
3168 69 2625 2655 2654 2653 2646 -1
3171 1 2657 -1
3175 34 2653 2657 2619 2653 2696 -1
3180 23 2654 2660 -1
3181 3 2654 -1
3182 1 2654 -1
3183 2 2654 2651 -1
3184 1 2654 -1
3185 3 2654 2654 -1
3186 1 2654 -1
3187 2 2654 2654 -1
3188 8 2654 2654 -1
3189 9 2654 -1
3192 39 2693 2655 2653 2660 2696 -1
3196 19 2651 2657 -1
3199 13 2612 -1
3202 6 2662 2651 -1
3203 1 2662 -1
3204 1 2662 -1
3209 32 2660 2689 2625 2657 -1
3225 13 2625 -1
3227 20 2651 -1
3250 2 2625 -1
3252 33 2693 2674 2625 2655 -1
3255 3 2625 -1
3258 69 2654 2686 2657 2674 2660 2625 -1
3260 8 2625 2651 -1
3262 8 2660 2651 -1
3268 1 2625 -1
3269 3 2625 -1
3270 2 2625 -1
3271 2 2625 -1
3272 2 2625 -1
3273 1 2625 -1
3274 60 2620 2625 -1
3275 10 2625 2657 -1
3276 60 2625 2653 2667 2612 2655 -1
3277 1 2625 -1
3278 1 2625 -1
3279 1 2625 -1
3282 2 2651 -1
3284 7 2623 -1
3290 29 2651 -1
3291 56 2687 2623 2619 2660 -1
3297 39 2655 -1
3301 15 2674 2657 -1
3304 31 2623 2693 2657 -1
3310 18 2658 -1
3312 1 2651 -1
3313 5 2651 -1
3314 1 2651 -1
3315 13 2651 -1
3316 3 2651 -1
3317 15 2619 2651 -1
3325 6 2653 2667 -1
3326 12 2653 -1
3333 14 2657 2660 2674 -1
3334 11 2646 -1
3345 36 2660 2623 -1
3346 4 2657 -1
3349 9 2667 -1
3350 55 2619 -1
3352 165 2619 2657 2696 2689 2693 2655 2660 2646 2653 2667 -1
3366 31 2657 -1
3375 36 2657 2653 -1
3377 4 2654 -1
3378 37 2657 -1
3379 19 2667 2660 2653 -1
3380 33 2660 2657 2654 -1
3381 177 2623 -1
3383 2 2653 -1
3388 11 2646 2657 -1
3390 47 2605 2696 -1
3391 4 2660 -1
3392 26 2619 2657 -1
3394 121 2653 2660 2657 2693 2646 2687 -1
3402 88 2623 2689 -1
3404 73 2693 2657 2654 2623 2667 -1
3417 31 2653 2657 2653 -1
3422 2 2660 -1
3439 69 2655 2657 2653 2619 2674 2693 2667 2620 -1
3443 13 2693 -1
3447 214 2605 2658 -1
3449 306 2696 2646 2605 2689 -1
3451 49 2653 2612 -1
3452 91 2696 2605 -1
3453 241 2696 2689 2646 2605 -1
3454 124 2653 2619 2657 2693 2612 -1
3455 59 2696 -1
3456 250 2612 2696 2689 2658 -1
3457 97 2686 2619 2657 2612 -1
3458 61 2686 2657 -1
3462 36 2696 -1
3469 21 2686 -1
3470 21 2654 2693 2674 2623 2667 -1
3477 45 2654 2619 2687 2653 2623 2674 -1
3478 42 2687 2693 -1
3479 83 2646 2612 2619 2657 2653 2667 -1
3480 12 2654 2660 2657 -1
3481 11 2653 2686 2660 -1
3482 10 2654 -1
3483 16 2657 2674 2654 -1
3488 14 2655 -1
3496 7 2623 2660 -1
3498 96 2605 -1
3504 1 2623 -1
3508 7 2660 -1
3512 8 2653 -1
3513 3 2660 -1
3518 5 2657 -1
3519 49 2686 2693 2657 2619 -1
3523 15 2693 2657 -1
3525 13 2657 -1
3526 6 2654 -1
3527 47 2686 2657 2619 -1
3530 2 2660 -1
3535 5 2653 -1
3536 4 2667 -1
3539 2 2660 -1
3540 2 2660 -1
3541 62 2657 2667 2646 2655 2660 2686 -1
3542 4 2660 -1
3543 2 2660 2657 -1
3544 3 2660 2657 -1
3545 2 2660 -1
3553 5 2653 -1
3555 11 2693 2667 -1
3556 11 2686 -1
3560 12 2653 2667 -1
3561 2 2667 -1
3562 38 2667 2657 2674 2619 -1
3563 3 2667 -1
3564 2 2667 -1
3565 1 2667 -1
3566 1 2667 -1
3567 17 2657 2619 2667 2654 -1
3568 128 2657 2612 2653 2653 -1
3571 39 2653 -1
3583 3 2657 -1
3586 135 2658 -1
3589 5 2657 -1
3593 26 2654 -1
3597 11 2696 -1
3598 2 2654 -1
3600 6 2674 -1
3601 41 2696 2657 -1
3610 4 2674 -1
3611 19 2674 2657 2693 2654 -1
3614 187 2689 2605 -1
3615 113 2653 2655 2646 2686 2619 2657 -1
3622 22 2657 -1
3624 49 2657 2655 2619 2653 -1
3630 30 2612 2657 -1
3631 70 2653 2619 -1
3633 26 2657 -1
3635 33 2655 -1
3641 194 2653 2696 -1
3642 291 2658 2620 2605 -1
3643 35 2605 2619 -1
3645 34 2653 2646 -1
3646 9 2657 -1
3653 2 2693 -1
3655 7 2693 -1
3656 4 2693 -1
3657 1 2693 -1
3658 38 2620 2693 -1
3660 67 2619 2653 2696 -1
3661 28 2619 -1
3665 13 2658 -1
3666 125 2655 -1
3678 13 2686 -1
3679 2 2657 -1
3682 20 2619 2655 2686 2653 2657 -1
3683 7 2654 -1
3684 1 2654 -1
3685 2 2654 -1
3686 3 2654 -1
3687 1 2654 -1
3688 3 2654 -1
3689 1 2654 -1
3690 1 2654 -1
3691 70 2689 2658 2654 -1
3714 15 2653 -1
3720 9 2657 -1
3724 69 2612 2653 2646 -1
3725 3 2657 -1
3726 3 2655 -1
3748 26 2653 2696 -1
3751 10 2619 -1
3752 15 2619 -1
3754 6 2657 -1
3757 1 2657 -1
3758 1 2657 -1
3759 1 2657 -1
3760 1 2657 -1
3761 2 2657 -1
3762 8 2657 -1
3763 1 2657 -1
3764 6 2657 -1
3786 72 2605 -1
3787 233 2619 2658 2696 2653 2612 -1
3794 44 2696 2612 -1
3806 31 2612 -1
3812 32 2655 -1
3813 72 2653 2605 2646 -1
3814 24 2653 -1
3815 14 2655 -1
3842 12 2619 -1
3850 2 2655 -1
3854 79 2696 2653 2619 -1
3917 23 2646 -1
3925 6 2653 -1
3948 10 2646 2619 -1
3949 26 2653 2655 -1
3958 16 2619 -1
3959 1 2619 -1
3960 11 2619 -1
3961 16 2619 2655 -1
3965 79 2653 2646 -1
3969 58 2689 -1
3985 26 2655 -1
4006 2 2655 -1
4007 9 2655 -1
4008 7 2655 -1
4036 139 2696 2653 2605 -1
4039 9 2653 -1
4040 71 2605 -1
4042 21 2653 -1
4045 244 2696 2689 -1
4065 104 2612 2646 2620 2653 -1
4070 56 2646 2605 2653 -1
4072 21 2696 -1
4073 90 2653 -1
4074 33 2696 2653 -1
4076 52 2696 -1
4077 63 2653 2696 -1
4123 23 2612 -1
4124 27 2612 -1
4138 59 2646 2612 -1
4142 30 2612 2646 -1
4151 79 2696 -1
4152 34 2646 -1
4159 2 2653 -1
4211 39 2696 2646 -1
4219 101 2696 -1
4273 19 2612 -1
4275 4 2696 -1
4276 47 2605 -1
4310 225 2605 -1
4358 1 2612 -1
4415 15 2696 -1
4422 7 2646 -1
4426 5 2696 -1
4441 186 2689 -1
4483 137 2658 2689 -1
4488 35 2658 2689 -1
4574 37 2620 -1
4632 202 2689 2658 -1
4647 9 2696 -1
4653 80 2689 2605 -1
4673 68 2620 -1
4681 10 2696 -1
4686 40 2689 -1
4688 59 2696 -1
4717 57 2658 -1
4718 31 2689 -1
4750 3 2696 -1
4767 10 2620 -1
4795 66 2658 -1
4824 88 2605 -1
4829 57 2689 -1
4859 29 2689 -1
4891 3 2696 -1
4893 5 2696 -1
4894 34 2689 2696 -1
4899 160 2689 -1
4948 194 2658 2689 2605 -1
4966 25 2689 -1
4967 317 2689 2605 2620 -1
4974 41 2689 -1
4981 49 2658 2689 -1
5022 173 2620 -1
5079 240 2605 -1
5140 50 2620 2689 -1
5155 16 2689 -1
5160 9 2620 -1
5176 100 2605 -1
5177 92 2620 -1
5179 212 2605 2620 -1
5180 47 2605 -1
5181 29 2605 -1
5184 64 2605 -1
5185 120 2605 -1
5188 211 2605 -1
5189 237 2620 2605 -1
5190 56 2605 -1
5198 5 2689 -1
5199 19 2658 -1
5246 29 2620 -1
5254 34 2689 -1
5255 4 2689 -1
5263 74 2605 -1
5301 42 2605 -1
5342 22 2658 -1
5524 402 2658 -1
5543 128 2658 -1
5584 12 2620 -1
5606 23 2605 -1
5697 219 2620 -1
5796 173 2658 -1
5800 182 2658 -1
5802 248 2658 2620 -1
5998 80 2620 -1
6032 70 2658 -1
6043 38 2658 -1
6072 45 2658 -1
6118 2 2620 -1
6174 10 2658 -1
6198 12 2620 -1
6217 28 2620 -1
6272 80 2620 -1
6305 147 2620 -1
6314 9 2620 -1
6415 3 2620 -1
6443 51 2620 -1
6467 8 2620 -1
6469 2 2620 -1
6479 13 2620 -1
6483 18 2620 -1
6488 19 2620 -1
6596 137 2658 -1
6605 9 2620 -1
6624 122 2620 2658 -1
6625 2 2620 -1
6626 8 2620 -1
6665 25 2658 -1
6676 5 2658 -1
6784 41 2658 -1
6900 29 2658 -1
6907 183 2658 -1
6914 52 2658 -1
6916 30 2658 -1
6951 26 2658 -1
7012 10 2658 -1
7021 15 2658 -1
7047 133 2658 -1
7080 58 2658 -1
7086 111 2658 -1
7131 23 2658 -1
7279 17 2658 -1
7280 71 2658 -1
7301 18 2658 -1
7390 18 2658 -1
7391 47 2658 -1
7443 10 2658 -1
7471 9 2658 -1
7564 30 2658 -1
7675 16 2658 -1
7733 42 2658 -1
7775 11 2658 -1
7865 22 2658 -1
7882 10 2658 -1
7902 18 2658 -1
7904 6 2658 -1
7985 1 2658 -1