6 258 1518 1514 1587 1514 1525 1549 1538 1597 1555 1506 1556 1507 1573 1531 1563 1501 1524 -1
9 71 1580 1525 -1
11 733 1585 1556 1501 1555 1513 1524 1531 1549 1507 1521 1592 1534 1525 1550 1542 1506 1514 1583 1518 1566 1547 1538 1532 1549 1565 1520 -1
12 54 1573 -1
16 16 1580 -1
17 37 1513 -1
20 153 1513 1501 1585 -1
23 48 1538 1593 -1
24 270 1542 1585 1547 1548 1549 1501 1538 1566 -1
29 136 1548 -1
36 231 1513 1555 1506 1585 1566 1518 1524 1538 1549 -1
42 88 1548 -1
45 7 1513 1507 -1
46 58 1542 1593 1565 -1
47 113 1585 1573 -1
49 12 1550 -1
56 20 1549 -1
59 94 1595 -1
60 9 1521 -1
68 187 1592 -1
71 68 1549 1573 1593 1513 1518 1585 -1
72 113 1597 1538 -1
74 69 1583 -1
77 23 1550 1563 -1
78 26 1513 -1
86 101 1585 1514 1525 -1
87 164 1585 1549 1573 -1
90 63 1596 -1
106 5 1595 -1
109 166 1538 1521 -1
113 68 1597 1513 1563 1565 -1
122 193 1549 -1
128 51 1524 1556 1538 -1
136 64 1549 1564 -1
138 69 1597 -1
139 32 1507 -1
143 95 1573 1506 1593 -1
145 15 1569 -1
147 50 1566 -1
157 41 1556 -1
161 27 1585 -1
166 77 1585 -1
171 56 1549 1501 1556 1524 -1
172 120 1571 1549 -1
173 332 1542 1547 1518 1593 1501 1514 1524 1556 1550 1565 1580 1563 1537 1525 1520 1506 1587 1583 1566 1585 1534 1595 1531 -1
176 39 1531 1537 1520 1593 -1
177 16 1593 1592 -1
180 54 1542 -1
182 59 1525 -1
187 32 1573 -1
199 11 1520 -1
215 84 1514 1521 -1
226 13 1573 -1
232 19 1563 -1
255 87 1538 1573 -1
263 21 1573 -1
270 14 1585 -1
280 76 1585 -1
282 32 1501 -1
290 61 1593 1514 -1
304 64 1514 1534 -1
306 215 1537 1538 1587 1595 1518 1556 1573 1585 1524 1506 1501 -1
308 144 1525 1538 1506 1593 1587 1513 1585 1566 -1
310 236 1501 1518 1538 1514 1573 1520 1585 -1
311 312 1538 1593 1549 1514 1521 1587 1534 1583 1549 1525 1585 1549 1547 1592 1580 -1
312 223 1595 1556 1520 1573 1580 -1
313 41 1593 1538 -1
315 70 1593 -1
317 126 1520 1556 1518 1573 1555 1538 1506 1593 1524 1585 -1
319 193 1593 1587 1573 1537 1514 1566 1580 -1
325 15 1549 -1
335 48 1513 1573 -1
339 79 1506 1525 -1
371 117 1573 -1
376 36 1518 -1
395 37 1593 1506 -1
399 6 1513 -1
403 18 1521 -1
404 5 1521 -1
407 101 1534 1585 1566 -1
423 6 1593 -1
427 6 1593 -1
432 155 1531 1542 1524 -1
457 640 1549 1531 1555 1593 1547 1573 1538 1537 1534 1524 1507 1520 1556 1569 1566 1585 1580 1514 -1
546 107 1547 1571 -1
554 4 1566 -1
556 117 1542 -1
588 23 1547 -1
600 171 1549 1521 1555 1585 1514 1548 -1
633 48 1593 1580 1573 -1
634 106 1585 1537 1514 -1
635 52 1566 -1
636 9 1524 -1
637 26 1573 -1
643 44 1534 -1
644 23 1524 1593 1585 -1
647 29 1547 -1
650 85 1592 -1
663 133 1525 1573 1538 -1
664 6 1513 -1
686 57 1514 1534 1518 1524 1538 -1
695 87 1585 1580 1521 -1
697 85 1595 1513 1548 -1
699 7 1585 -1
704 82 1514 1595 1501 -1
706 56 1573 1520 1593 1585 1501 -1
707 110 1506 1573 1525 1542 1537 1521 1593 1538 1563 1580 1556 1514 1587 1518 -1
710 88 1593 1514 1525 1585 -1
712 18 1595 1585 1525 1555 -1
722 124 1537 1593 1573 1566 1556 1534 -1
730 29 1506 -1
759 55 1580 1534 -1
763 45 1520 -1
766 709 1571 1550 1514 1585 1538 -1
769 137 1597 1580 1566 1592 -1
775 2 1585 -1
781 5 1514 -1
784 205 1525 1585 1534 1514 1549 1549 1513 1573 -1
788 52 1587 1585 -1
789 209 1525 1549 1585 1506 -1
791 29 1597 1506 -1
794 9 1573 -1
795 57 1524 1595 1587 1501 1549 -1
796 5 1550 -1
805 82 1542 1580 1506 1573 1514 1593 1501 -1
810 19 1514 -1
811 3 1531 -1
813 261 1542 1566 1597 1525 1585 1549 1571 1521 1534 1565 1547 -1
820 9 1506 -1
822 11 1566 -1
825 139 1549 1549 -1
826 218 1585 1563 1520 1556 1507 1518 1534 1571 1538 1521 1597 1513 1537 1565 1531 1566 1595 1506 1573 -1
836 26 1525 -1
841 22 1521 -1
854 56 1549 1549 1538 -1
856 30 1521 -1
859 7 1547 -1
865 45 1563 -1
869 9 1547 -1
870 37 1514 1520 1555 1573 -1
871 47 1518 1538 1513 1524 1506 -1
879 108 1549 1549 -1
885 6 1563 1556 -1
899 22 1592 -1
904 59 1513 1547 1542 -1
915 7 1580 -1
918 15 1525 -1
922 147 1565 1555 1514 1501 1520 1580 1550 1506 1597 1593 1585 1595 1587 1573 1514 1538 1549 1525 -1
928 13 1514 -1
935 19 1534 -1
937 33 1585 -1
941 74 1538 1593 1514 1521 1587 1580 1555 -1
943 28 1518 1538 -1
946 85 1585 1565 -1
948 26 1534 -1
949 9 1580 1573 -1
960 17 1564 -1
968 5 1592 -1
970 10 1518 -1
971 53 1514 1538 1501 1555 1525 1573 -1
978 54 1585 1514 -1
981 16 1593 -1
986 50 1549 1573 1549 1549 -1
988 257 1571 1549 1549 -1
993 233 1537 1506 1520 1501 1549 1583 1538 1587 1565 1547 1556 1580 1542 1514 1585 1566 1534 1573 1555 -1
996 279 1521 1565 1547 1571 1542 1592 -1
1000 34 1501 1525 -1
1006 130 1534 1585 1573 1583 1597 1518 1587 1506 1593 1555 1547 1514 1524 1595 1556 1538 -1
1009 43 1514 -1
1024 40 1592 1549 -1
1029 20 1524 1538 1506 1513 -1
1031 16 1549 -1
1032 34 1556 1506 1520 -1
1034 34 1585 1595 -1
1035 10 1547 -1
1037 50 1592 1549 1571 1514 1585 1520 -1
1039 6 1585 -1
1041 31 1514 1585 -1
1042 38 1592 -1
1046 9 1537 -1
1051 48 1592 -1
1055 139 1514 1597 1585 1593 1555 1587 1573 1531 1538 -1
1062 157 1583 1521 1566 1534 -1
1068 3 1534 -1
1075 59 1548 1537 1525 -1
1082 4 1506 -1
1095 10 1542 -1
1097 93 1549 1564 1521 1573 1595 -1
1098 260 1583 1542 1565 1514 1549 1521 1549 -1
1099 8 1542 -1
1111 42 1542 1583 1548 -1
1125 22 1585 -1
1127 58 1525 1593 1507 -1
1128 10 1525 -1
1129 53 1514 1573 1557 1580 1556 1514 1538 1585 1563 1537 -1
1133 282 1587 1549 1555 -1
1135 112 1501 1580 1585 1555 1534 -1
1137 104 1521 1592 1534 1514 1524 1549 1585 1566 -1
1142 28 1592 -1
1150 8 1583 -1
1151 460 1549 1521 1566 1537 1583 1549 1571 1592 1597 1549 1542 1565 1550 1585 1555 1547 -1
1164 23 1513 1573 -1
1166 318 1571 1549 1549 1585 1566 1549 1547 1521 -1
1167 78 1514 1585 1501 1580 1593 1538 -1
1183 8 1592 -1
1184 57 1564 1585 1538 -1
1185 25 1585 1525 -1
1193 23 1595 1518 -1
1200 92 1592 -1
1201 32 1580 1514 1593 -1
1202 68 1580 1597 1547 1531 1555 1525 1514 1585 -1
1203 20 1549 -1
1210 221 1585 1547 1534 1565 1514 1549 1549 1592 -1
1211 66 1585 1514 1521 -1
1215 40 1534 -1
1221 75 1587 1524 1538 1566 1571 1585 1518 -1
1230 31 1514 1587 -1
1234 15 1538 1580 1587 -1
1236 98 1538 1518 1521 1520 1593 1525 1555 1514 -1
1241 33 1549 1514 -1
1242 12 1555 -1
1243 2 1593 -1
1247 69 1580 1585 1514 -1
1248 22 1525 1587 -1
1253 21 1566 1501 -1
1259 41 1571 -1
1261 6 1514 -1
1267 61 1514 1521 1566 1534 -1
1278 51 1580 1563 1538 -1
1279 126 1531 1520 1549 1538 1597 1549 1555 1513 1563 1507 1587 1595 1549 1573 1506 1524 1518 1580 -1
1284 18 1534 1585 -1
1290 15 1573 1580 1518 -1
1291 34 1549 1506 -1
1293 26 1531 1507 1542 -1
1297 48 1514 1585 -1
1299 4 1525 -1
1305 227 1556 1587 1592 1571 1595 1593 1563 -1
1306 19 1514 -1
1315 3 1566 -1
1319 185 1573 1531 1566 1538 1521 1593 1537 1549 1556 1595 1585 -1
1335 39 1521 1555 -1
1339 4 1585 1593 -1
1350 114 1538 1566 1506 1585 1534 1514 1555 1520 1547 1597 -1
1352 118 1573 1585 1583 1531 1514 1580 1556 1534 1555 1566 -1
1353 24 1548 -1
1356 18 1595 -1
1357 84 1514 1585 1525 1593 1571 1538 1513 1580 1518 -1
1358 7 1549 -1
1367 17 1571 1538 -1
1368 12 1542 -1
1374 385 1534 1580 1521 1585 1573 1506 -1
1377 31 1514 1518 1597 -1
1380 59 1547 1573 1518 1538 1513 -1
1381 51 1514 1566 -1
1384 20 1593 -1
1385 24 1593 -1
1386 56 1555 1595 1534 1585 1525 1518 1566 -1
1392 2 1525 -1
1395 192 1501 1555 1514 1597 1580 1583 1547 1538 1550 1566 1534 -1
1419 29 1521 -1
1420 13 1525 1587 -1
1423 5 1573 -1
1424 41 1556 1595 1593 -1
1428 159 1583 1555 1534 1514 1520 1566 1521 1585 -1
1439 9 1518 1538 -1
1441 23 1525 1514 -1
1442 17 1555 1525 1538 -1
1447 7 1593 -1
1462 30 1549 -1
1466 24 1593 1597 1538 -1
1470 115 1555 1585 1501 -1
1471 45 1501 1514 1556 -1
1480 44 1534 1514 1585 -1
1482 26 1580 1514 1585 1547 -1
1483 51 1525 1580 1537 1573 1507 1514 1595 1555 1538 -1
1487 115 1501 1525 1534 1549 1520 -1
1489 41 1520 1583 1555 1593 1538 1514 -1
1492 159 1550 1537 1595 1506 1587 1520 1518 1597 1593 1555 1534 1538 1580 1585 1525 -1
1495 10 1514 -1
1496 190 1555 1521 1571 1585 1593 1514 1501 -1
1497 18 1556 1580 1550 1538 1593 1573 1531 -1
1499 10 1580 1547 1597 1573 -1
1500 26 1538 -1
1501 19 1501 1514 -1
1502 2 1506 -1
1503 2 1506 -1
1504 6 1506 1513 -1
1505 3 1506 -1
1506 34 1524 1520 1556 -1
1510 16 1563 1513 1531 1556 1518 1524 1538 -1
1521 104 1583 1585 1514 -1
1522 90 1521 1534 1514 -1
1523 1 1524 -1
1525 33 1520 1514 -1
1528 1 1531 -1
1530 10 1566 -1
1533 1 1533 -1
1534 1 1538 -1
1535 2 1538 -1
1536 1 1538 -1
1537 72 1514 1549 1538 1549 -1
1538 75 1514 1555 1564 1534 -1
1542 237 1565 1549 -1
1547 27 1549 1549 1573 1593 -1
1549 522 1580 1555 1514 1583 1565 1521 1501 1566 1592 1571 1597 1547 1534 1585 -1
1552 50 1566 1534 -1
1553 10 1514 -1
1554 4 1556 1563 -1
1555 67 1563 1597 1514 1587 1556 -1
1558 1 1563 -1
1559 1 1563 -1
1560 2 1563 -1
1564 27 1555 -1
1569 4 1569 -1
1570 4 1569 -1
1571 23 1585 1514 -1
1574 1 1537 -1
1575 1 1537 -1
1578 1 1580 -1
1579 1 1580 -1
1582 9 1521 -1
1583 78 1549 1542 1549 -1
1584 1 1587 -1
1585 80 1547 1587 1520 -1
1587 4 1585 -1
1590 1 1593 -1
1591 1 1593 -1
1592 25 1593 -1
1594 108 1534 1549 1555 1566 1585 1595 1514 -1
1596 31 1550 1597 -1
1605 10 1520 1525 -1
1608 344 1592 1565 1520 1585 1583 1514 1525 1521 1542 1566 1534 -1
1610 12 1555 -1
1611 1 1596 -1
1613 12 1520 -1
1614 71 1592 1525 1549 1583 1514 -1
1615 109 1501 1555 1550 1585 1566 1534 1520 -1
1621 76 1514 1583 1521 -1
1622 39 1585 1514 -1
1623 36 1565 1555 -1
1625 2 1525 -1
1626 2 1525 -1
1628 10 1542 1514 -1
1639 36 1592 -1
1644 46 1521 -1
1646 4 1585 -1
1655 1 1520 -1
1656 1 1520 -1
1686 1 1501 -1
1687 6 1501 -1
1691 47 1566 -1
1693 6 1566 -1
1697 42 1555 -1
1700 48 1555 1585 1521 -1
1701 98 1549 1549 -1
1705 44 1565 1566 1542 -1
1717 98 1585 -1
1719 10 1596 -1
1730 29 1565 1549 -1
1733 40 1549 1514 -1
1734 47 1521 1585 -1
1748 37 1592 1521 -1
1749 63 1565 -1
1756 82 1534 1514 1550 1547 -1
1759 3 1514 -1
1762 37 1555 -1
1767 75 1534 -1
1769 64 1549 1585 -1
1772 95 1549 1521 1550 1555 1514 1585 -1
1783 58 1542 -1
1795 41 1549 1571 -1
1803 20 1549 -1
1808 103 1514 1521 1566 1564 1549 1549 1585 -1
1813 33 1549 -1
1820 90 1521 1514 -1
1821 3 1514 -1
1822 10 1514 1585 -1
1830 3 1542 -1
1831 4 1542 -1
1835 55 1592 -1
1836 16 1585 -1
1837 26 1566 1542 -1
1838 54 1585 -1
1868 20 1583 -1
1885 43 1534 1549 -1
1894 1 1534 -1
1895 1 1534 -1
1896 50 1549 1534 1549 -1
1908 9 1566 -1
1918 18 1565 1542 -1
1919 113 1542 1585 1566 1521 1550 1583 1547 -1
1922 126 1521 1549 1549 1571 -1
1925 22 1542 -1
1931 14 1542 -1
1935 5 1548 -1
1937 6 1548 -1
1962 27 1550 -1
1965 9 1566 -1
1966 17 1585 -1
1972 184 1549 1549 1571 1596 -1
1977 33 1565 -1
1980 44 1585 -1
1985 57 1549 1549 -1
1986 13 1585 -1
1990 29 1549 -1
1991 66 1521 -1
1997 88 1542 1585 1547 -1
2033 13 1548 -1
2054 3 1564 -1
2056 1 1550 -1
2057 1 1550 -1
2058 1 1550 -1
2061 4 1585 -1
2062 118 1566 1585 1542 1583 1565 -1
2063 16 1585 -1
2065 45 1549 1549 -1
2072 121 1521 1596 1592 1583 1547 1542 -1
2085 28 1521 -1
2093 52 1566 -1
2099 21 1565 1547 -1
2102 31 1549 -1
2118 114 1571 1565 1566 1547 -1
2120 56 1549 -1
2125 3 1566 -1
2133 122 1521 1547 1596 1565 -1
2145 134 1549 -1
2156 17 1549 -1
2169 32 1521 -1
2174 49 1583 1592 -1
2188 2 1548 -1
2225 36 1564 -1
2226 23 1571 -1
2233 34 1547 -1
2237 254 1549 1549 -1
2240 106 1549 1565 -1
2249 38 1565 -1
2251 23 1542 -1
2252 15 1549 -1
2255 31 1547 1565 -1
2256 125 1549 1549 1565 1521 -1
2258 90 1549 -1
2264 51 1549 -1
2272 31 1521 -1
2282 5 1542 -1
2283 1 1542 -1
2290 95 1549 -1
2297 150 1571 -1
2299 65 1549 -1
2322 15 1547 -1
2323 54 1571 1549 -1
2324 2 1565 -1
2326 249 1549 1571 -1
2328 205 1549 1549 1521 1547 1564 -1
2357 12 1521 1547 -1
2365 58 1571 1521 -1
2398 56 1549 1571 -1
2411 96 1571 -1
2472 76 1592 1521 1549 -1
2473 83 1521 -1
2474 101 1592 -1
2485 286 1549 1549 1571 1549 -1
2502 22 1549 -1
2535 24 1549 -1
2541 27 1549 -1
2542 73 1549 -1
2546 28 1549 -1
2550 16 1549 -1
2557 77 1596 -1
2560 89 1571 -1
2565 827 1549 1549 1596 1571 1549 -1
2585 46 1549 -1
2593 26 1521 -1
2595 42 1548 -1
2612 29 1548 -1
2618 50 1549 1549 -1
2619 44 1549 -1
2620 26 1564 -1
2623 47 1571 -1
2647 16 1521 1564 -1
2651 216 1549 1571 1549 -1
2653 102 1549 -1
2672 12 1521 1564 -1
2674 83 1571 -1
2677 37 1549 -1
2686 120 1571 -1
2688 516 1549 1571 1549 1549 -1
2693 132 1571 -1
2697 45 1549 -1
2700 113 1571 -1
2703 42 1571 -1
2707 100 1549 -1
2713 166 1549 1571 -1
2719 20 1549 -1
2727 35 1521 -1
2728 1 1521 -1
2746 20 1549 1549 -1
2772 1 1592 -1
2773 1 1592 -1
2774 45 1592 -1
2790 145 1571 1549 1549 -1
2819 12 1549 -1
2833 7 1549 -1
2842 93 1571 1549 -1
2871 165 1571 -1
2872 54 1549 -1
2900 28 1571 1549 -1
2904 16 1549 -1
2925 18 1596 -1
2932 50 1549 -1
2940 91 1571 -1
2950 11 1596 -1
2967 232 1549 1571 -1
2972 271 1549 -1
2981 36 1549 -1
2982 1 1596 -1
2983 18 1596 -1
3005 27 1549 1549 -1
3010 118 1549 -1
3026 151 1548 -1
3027 31 1549 -1
3031 42 1571 -1
3033 38 1571 -1
3055 42 1549 -1
3056 34 1571 -1
3057 36 1571 -1
3094 5 1549 -1
3148 18 1549 -1
3190 4 1548 -1
3196 19 1571 -1
3256 20 1549 -1
3260 8 1549 -1
3274 60 1549 -1
3275 10 1571 -1
3276 60 1549 -1
3290 29 1571 -1
3333 14 1571 -1
3334 11 1571 -1
3345 36 1571 -1
3349 9 1571 -1
3352 165 1571 -1
3379 19 1571 -1
3381 177 1571 -1
3392 26 1549 -1
3394 121 1549 -1
3402 88 1549 -1
3439 69 1571 -1
3445 15 1549 -1
3447 214 1549 -1
3453 241 1549 -1
3454 124 1549 -1
3456 250 1549 -1
3459 73 1549 -1
3462 36 1548 -1
3466 12 1549 -1
3498 96 1571 -1
3519 49 1549 -1
3562 38 1549 -1
3615 113 1549 -1
3631 70 1549 -1
3633 26 1549 -1
3641 194 1549 -1
3642 291 1548 -1
3705 2 1549 -1
3719 14 1549 -1
3728 71 1549 -1
3764 6 1549 -1
3787 233 1549 -1
3806 31 1548 -1
3830 18 1549 -1
3890 3 1548 -1
3956 55 1549 -1
3961 16 1549 -1
3965 79 1549 -1
3991 4 1549 -1
3992 2 1549 -1
4072 21 1549 -1
4099 101 1549 -1
4150 13 1548 -1
4151 79 1549 -1
4276 47 1548 -1
4486 9 1549 -1
4550 81 1549 -1
4632 202 1548 -1
4662 44 1549 -1
4765 2 1548 -1
4828 105 1549 -1
4967 317 1549 -1
5002 116 1549 -1
5020 45 1549 -1
5022 173 1549 -1
5166 41 1549 -1
5179 212 1549 -1
5188 211 1549 -1
5189 237 1549 -1
5445 39 1549 -1
5468 7 1548 -1
5501 1 1548 -1
5524 402 1549 -1
5531 224 1549 -1
5532 16 1549 -1
5540 3 1548 -1
5543 128 1549 -1
5582 105 1549 -1
5612 38 1549 -1
5692 19 1549 -1
5697 219 1549 -1
5714 42 1549 -1
5796 173 1549 -1
5814 106 1549 -1
5816 50 1549 -1
5862 24 1549 -1
6032 70 1549 -1
6272 80 1549 -1
6305 147 1549 -1
6359 72 1549 -1
6494 70 1549 -1
6523 31 1549 -1
6609 2 1549 -1
6615 119 1549 -1
6620 91 1549 -1
6790 10 1549 -1
6912 3 1549 -1
6951 26 1549 -1