3 23 28 30 54 39 -1
4 8 38 28 30 -1
5 17 6 54 8 89 50 30 38 61 23 55 -1
6 258 89 38 34 28 80 54 3 28 23 61 50 29 8 56 35 86 39 19 30 56 55 -1
7 20 35 55 28 75 6 38 54 61 30 -1
8 162 23 30 56 34 50 49 28 80 86 75 55 54 6 39 36 89 61 28 19 -1
9 71 61 86 28 75 54 23 80 55 30 34 -1
10 70 34 3 50 89 54 8 38 6 30 23 28 19 -1
11 733 35 6 19 30 8 49 8 36 50 28 34 72 28 56 61 28 75 55 54 38 29 23 15 89 86 -1
12 54 28 80 28 30 -1
13 8 30 -1
14 105 23 75 54 49 49 3 55 32 28 28 28 56 30 61 -1
15 42 49 54 49 23 55 38 61 32 28 28 30 28 8 56 -1
16 16 30 28 -1
17 37 30 35 3 8 55 28 50 54 -1
18 8 30 55 36 -1
19 38 89 28 30 38 54 3 23 61 55 50 6 -1
20 153 75 6 30 55 56 19 89 61 80 34 36 54 50 3 -1
21 77 28 30 86 54 75 61 89 35 -1
22 2 30 -1
23 48 55 29 80 38 50 30 -1
24 270 19 3 15 36 35 54 34 8 30 28 50 -1
25 63 50 75 23 28 55 29 80 86 28 35 54 28 -1
26 87 19 80 28 23 55 89 56 39 6 50 54 34 3 38 28 -1
27 89 28 34 15 19 55 6 -1
28 110 6 3 75 34 19 29 50 8 55 35 38 86 80 54 61 49 -1
29 136 28 55 23 86 50 54 28 3 56 39 -1
31 6 49 75 -1
32 2 75 -1
33 20 8 38 54 56 50 -1
34 4 39 54 6 3 -1
35 64 50 54 39 3 -1
36 231 86 80 15 89 28 54 35 38 50 28 55 -1
37 21 54 50 -1
38 12 54 55 75 -1
39 39 6 54 35 29 28 8 50 23 80 -1
40 10 54 55 -1
41 30 56 3 54 56 28 28 75 28 -1
42 88 28 50 23 75 56 80 54 55 34 19 -1
43 4 54 -1
44 42 15 54 -1
45 7 55 54 -1
46 58 54 3 56 36 -1
47 113 28 55 56 61 54 19 3 28 80 50 -1
48 17 54 86 -1
49 12 28 54 -1
50 12 61 54 23 28 -1
51 12 54 55 80 -1
52 1 54 -1
53 25 15 54 28 -1
54 7 3 28 -1
55 53 75 80 36 29 28 61 86 38 6 28 8 -1
56 20 61 49 6 -1
57 12 61 55 -1
58 35 15 55 89 61 80 75 28 50 23 -1
59 94 15 61 86 3 49 28 49 56 -1
60 9 61 -1
62 11 6 -1
63 1 6 -1
64 1 6 -1
65 2 89 6 -1
66 41 6 55 28 56 -1
67 12 75 56 -1
68 187 72 15 75 56 -1
71 68 50 80 86 19 55 35 -1
72 113 56 8 28 89 8 39 -1
73 10 75 8 3 -1
74 69 75 56 55 28 29 35 28 49 86 -1
75 24 8 8 28 28 56 28 8 56 -1
76 2 8 -1
77 23 28 49 49 -1
78 26 56 56 28 -1
79 28 75 55 -1
80 55 50 55 86 29 75 -1
81 3 55 -1
86 101 35 55 56 50 -1
87 164 86 15 28 75 36 29 28 55 56 35 -1
89 21 86 15 35 56 -1
90 63 29 28 35 86 75 23 55 15 72 39 -1
91 1 55 -1
94 17 56 86 56 -1
98 5 56 86 -1
100 4 34 -1
101 12 28 75 56 -1
103 55 75 80 28 -1
104 19 55 28 75 -1
106 5 55 -1
110 59 29 -1
111 26 86 3 80 39 -1
113 68 8 29 94 15 56 75 -1
120 3 15 -1
122 193 15 -1
125 28 55 29 28 36 35 -1
126 22 75 29 86 55 -1
127 83 28 35 15 3 -1
128 51 28 86 29 -1
129 3 55 -1
130 12 86 -1
132 21 19 35 56 56 -1
136 64 19 80 15 -1
138 69 86 28 89 19 55 36 3 -1
139 32 28 3 8 28 86 49 75 -1
140 25 39 80 -1
143 95 3 28 35 19 36 80 29 -1
147 50 28 28 -1
151 44 28 86 29 80 -1
152 18 35 28 28 50 75 28 55 56 -1
153 1 50 -1
154 53 80 15 23 28 50 29 -1
155 16 75 89 50 -1
156 3 50 -1
157 41 56 29 23 50 -1
161 27 75 55 -1
162 3 89 -1
164 7 35 -1
165 2 39 -1
166 77 35 86 75 -1
169 3 80 28 -1
171 56 35 23 -1
172 120 23 -1
173 332 86 35 15 -1
175 1 55 -1
176 39 29 19 35 -1
178 52 3 -1
180 54 3 80 -1
182 59 86 -1
187 32 36 29 86 -1
192 16 56 28 39 -1
193 19 86 -1
201 20 36 80 75 55 -1
205 9 86 -1
208 3 28 -1
215 84 35 28 -1
216 7 86 -1
218 1 55 -1
221 10 28 -1
222 3 28 -1
223 17 28 80 3 -1
224 10 28 -1
225 1 28 -1
226 13 55 28 28 -1
227 4 35 28 -1
228 7 28 -1
230 6 28 -1
231 44 35 28 86 -1
232 19 28 -1
233 1 28 -1
234 1 28 -1
235 2 28 -1
236 39 80 28 -1
237 35 28 75 28 56 -1
238 3 28 -1
239 1 28 -1
244 3 56 -1
249 13 15 -1
251 4 80 -1
254 15 75 55 -1
255 87 35 29 36 -1
256 8 80 -1
257 5 19 -1
263 21 80 -1
265 30 29 75 49 35 -1
269 26 3 86 -1
273 5 34 -1
275 47 80 75 28 15 -1
280 76 15 56 56 -1
282 32 19 -1
290 61 35 -1
292 5 3 -1
295 4 56 -1
302 9 94 75 -1
303 1 80 -1
304 64 86 29 -1
306 215 8 36 86 29 -1
307 4 75 55 -1
308 144 15 86 36 29 35 -1
310 236 36 56 35 56 86 -1
311 312 56 29 86 72 35 56 -1
312 223 86 8 36 29 -1
313 41 56 29 35 -1
315 70 72 36 8 -1
317 126 35 36 29 -1
319 193 15 39 8 -1
321 22 35 86 -1
323 1 80 -1
324 13 80 -1
326 9 80 -1
327 7 80 -1
328 10 75 80 -1
331 2 94 -1
333 1 55 -1
334 41 86 29 56 36 -1
335 48 15 -1
336 28 75 15 28 86 -1
339 79 35 36 86 -1
340 30 86 -1
342 2 55 -1
344 3 75 -1
345 8 39 -1
348 19 86 -1
351 11 86 -1
352 5 75 -1
356 16 55 -1
364 11 75 -1
365 5 75 -1
366 11 28 49 -1
367 4 75 -1
371 117 56 56 72 72 86 29 -1
376 36 36 35 86 -1
388 1 15 -1
395 37 35 -1
403 18 75 -1
405 17 56 -1
407 101 72 72 -1
415 4 35 -1
426 26 75 49 39 -1
430 5 49 49 -1
432 155 36 -1
439 8 86 -1
440 8 28 49 -1
443 1 28 -1
444 2 28 55 -1
446 1 28 -1
454 6 75 28 49 -1
455 1 28 -1
457 640 35 15 -1
460 2 75 28 -1
461 2 75 28 -1
462 2 28 75 -1
479 6 86 -1
488 4 86 -1
494 3 75 -1
498 1 75 -1
499 11 86 -1
502 2 86 -1
504 1 49 -1
530 5 86 -1
536 1 75 -1
539 2 75 -1
540 1 75 -1
541 3 49 55 75 -1
542 7 15 75 -1
543 1 55 -1
544 2 55 -1
545 25 55 35 -1
546 107 55 -1
547 1 55 -1
548 1 55 -1
549 3 55 -1
550 1 55 -1
552 2 49 -1
556 117 86 35 15 -1
561 3 56 -1
570 3 56 -1
582 29 56 -1
583 9 56 86 -1
586 8 86 -1
587 14 35 -1
588 23 35 -1
590 8 36 -1
593 1 39 -1
594 1 39 -1
597 2 86 -1
600 171 35 86 36 29 15 -1
620 10 86 -1
626 31 35 86 -1
633 48 86 -1
634 106 15 35 -1
635 52 29 35 -1
639 28 86 -1
643 44 72 -1
644 23 35 86 -1
645 17 29 -1
647 29 35 -1
650 85 36 -1
659 13 35 86 -1
663 133 35 86 36 -1
665 6 56 -1
673 4 86 -1
674 16 86 -1
689 27 86 -1
691 24 36 -1
695 87 86 56 15 56 36 -1
697 85 15 -1
701 3 15 -1
705 23 35 -1
706 56 36 35 -1
707 110 35 86 -1
708 39 29 -1
710 88 15 35 -1
715 21 35 -1
722 124 86 36 -1
730 29 86 35 -1
733 7 86 -1
738 7 8 86 -1
742 85 72 86 -1
749 62 86 -1
759 55 86 35 36 -1
761 7 29 -1
762 42 15 -1
766 709 86 72 -1
769 137 56 -1
782 9 8 -1
784 205 56 56 35 -1
787 2 86 -1
788 52 15 86 -1
789 209 35 -1
791 29 35 -1
794 9 86 -1
803 5 35 -1
805 82 35 -1
810 19 35 -1
812 3 36 -1
813 261 86 72 -1
816 25 72 -1
823 11 29 -1
825 139 15 -1
826 218 56 -1
842 27 56 -1
852 25 15 86 -1
854 56 15 -1
859 7 86 -1
865 45 35 86 -1
870 37 86 -1
871 47 35 -1
879 108 35 -1
895 2 86 -1
896 25 86 -1
898 7 86 -1
904 59 35 -1
905 1 86 -1
909 6 86 -1
910 2 86 -1
911 24 86 -1
912 8 86 -1
913 3 86 -1
915 7 86 -1
916 3 86 -1
917 1 86 -1
918 15 86 -1
919 1 86 -1
920 10 86 -1
921 7 86 -1
922 147 35 -1
941 74 35 56 -1
943 28 35 -1
946 85 35 72 56 -1
949 9 56 -1
956 40 56 -1
971 53 35 -1
974 30 15 -1
978 54 56 35 -1
985 5 35 -1
986 50 35 -1
993 233 56 35 -1
994 42 15 35 -1
996 279 56 15 -1
1006 130 35 -1
1022 13 35 -1
1029 20 35 -1
1034 34 15 -1
1050 33 35 -1
1051 48 15 -1
1055 139 56 56 15 -1
1062 157 35 -1
1063 29 35 -1
1075 59 15 35 -1
1097 93 15 56 -1
1098 260 56 -1
1106 1 15 -1
1111 42 15 -1
1127 58 35 -1
1128 10 35 -1
1132 42 56 -1
1133 282 15 -1
1137 104 56 72 -1
1143 15 56 -1
1151 460 15 56 56 -1
1160 24 35 -1
1167 78 35 -1
1179 8 15 -1
1184 57 72 56 -1
1185 25 56 -1
1190 4 15 -1
1193 23 15 35 -1
1200 92 56 -1
1201 32 35 -1
1202 68 56 -1
1210 221 72 35 56 -1
1215 40 15 72 -1
1234 15 35 -1
1235 20 35 -1
1237 4 35 -1
1241 33 35 -1
1242 12 72 -1
1247 69 15 -1
1259 41 35 -1
1278 51 35 -1
1279 126 35 -1
1285 24 15 -1
1286 55 35 -1
1291 34 35 -1
1292 5 35 -1
1297 48 35 -1
1305 227 35 56 -1
1326 6 56 -1
1331 6 35 -1
1332 1 35 -1
1359 2 15 -1
1374 385 56 -1
1395 192 15 -1
1462 30 56 56 -1
1470 115 15 72 -1
1492 159 72 -1
1496 190 15 -1
1522 90 15 -1
1530 10 72 -1
1537 72 56 -1
1538 75 15 -1
1542 237 15 -1
1549 522 56 15 56 -1
1553 10 56 -1
1571 23 56 -1
1608 344 15 -1
1622 39 15 -1
1644 46 15 56 -1
1661 36 15 -1
1697 42 15 -1
1701 98 56 15 -1
1717 98 56 72 72 -1
1733 40 15 -1
1751 13 15 -1
1767 75 15 -1
1772 95 56 -1
1783 58 15 -1
1800 20 15 -1
1808 103 72 -1
1820 90 56 -1
1835 55 15 -1
1847 46 15 -1
1915 16 15 -1
1919 113 56 56 -1
1962 27 56 -1
1979 2 15 -1
1991 66 56 -1
1992 16 56 -1
1997 88 56 -1
2062 118 72 -1
2072 121 56 -1
2133 122 56 -1
2135 143 15 -1
2144 17 15 -1
2160 11 15 -1
2178 2 15 -1
2225 36 15 -1
2231 26 15 -1
2233 34 56 -1
2237 254 15 -1
2240 106 15 -1
2256 125 56 15 -1
2272 31 56 -1
2297 150 15 -1
2299 65 56 -1
2323 54 15 -1
2340 4 56 -1
2368 17 15 -1
2369 134 15 -1
2384 65 15 -1
2387 52 72 -1
2410 27 15 -1
2435 29 56 -1
2440 43 15 -1
2472 76 56 -1
2474 101 56 -1
2504 82 15 -1
2544 9 15 -1
2557 77 56 -1
2564 49 15 72 -1
2565 827 56 -1
2567 3 15 -1
2569 5 56 -1
2576 138 56 -1
2585 46 15 -1
2587 12 72 -1
2593 26 56 -1
2594 42 15 -1
2595 42 15 -1
2619 44 15 -1
2623 47 15 -1
2647 16 56 -1
2651 216 15 -1
2655 30 15 -1
2667 93 15 -1
2688 516 72 -1
2693 132 15 -1
2744 36 72 -1
2757 3 56 -1
2760 20 15 72 -1
2774 45 15 -1
2775 36 15 -1
2790 145 15 -1
2851 45 15 -1
2940 91 15 -1
2972 271 15 -1
2981 36 15 -1
3004 3 15 -1
3027 31 15 -1
3032 205 72 -1
3041 14 15 -1
3088 24 15 -1
3150 9 15 -1
3176 5 72 -1
3255 3 15 -1
3274 60 72 -1
3381 177 15 -1
3443 13 15 -1
3445 15 15 -1
3449 306 15 -1
3453 241 15 72 -1
3456 250 15 -1
3458 61 15 -1
3459 73 15 -1
3461 49 72 -1
3522 53 15 -1
3568 128 15 -1
3571 39 15 -1
3601 41 15 -1
3641 194 72 -1
3642 291 15 -1
3643 35 15 -1
3688 3 15 -1
3728 71 15 -1
3751 10 15 -1
3787 233 15 72 -1
3792 19 72 -1
3794 44 72 15 -1
3812 32 15 -1
3813 72 15 -1
3830 18 15 -1
3930 5 15 -1
3956 55 15 -1
3976 43 15 72 -1
3977 13 15 -1
3982 17 15 -1
4008 7 15 -1
4013 4 15 -1
4015 2 15 -1
4036 139 15 -1
4040 71 15 -1
4041 54 15 -1
4045 244 15 -1
4071 15 15 -1
4072 21 72 -1
4073 90 15 -1
4076 52 15 -1
4099 101 15 -1
4144 38 15 -1
4190 2 15 -1
4297 32 15 -1
4315 19 15 -1
4353 69 15 -1
4441 186 15 -1
4447 12 72 -1
4483 137 15 -1
4488 35 15 -1
4489 11 72 -1
4524 7 15 -1
4530 6 15 -1
4576 8 15 -1
4587 25 15 -1
4598 34 15 -1
4600 15 15 -1
4611 1 72 -1
4712 91 15 -1
4739 11 15 -1
4756 32 72 -1
4781 28 15 -1
4824 88 72 -1
4828 105 15 -1
4899 160 15 -1
4933 3 15 -1
4948 194 15 -1
4967 317 15 -1
4988 22 15 -1
5002 116 72 -1
5006 16 72 -1
5017 4 72 -1
5037 18 15 -1
5079 240 15 -1
5089 8 15 -1
5110 84 15 -1
5118 9 72 -1
5121 9 15 -1
5123 60 15 -1
5150 14 15 -1
5166 41 15 -1
5177 92 15 -1
5179 212 15 -1
5189 237 15 -1
5196 29 15 -1
5215 7 15 -1
5262 35 15 -1
5263 74 15 -1
5321 13 15 -1
5360 9 72 -1
5427 34 15 -1
5487 23 15 -1
5532 16 72 -1
5534 11 15 -1
5536 2 72 -1
5584 12 15 -1
5589 10 15 -1
5605 10 15 -1
5610 2 15 -1
5612 38 15 -1
5624 20 15 -1
5630 31 15 -1
5644 13 15 -1
5666 4 72 15 -1
5675 8 72 -1
5691 49 15 72 -1
5695 1 72 -1
5696 49 72 -1
5697 219 72 -1
5714 42 15 -1
5768 11 15 -1
5783 15 15 -1
5787 29 15 -1
5796 173 15 -1
5805 10 15 -1
5807 16 15 -1
5855 8 15 -1
5857 62 15 -1
5862 24 15 -1
5890 4 15 -1
5913 5 15 -1
5916 4 15 -1
6001 5 15 -1
6020 23 15 -1
6068 30 15 -1
6075 16 15 -1
6156 20 15 -1
6157 2 15 -1
6178 1 15 -1
6179 7 15 -1
6180 3 15 -1
6181 1 15 -1
6182 3 15 -1
6183 1 15 -1
6184 2 15 -1
6185 1 15 -1
6186 1 15 -1
6187 1 15 -1
6188 1 15 -1
6190 2 15 -1
6191 1 15 -1
6192 2 15 -1
6193 1 15 -1