11 733 5026 5073 5092 5055 5037 -1
24 270 5026 5055 5037 -1
36 231 5022 -1
44 42 5055 -1
53 25 5079 -1
58 35 5079 -1
68 187 5096 5061 -1
72 113 5079 5022 5061 -1
86 101 5028 -1
87 164 5055 5020 5022 5028 5072 -1
99 15 5022 -1
109 166 5096 5002 5002 5022 5028 5079 -1
110 59 5079 -1
113 68 5002 5022 5072 -1
155 16 5079 -1
173 332 5028 5055 5026 5037 -1
255 87 5073 -1
265 30 5083 -1
310 236 5072 -1
311 312 5022 -1
319 193 5072 5002 5073 5026 -1
335 48 5083 -1
395 37 5028 -1
412 21 5055 -1
425 49 5079 -1
432 155 5073 -1
457 640 5092 5037 5002 5022 5061 5055 5058 5012 5072 5002 -1
663 133 5092 -1
737 120 5028 5037 5096 -1
742 85 5073 5002 -1
763 45 5037 5073 -1
766 709 5092 5026 5022 5096 5002 5058 5037 5073 5079 5061 5055 5072 5002 -1
789 209 5026 5022 5072 5055 5073 5092 -1
791 29 5079 -1
813 261 5092 5026 -1
825 139 5020 -1
840 7 5002 -1
909 6 5079 -1
948 26 5083 -1
982 32 5073 -1
988 257 5022 -1
993 233 5064 -1
996 279 5022 5079 -1
1024 40 5055 -1
1044 9 5055 -1
1051 48 5022 -1
1063 29 5037 -1
1074 75 5002 5037 -1
1098 260 5079 5002 -1
1127 58 5037 5055 -1
1133 282 5092 5026 5055 5061 5058 5073 -1
1137 104 5026 -1
1151 460 5061 5028 -1
1166 318 5020 5022 -1
1200 92 5073 -1
1204 58 5026 5045 -1
1210 221 5073 -1
1374 385 5012 5083 5002 5092 5028 5072 -1
1381 51 5026 -1
1385 24 5022 -1
1428 159 5002 -1
1470 115 5055 -1
1471 45 5012 -1
1496 190 5055 -1
1542 237 5061 5092 5002 5079 5072 -1
1549 522 5073 5061 -1
1566 42 5026 -1
1592 25 5055 -1
1608 344 5083 -1
1614 71 5022 -1
1639 36 5083 5072 -1
1658 5 5055 -1
1661 36 5092 -1
1667 32 5022 5079 -1
1700 48 5092 -1
1701 98 5028 5079 -1
1717 98 5022 -1
1734 47 5002 -1
1795 41 5092 5073 5083 -1
1811 37 5028 -1
1879 13 5002 -1
1922 126 5026 5092 5073 5055 -1
1982 26 5002 5037 -1
1990 29 5037 -1
2001 37 5022 -1
2003 42 5022 -1
2009 46 5028 -1
2010 11 5079 -1
2118 114 5092 -1
2120 56 5072 5079 -1
2145 134 5020 5092 -1
2223 13 5022 -1
2225 36 5022 -1
2237 254 5092 5061 -1
2240 106 5079 -1
2257 47 5072 -1
2258 90 5072 -1
2297 150 5061 5055 -1
2326 249 5092 5083 -1
2369 134 5083 5055 5022 5037 5079 -1
2381 37 5020 -1
2384 65 5061 5079 -1
2387 52 5061 -1
2410 27 5079 -1
2444 6 5022 -1
2452 29 5079 -1
2456 31 5028 -1
2474 101 5055 -1
2485 286 5026 5028 5096 5061 5002 -1
2504 82 5092 5079 -1
2506 28 5055 -1
2508 13 5083 -1
2516 36 5037 -1
2535 24 5020 -1
2547 64 5073 5072 -1
2549 63 5079 5022 -1
2560 89 5096 -1
2565 827 5002 5096 5002 5092 5022 5026 5058 5079 5073 5012 5055 5037 5028 -1
2619 44 5079 -1
2651 216 5079 5092 -1
2653 102 5026 -1
2655 30 5079 -1
2658 231 5096 5092 5026 5022 5083 5028 -1
2660 148 5020 -1
2674 83 5002 -1
2688 516 5055 5092 5073 5072 5061 5026 -1
2689 34 5092 5055 -1
2693 132 5026 -1
2696 61 5026 -1
2699 63 5092 -1
2702 39 5092 5055 -1
2704 40 5072 -1
2707 100 5073 5055 -1
2737 16 5073 -1
2744 36 5020 -1
2760 20 5083 -1
2774 45 5079 -1
2831 39 5079 -1
2851 45 5022 5037 -1
2871 165 5055 5073 5026 -1
2875 6 5020 -1
2935 30 5092 5083 5058 5055 -1
2940 91 5079 -1
2967 232 5026 5083 5092 5058 5055 5073 -1
2968 37 5072 5073 -1
2972 271 5073 5092 5061 5055 5026 -1
2981 36 5073 5022 -1
2988 56 5058 5092 -1
3009 38 5072 -1
3010 118 5072 5022 -1
3026 151 5055 5026 -1
3027 31 5079 -1
3028 99 5083 -1
3032 205 5020 5020 5022 -1
3057 36 5055 -1
3059 34 5026 -1
3084 52 5079 -1
3086 7 5026 -1
3175 34 5026 -1
3191 55 5073 -1
3192 39 5026 -1
3209 32 5058 5072 5026 -1
3258 69 5022 -1
3274 60 5079 5022 5028 -1
3276 60 5026 -1
3292 8 5002 -1
3321 16 5073 -1
3345 36 5037 -1
3352 165 5092 -1
3378 37 5022 -1
3380 33 5002 -1
3381 177 5002 5022 5002 5012 5028 -1
3390 47 5072 -1
3392 26 5092 -1
3402 88 5083 5092 5026 -1
3417 31 5026 -1
3447 214 5002 5061 5002 5058 5055 5043 5020 5079 -1
3449 306 5061 5044 5083 5072 5020 5073 5026 5092 5055 -1
3452 91 5092 5055 5020 5061 -1
3453 241 5026 5058 5073 5072 5079 5092 5061 5055 5028 -1
3454 124 5026 5055 -1
3455 59 5026 5083 5073 5055 5092 -1
3456 250 5026 5028 5020 5033 5020 5092 5055 5002 5079 -1
3457 97 5092 5026 5073 -1
3458 61 5083 5073 5002 5055 -1
3459 73 5061 -1
3460 17 5083 5073 -1
3466 12 5073 -1
3472 9 5083 -1
3498 96 5061 5072 5022 -1
3522 53 5073 -1
3527 47 5012 -1
3571 39 5028 -1
3586 135 5037 5079 5022 -1
3607 24 5022 -1
3614 187 5079 5055 5026 5022 5092 5073 5072 -1
3631 70 5072 5022 5055 -1
3634 57 5022 5002 5028 -1
3639 11 5055 -1
3641 194 5037 5073 5022 5079 -1
3642 291 5061 5012 5022 5037 5072 5079 5020 5002 -1
3655 7 5055 -1
3660 67 5092 -1
3691 70 5020 5020 -1
3728 71 5083 -1
3748 26 5026 -1
3786 72 5072 5002 5020 -1
3787 233 5002 5055 5028 5083 5022 -1
3794 44 5026 5072 -1
3796 107 5072 5083 5020 5061 5092 5073 5026 5058 5055 -1
3813 72 5079 -1
3830 18 5073 -1
3835 26 5020 -1
3854 79 5072 5055 5061 5026 -1
3910 14 5022 5020 5020 -1
3916 25 5079 -1
3965 79 5022 5079 -1
3969 58 5026 5058 5012 -1
3976 43 5002 -1
3982 17 5079 -1
3995 53 5061 -1
4036 139 5083 5072 5061 5037 5022 5028 -1
4044 53 5058 -1
4045 244 5055 5002 5073 5072 5092 5061 5026 -1
4046 40 5012 5083 -1
4056 20 5055 -1
4065 104 5037 5026 -1
4070 56 5061 5055 5026 -1
4073 90 5061 -1
4076 52 5072 -1
4099 101 5022 5028 5083 -1
4110 4 5055 -1
4127 42 5058 5055 -1
4140 10 5064 -1
4145 2 5061 -1
4151 79 5055 -1
4162 15 5037 5055 -1
4192 7 5012 -1
4211 39 5073 5092 5055 -1
4219 101 5026 5022 5092 5073 -1
4221 41 5002 -1
4222 28 5083 -1
4261 23 5055 5026 -1
4266 11 5061 -1
4275 4 5026 -1
4276 47 5072 -1
4310 225 5096 5002 5072 5028 5061 5020 -1
4335 28 5028 5079 5037 -1
4342 8 5092 5073 -1
4364 14 5083 -1
4401 5 5022 -1
4428 12 5092 -1
4441 186 5022 5092 5028 5055 5002 5073 -1
4442 15 5092 5073 -1
4483 137 5002 5055 5058 5079 -1
4488 35 5037 -1
4509 11 5092 5073 -1
4532 6 5096 -1
4536 58 5055 5072 5037 5045 5073 5058 -1
4547 41 5044 5055 5058 5083 -1
4550 81 5037 5072 -1
4557 15 5072 -1
4563 11 5092 -1
4564 30 5002 -1
4574 37 5079 -1
4598 34 5028 5096 5072 -1
4632 202 5002 5092 5022 5012 5079 5083 5020 -1
4662 44 5083 -1
4673 68 5092 -1
4681 10 5055 -1
4686 40 5092 -1
4688 59 5026 -1
4709 24 5037 5055 -1
4712 91 5028 5002 -1
4715 8 5020 -1
4718 31 5026 -1
4725 33 5073 5092 -1
4739 11 5028 -1
4751 4 5083 -1
4756 32 5058 5092 5083 -1
4760 5 5055 -1
4764 52 5022 -1
4781 28 5028 -1
4792 45 5020 5028 5022 5079 -1
4795 66 5096 5079 5012 -1
4813 45 5037 -1
4824 88 5072 5079 -1
4828 105 5020 -1
4829 57 5002 5092 5079 -1
4846 24 5092 -1
4859 29 5055 5026 -1
4899 160 5055 5092 5061 5073 5072 -1
4924 9 5079 -1
4937 14 5055 5026 -1
4943 31 5092 -1
4947 8 5073 5026 5055 -1
4948 194 5072 5096 5026 5092 5055 5028 -1
4964 51 5055 5073 5092 -1
4966 25 5072 5002 5083 -1
4967 317 5072 5083 5073 5037 5092 5055 5058 5002 5026 5002 5061 -1
4974 41 5055 -1
4981 49 5037 5079 5002 5073 -1
4982 27 5083 5058 5092 -1
4988 22 5092 5026 -1
5002 116 5037 5061 -1
5008 23 5083 5073 -1
5009 14 5026 -1
5010 3 5079 -1
5015 9 5002 -1
5017 4 5020 -1
5019 1 5022 -1
5020 45 5073 5022 -1
5022 173 5020 5037 -1
5024 4 5026 -1
5028 40 5079 -1
5037 18 5055 -1
5039 7 5073 -1
5043 2 5092 -1
5050 7 5020 -1
5051 8 5055 -1
5052 1 5055 -1
5053 53 5028 5022 5055 5079 -1
5054 2 5055 -1
5068 10 5096 -1
5069 4 5002 5002 -1
5070 3 5096 -1
5072 3 5073 -1
5079 240 5037 5061 -1
5080 2 5096 -1
5081 3 5083 -1
5084 1 5083 -1
5086 1 5092 -1
5087 1 5092 -1
5088 1 5092 -1
5089 8 5092 -1
5090 3 5092 -1
5091 1 5092 -1
5096 14 5072 -1
5102 48 5012 5028 5079 -1
5103 118 5028 5064 5002 5022 5079 -1
5106 24 5022 -1
5123 60 5020 -1
5166 41 5079 5096 -1
5172 18 5079 5028 -1
5173 121 5012 -1
5176 100 5072 5020 -1
5177 92 5079 5002 5002 -1
5178 15 5096 -1
5179 212 5002 5079 5072 5002 5020 5020 5012 5022 -1
5180 47 5061 -1
5184 64 5020 -1
5185 120 5037 -1
5187 28 5061 -1
5188 211 5061 5002 5072 5037 5002 -1
5189 237 5096 5079 5022 -1
5194 9 5072 -1
5196 29 5079 -1
5201 12 5079 -1
5203 12 5020 -1
5217 17 5020 -1
5226 13 5079 -1
5262 35 5020 -1
5264 2 5061 -1
5273 12 5079 -1
5295 23 5079 -1
5320 6 5028 -1
5342 22 5096 -1
5404 13 5072 -1
5419 8 5072 -1
5439 39 5002 -1
5445 39 5061 5079 -1
5452 18 5037 -1
5472 15 5028 -1
5524 402 5096 5037 5079 5028 5012 5002 5020 5022 -1
5528 3 5020 -1
5529 31 5079 5022 -1
5531 224 5002 5012 -1
5543 128 5079 5061 5096 -1
5553 36 5096 5037 5072 -1
5565 3 5020 -1
5582 105 5002 5037 -1
5605 10 5028 5037 -1
5606 23 5072 5061 -1
5626 3 5072 -1
5651 1 5061 -1
5655 48 5002 -1
5675 8 5072 -1
5684 17 5072 -1
5691 49 5020 5061 -1
5696 49 5002 -1
5697 219 5037 5002 5079 5022 5072 -1
5702 10 5028 -1
5714 42 5072 -1
5738 12 5022 -1
5741 9 5020 -1
5751 1 5072 -1
5752 1 5072 -1
5753 4 5072 -1
5772 10 5020 -1
5773 63 5002 5079 -1
5775 39 5012 5079 -1
5783 15 5061 -1
5785 2 5061 -1
5796 173 5037 5022 5002 5028 5002 -1
5800 182 5002 5096 5022 5002 -1
5802 248 5079 5096 5002 5002 5028 5037 -1
5806 45 5022 -1
5810 26 5037 5022 -1
5811 65 5012 -1
5812 42 5022 -1
5814 106 5002 5028 5079 5037 5096 -1
5816 50 5079 -1
5819 52 5037 -1
5822 81 5079 5002 -1
5827 14 5037 -1
5857 62 5028 -1
5871 51 5079 -1
5932 35 5002 -1
5934 32 5037 -1
5952 14 5079 -1
5998 80 5002 5022 -1
5999 16 5079 -1
6000 8 5022 -1
6006 47 5079 5022 -1
6020 23 5079 -1
6032 70 5002 -1
6097 24 5079 -1
6127 1 5028 -1
6133 4 5037 -1
6151 13 5022 -1
6170 8 5037 -1
6174 10 5022 5079 -1
6229 18 5012 -1
6241 64 5002 -1
6243 32 5002 5002 5079 -1
6270 57 5012 -1
6272 80 5020 5079 -1
6280 31 5028 -1
6299 70 5020 -1
6305 147 5037 5079 5002 5022 -1
6320 17 5079 -1
6327 71 5002 -1
6346 13 5002 -1
6359 72 5002 5037 5079 -1
6360 35 5012 -1
6398 15 5002 -1
6414 15 5022 -1
6443 51 5002 5022 -1
6458 22 5028 -1
6460 56 5079 5020 -1
6486 57 5002 -1
6487 3 5037 -1
6491 4 5002 -1
6494 70 5028 5079 5002 5022 -1
6501 10 5079 -1
6502 12 5022 -1
6510 54 5002 5022 5020 -1
6518 30 5002 -1
6523 31 5079 -1
6552 27 5002 5022 5079 -1
6555 33 5002 5079 -1
6560 42 5079 -1
6563 54 5002 5079 -1
6595 12 5020 -1
6596 137 5096 5079 5002 5028 -1
6598 7 5002 5002 -1
6612 5 5012 -1
6618 79 5002 5022 5012 -1
6619 77 5012 5002 -1
6620 91 5012 -1
6624 122 5028 5002 -1
6626 8 5002 -1
6627 12 5028 -1
6665 25 5028 5037 -1
6676 5 5079 -1
6702 10 5079 -1
6714 92 5028 5002 -1
6727 2 5002 5002 -1
6728 1 5002 -1
6752 1 5037 -1
6753 4 5037 -1
6774 23 5079 -1
6784 41 5079 5002 5028 -1
6855 14 5079 -1
6859 10 5022 -1
6885 13 5079 -1
6906 49 5012 -1
6907 183 5002 5064 5079 5028 5022 -1
6914 52 5022 -1
6941 35 5022 5028 -1
6943 1 5020 -1
6945 16 5012 -1
6946 25 5002 5028 -1
6976 37 5079 5002 -1
6991 18 5012 -1
6993 75 5079 -1
7021 15 5079 5096 -1
7026 11 5096 -1
7029 2 5079 -1
7047 133 5096 5022 5079 -1
7049 27 5096 -1
7052 114 5022 5002 5028 -1
7054 21 5002 -1
7055 95 5028 5079 5022 5002 5096 -1
7056 29 5064 -1
7057 100 5002 5022 -1
7080 58 5012 5022 5002 -1
7086 111 5096 5022 -1
7090 6 5002 -1
7092 75 5079 5022 5002 -1
7100 15 5012 -1
7104 15 5002 -1
7132 21 5002 -1
7153 7 5022 -1
7171 6 5079 -1
7225 24 5079 -1
7231 87 5079 5028 -1
7236 16 5002 -1
7241 18 5028 -1
7280 71 5096 5079 -1
7294 37 5002 5079 -1
7335 13 5002 -1
7352 11 5079 -1
7378 40 5022 5079 -1
7386 14 5022 -1
7391 47 5022 -1
7393 10 5002 -1
7400 15 5022 5079 -1
7405 17 5096 5028 -1
7409 10 5002 -1
7415 4 5079 -1
7449 20 5079 -1
7490 25 5028 5002 -1
7564 30 5028 5002 -1
7570 3 5096 -1
7578 24 5022 5096 5079 -1
7580 7 5002 -1
7588 7 5079 -1
7598 26 5028 -1
7601 2 5002 -1
7614 37 5028 5002 5079 -1
7623 2 5028 -1
7625 5 5028 -1
7626 1 5028 -1
7675 16 5096 -1
7677 8 5022 -1
7679 21 5079 5022 -1
7727 26 5022 -1
7733 42 5079 5064 5022 -1
7744 49 5079 5022 -1
7755 10 5064 -1
7771 2 5079 -1
7772 15 5064 -1
7774 30 5022 -1
7775 11 5096 -1
7790 2 5022 -1
7791 4 5079 -1
7808 12 5096 5079 -1
7818 15 5022 5096 -1
7837 2 5079 -1
7842 2 5079 -1
7843 2 5079 -1
7844 1 5079 -1
7845 2 5079 -1
7865 22 5022 5096 -1
7882 10 5096 -1
7900 27 5064 -1
7903 4 5022 -1
7907 10 5022 -1
7945 4 5022 -1
7948 2 5096 -1
7964 8 5022 5096 -1
7974 1 5096 -1
7975 1 5096 -1
7976 1 5096 -1
7980 2 5022 -1
8053 17 5022 -1
8061 3 5022 -1
8085 16 5022 -1
8091 1 5022 -1
8092 4 5022 -1
8093 1 5022 -1
8094 1 5022 -1
8095 1 5022 -1
8096 1 5022 -1
8162 9 5064 -1
8189 2 5064 -1
8199 1 5064 -1