6 258 4037 -1
11 733 4072 4021 4011 4013 4055 4024 4044 4065 4011 4088 4058 4040 4043 -1
14 105 4055 -1
15 42 4037 -1
24 270 4040 -1
27 89 4044 -1
29 136 4088 4021 4011 -1
36 231 4099 4099 4065 -1
53 25 4011 4099 4099 -1
68 187 4040 4065 4099 4055 4051 4013 -1
71 68 4037 -1
72 113 4037 -1
86 101 4099 4055 -1
87 164 4037 4099 4099 -1
99 15 4071 -1
109 166 4037 4037 4099 -1
113 68 4037 -1
122 193 4043 4013 4099 4099 -1
127 83 4037 -1
136 64 4099 -1
143 95 4037 4037 -1
166 77 4037 -1
173 332 4037 -1
237 35 4037 -1
265 30 4065 -1
280 76 4037 -1
291 30 4013 -1
306 215 4011 4041 -1
311 312 4040 4099 4072 4098 -1
315 70 4037 -1
317 126 4037 -1
319 193 4040 4099 -1
335 48 4037 4037 4037 -1
407 101 4037 4037 -1
425 49 4065 -1
432 155 4055 4037 -1
457 640 4065 4044 4098 4037 4037 4099 4099 4041 4013 4040 4011 -1
495 3 4037 -1
546 107 4099 4037 4037 -1
580 28 4041 -1
582 29 4072 4040 -1
600 171 4037 4071 4037 -1
633 48 4099 -1
634 106 4041 4099 -1
637 26 4037 4037 -1
643 44 4037 -1
663 133 4040 4099 -1
667 18 4037 -1
695 87 4098 4011 -1
697 85 4044 4099 4037 -1
722 124 4037 4037 -1
737 120 4044 4037 4065 4037 4071 -1
742 85 4044 -1
749 62 4037 -1
766 709 4055 4041 4043 4072 4011 4099 4065 4013 4099 4040 4044 -1
784 205 4013 -1
789 209 4099 4037 4099 4040 -1
791 29 4037 -1
795 57 4037 -1
813 261 4055 4043 4041 -1
825 139 4037 4037 4037 4099 4099 4043 4058 -1
842 27 4055 -1
852 25 4037 -1
879 108 4044 4040 4011 -1
896 25 4037 4037 -1
943 28 4011 -1
946 85 4040 -1
967 12 4037 -1
974 30 4037 -1
982 32 4058 -1
988 257 4037 4013 -1
994 42 4013 -1
996 279 4098 4055 -1
1003 17 4071 -1
1006 130 4037 -1
1037 50 4037 -1
1055 139 4099 4037 -1
1062 157 4011 -1
1065 8 4011 -1
1074 75 4099 4065 -1
1075 59 4055 -1
1111 42 4065 -1
1133 282 4044 4040 4037 4037 4041 4011 4072 4055 4065 4037 -1
1137 104 4099 4041 -1
1144 7 4037 -1
1150 8 4011 -1
1151 460 4099 4011 4071 4044 4037 4065 4099 -1
1164 23 4099 -1
1165 13 4037 4037 4037 -1
1166 318 4099 4065 4099 4040 4037 4041 4037 4011 -1
1184 57 4040 4011 -1
1204 58 4037 -1
1207 24 4099 -1
1210 221 4037 -1
1211 66 4051 -1
1279 126 4013 -1
1286 55 4055 -1
1305 227 4055 4043 -1
1374 385 4071 4099 4055 -1
1375 3 4098 -1
1385 24 4099 4037 -1
1428 159 4055 -1
1470 115 4099 4013 -1
1473 70 4071 -1
1492 159 4040 4037 4021 4043 -1
1496 190 4040 4071 -1
1500 26 4098 -1
1521 104 4055 -1
1522 90 4011 4072 -1
1537 72 4011 4011 4021 -1
1538 75 4021 -1
1542 237 4011 4037 4043 -1
1549 522 4041 4011 4055 4037 4099 4021 4099 4013 -1
1552 50 4037 -1
1596 31 4055 4043 -1
1608 344 4037 4011 4065 4021 -1
1614 71 4037 -1
1621 76 4072 -1
1623 36 4037 -1
1647 15 4072 -1
1691 47 4043 -1
1701 98 4041 4071 4037 -1
1707 29 4055 -1
1717 98 4037 4037 4037 -1
1729 15 4037 -1
1733 40 4099 -1
1734 47 4037 4043 -1
1748 37 4037 4013 -1
1749 63 4021 -1
1762 37 4065 -1
1767 75 4037 4037 -1
1769 64 4040 4043 -1
1795 41 4043 -1
1796 38 4099 -1
1799 42 4043 -1
1813 33 4011 4072 -1
1823 45 4065 -1
1838 54 4088 4013 -1
1847 46 4099 -1
1859 3 4037 4071 -1
1888 28 4055 4043 -1
1891 23 4021 -1
1896 50 4037 4037 -1
1918 18 4072 -1
1966 17 4055 -1
1972 184 4041 4055 4043 -1
1984 7 4011 -1
1990 29 4065 -1
2003 42 4037 4037 -1
2109 27 4044 4021 -1
2113 5 4072 -1
2117 18 4037 -1
2118 114 4037 4037 -1
2135 143 4037 4099 4037 4099 -1
2145 134 4037 -1
2210 16 4013 -1
2223 13 4071 -1
2237 254 4011 4044 4072 4040 -1
2240 106 4065 4037 4037 4099 -1
2256 125 4055 4041 -1
2258 90 4043 4011 4037 4037 -1
2290 95 4088 4011 4021 -1
2297 150 4099 4055 4021 -1
2299 65 4044 -1
2326 249 4021 4043 4055 4058 4013 4011 4031 4024 -1
2328 205 4099 4043 4021 4037 4065 -1
2356 57 4043 4021 4011 -1
2364 10 4037 -1
2365 58 4013 4071 4021 -1
2369 134 4037 4037 -1
2379 46 4013 -1
2381 37 4037 4013 4037 -1
2384 65 4099 4037 -1
2410 27 4098 4071 -1
2411 96 4021 -1
2440 43 4099 -1
2452 29 4037 -1
2456 31 4037 -1
2474 101 4021 4055 -1
2485 286 4071 4055 4099 4040 4013 -1
2488 20 4072 -1
2504 82 4043 4099 -1
2506 28 4011 4055 4013 -1
2535 24 4040 -1
2542 73 4013 -1
2549 63 4037 4037 -1
2559 54 4051 -1
2560 89 4044 4021 -1
2564 49 4099 -1
2565 827 4071 4040 4043 4011 4021 4037 4072 4011 4013 4065 4055 4044 4058 4037 4037 -1
2572 7 4051 -1
2576 138 4071 4037 4037 4072 4065 -1
2585 46 4021 -1
2594 42 4021 -1
2611 8 4037 -1
2617 22 4037 -1
2618 50 4014 -1
2623 47 4037 4037 4011 -1
2651 216 4072 4013 4051 4043 4055 -1
2653 102 4043 -1
2654 56 4013 -1
2655 30 4040 -1
2658 231 4021 4072 4044 4071 4011 -1
2660 148 4044 -1
2667 93 4041 -1
2686 120 4041 -1
2688 516 4037 4013 4021 4099 4044 4011 4099 4055 4041 -1
2691 39 4098 -1
2696 61 4099 -1
2697 45 4055 -1
2699 63 4043 4040 -1
2700 113 4011 4055 4043 -1
2702 39 4099 -1
2707 100 4043 4037 4037 4055 4088 -1
2713 166 4021 4043 4013 4055 4011 -1
2727 35 4099 -1
2746 20 4021 -1
2747 65 4021 4051 -1
2760 20 4099 -1
2774 45 4055 4071 -1
2787 5 4072 -1
2792 17 4040 -1
2796 3 4037 -1
2807 4 4037 -1
2832 27 4037 -1
2842 93 4011 4021 -1
2851 45 4037 -1
2859 90 4044 4055 4043 4024 4037 4011 -1
2871 165 4013 4055 4043 -1
2872 54 4011 4055 4043 4024 -1
2932 50 4065 -1
2940 91 4055 -1
2947 10 4043 -1
2964 59 4055 4021 4011 4043 -1
2967 232 4011 4043 4099 4013 4055 4037 4024 4088 4044 4040 4021 -1
2972 271 4099 4037 4043 4058 4055 4044 4037 4040 -1
2974 15 4051 -1
2976 7 4037 -1
2981 36 4043 -1
2988 56 4041 -1
3005 27 4021 -1
3015 30 4037 -1
3021 5 4071 -1
3026 151 4043 4011 -1
3028 99 4099 4011 -1
3032 205 4065 4013 -1
3034 38 4037 -1
3041 14 4098 -1
3057 36 4071 -1
3073 33 4043 -1
3092 52 4099 4099 4037 -1
3109 4 4040 -1
3115 1 4037 -1
3140 1 4011 -1
3144 66 4040 -1
3147 6 4055 -1
3148 18 4055 -1
3150 9 4099 4098 4099 -1
3168 69 4013 4021 -1
3175 34 4021 -1
3191 55 4099 -1
3197 4 4021 -1
3210 6 4037 4037 4037 -1
3238 22 4071 -1
3252 33 4055 -1
3256 20 4011 4011 -1
3258 69 4011 4013 4037 4055 -1
3269 3 4037 4037 -1
3274 60 4099 4099 4037 4065 -1
3276 60 4055 4011 4021 -1
3290 29 4040 -1
3291 56 4013 4011 -1
3297 39 4071 -1
3348 16 4037 4037 -1
3350 55 4044 -1
3352 165 4043 4013 4040 4055 4058 -1
3378 37 4055 4099 -1
3394 121 4011 4021 4011 -1
3402 88 4037 -1
3404 73 4041 -1
3417 31 4037 -1
3439 69 4011 -1
3445 15 4011 -1
3447 214 4040 4065 4011 4099 4099 4044 4041 4037 4037 -1
3449 306 4041 4040 4011 4099 4044 4072 -1
3450 27 4072 4011 -1
3451 49 4055 4043 4040 -1
3452 91 4099 4040 -1
3453 241 4099 4011 4037 4065 4041 4099 4040 4044 4037 4098 4072 -1
3454 124 4072 4011 4044 4049 4043 4013 4040 -1
3455 59 4044 4072 -1
3456 250 4011 4041 4072 4099 4047 4044 -1
3458 61 4055 4041 -1
3459 73 4041 4099 -1
3461 49 4072 4011 4040 4055 4037 4044 -1
3462 36 4040 4044 4011 4072 -1
3463 54 4040 4072 4011 -1
3466 12 4037 -1
3471 2 4037 -1
3477 45 4021 -1
3479 83 4040 4013 4065 4041 -1
3488 14 4055 -1
3498 96 4040 4037 4037 4099 4099 -1
3522 53 4044 -1
3541 62 4055 4021 4011 -1
3542 4 4011 -1
3562 38 4021 -1
3567 17 4043 -1
3568 128 4088 4011 4013 4072 4043 4098 4021 4055 4040 -1
3586 135 4099 4037 4065 4037 -1
3593 26 4037 4037 -1
3603 10 4044 -1
3607 24 4037 4037 -1
3614 187 4055 4037 4013 4037 4065 -1
3615 113 4044 4013 4043 4055 -1
3624 49 4043 4021 -1
3625 4 4013 -1
3630 30 4021 -1
3631 70 4024 4099 4011 4011 4099 -1
3634 57 4099 4099 -1
3635 33 4013 -1
3641 194 4021 4065 4044 4099 4037 -1
3642 291 4037 4041 4037 4099 4065 -1
3643 35 4041 -1
3645 34 4021 -1
3646 9 4021 -1
3656 4 4072 -1
3660 67 4037 4013 4088 -1
3661 28 4043 -1
3666 125 4037 4011 4037 4099 4011 4055 4098 -1
3683 7 4037 4037 -1
3691 70 4044 4037 4011 -1
3709 7 4037 -1
3714 15 4058 4055 4043 -1
3719 14 4013 4021 -1
3724 69 4043 4055 4013 -1
3728 71 4099 -1
3748 26 4072 -1
3786 72 4013 4098 -1
3787 233 4099 4037 4055 4037 4011 4040 4037 -1
3796 107 4099 4040 -1
3804 4 4021 -1
3812 32 4043 4011 4072 -1
3813 72 4055 -1
3814 24 4043 4055 -1
3815 14 4021 -1
3819 9 4013 -1
3835 26 4037 4040 -1
3845 7 4011 -1
3854 79 4040 4099 -1
3855 6 4011 -1
3902 16 4011 -1
3916 25 4099 4099 4041 -1
3932 4 4055 -1
3949 26 4043 4011 4055 4021 4058 -1
3956 55 4011 4072 4098 4044 4011 -1
3958 16 4072 4099 -1
3961 16 4024 4011 4021 -1
3965 79 4065 4071 -1
3969 58 4040 -1
3973 20 4055 -1
3976 43 4040 -1
3979 3 4011 -1
3982 17 4099 4037 -1
3984 2 4037 -1
3985 26 4037 4037 4021 -1
3995 53 4099 4041 4098 -1
4001 27 4037 4040 4021 -1
4007 9 4043 -1
4010 1 4011 -1
4019 2 4021 4024 -1
4020 6 4021 -1
4023 2 4024 -1
4034 3 4043 -1
4036 139 4037 4037 4099 -1
4038 1 4043 -1
4039 9 4043 4055 -1
4040 71 4043 4011 -1
4041 54 4043 4099 -1
4042 21 4013 4043 4055 -1
4044 53 4040 4011 -1
4045 244 4041 4099 4072 4040 4037 -1
4046 40 4037 4040 -1
4050 1 4051 -1
4056 20 4055 -1
4063 26 4072 -1
4065 104 4072 4055 4011 -1
4070 56 4044 -1
4073 90 4068 4041 4099 4099 -1
4074 33 4011 -1
4076 52 4013 -1
4077 63 4044 -1
4078 2 4078 -1
4079 1 4055 -1
4099 101 4041 -1
4123 23 4013 4072 -1
4125 2 4055 -1
4127 42 4040 4011 4044 -1
4136 27 4013 -1
4138 59 4013 -1
4144 38 4065 -1
4151 79 4011 4040 4072 -1
4152 34 4011 4044 -1
4163 2 4055 -1
4165 1 4055 -1
4166 1 4055 -1
4187 8 4037 -1
4200 4 4040 -1
4211 39 4040 -1
4212 30 4040 -1
4219 101 4011 4037 4044 4040 -1
4221 41 4037 4099 -1
4224 5 4040 -1
4252 5 4040 -1
4261 23 4040 4072 -1
4266 11 4040 -1
4276 47 4041 -1
4282 5 4037 -1
4291 4 4037 4037 -1
4310 225 4099 4037 4071 4037 4041 -1
4316 8 4011 -1
4338 11 4037 -1
4342 8 4037 -1
4347 33 4037 -1
4353 69 4099 4071 4037 4099 -1
4375 3 4099 -1
4377 11 4044 -1
4398 8 4040 -1
4400 2 4040 -1
4415 15 4037 -1
4416 5 4037 -1
4428 12 4044 4037 -1
4433 17 4011 4072 -1
4438 4 4040 -1
4441 186 4099 4011 -1
4455 16 4044 4037 -1
4468 8 4011 -1
4482 6 4037 -1
4483 137 4099 4099 4071 4037 -1
4485 11 4040 -1
4488 35 4099 -1
4489 11 4037 -1
4534 16 4040 -1
4547 41 4044 4072 -1
4550 81 4099 4037 -1
4557 15 4041 -1
4564 30 4072 -1
4574 37 4037 4037 4037 -1
4577 2 4072 -1
4586 5 4072 -1
4587 25 4072 -1
4588 9 4072 -1
4598 34 4011 4099 -1
4600 15 4041 -1
4632 202 4099 4040 4041 4011 -1
4633 11 4011 4044 -1
4653 80 4098 4041 -1
4662 44 4099 4044 4037 -1
4666 23 4037 -1
4669 9 4037 -1
4673 68 4099 -1
4686 40 4037 -1
4688 59 4044 4040 4037 -1
4709 24 4071 -1
4712 91 4037 -1
4717 57 4099 -1
4718 31 4041 -1
4725 33 4040 4044 -1
4756 32 4037 -1
4757 6 4040 -1
4764 52 4037 -1
4774 12 4040 -1
4795 66 4037 -1
4800 1 4040 -1
4813 45 4099 -1
4824 88 4099 -1
4828 105 4098 4099 -1
4832 4 4037 -1
4833 6 4037 4037 -1
4882 5 4037 4037 4037 -1
4884 4 4037 -1
4891 3 4037 -1
4893 5 4044 -1
4894 34 4044 4041 4099 -1
4899 160 4041 4099 -1
4903 1 4037 -1
4904 2 4037 4037 -1
4905 2 4037 4037 -1
4906 2 4037 4037 -1
4908 1 4037 -1
4909 2 4037 -1
4910 2 4037 -1
4911 2 4037 4037 -1
4912 1 4037 -1
4913 1 4037 -1
4914 1 4037 -1
4915 5 4037 -1
4916 1 4037 -1
4917 1 4037 -1
4918 1 4037 -1
4919 2 4037 4037 -1
4920 1 4037 -1
4921 1 4037 -1
4922 1 4037 -1
4924 9 4037 4037 -1
4925 1 4037 -1
4926 5 4037 -1
4943 31 4044 4037 4037 -1
4944 3 4044 -1
4948 194 4071 -1
4964 51 4037 4037 -1
4967 317 4041 4065 4037 4099 4099 -1
4976 20 4041 4099 -1
4980 12 4099 -1
4981 49 4037 -1
4982 27 4099 -1
5002 116 4037 4041 4037 -1
5008 23 4068 -1
5010 3 4037 -1
5011 9 4099 -1
5016 8 4071 -1
5022 173 4099 4065 -1
5028 40 4037 4037 -1
5029 21 4099 -1
5053 53 4037 4037 -1
5079 240 4065 4041 4099 -1
5102 48 4041 -1
5103 118 4071 -1
5106 24 4037 -1
5123 60 4099 4041 4065 4037 -1
5140 50 4037 -1
5166 41 4037 4071 4037 -1
5171 40 4041 4099 -1
5172 18 4099 4099 -1
5173 121 4037 4099 -1
5174 6 4041 -1
5175 20 4099 -1
5176 100 4041 -1
5179 212 4037 4071 4041 -1
5180 47 4041 -1
5182 14 4099 -1
5184 64 4041 4098 -1
5185 120 4065 4099 -1
5188 211 4037 4065 4099 4037 -1
5189 237 4099 4037 4099 -1
5233 19 4071 -1
5246 29 4041 -1
5263 74 4041 4098 -1
5382 19 4098 -1
5399 8 4041 -1
5423 36 4099 -1
5427 34 4041 4098 -1
5437 24 4041 -1
5457 20 4041 -1
5474 6 4041 -1
5484 18 4099 4099 4041 -1
5485 13 4037 4099 -1
5489 10 4071 -1
5515 6 4098 -1
5524 402 4065 4037 4037 4071 4099 -1
5529 31 4071 -1
5531 224 4099 4065 4099 4037 -1
5543 128 4065 4041 4037 -1
5549 7 4037 -1
5550 12 4037 -1
5553 36 4071 4099 -1
5582 105 4065 4037 4099 -1
5590 4 4037 -1
5594 1 4098 -1
5595 1 4098 -1
5608 14 4099 -1
5612 38 4099 -1
5614 5 4037 -1
5616 12 4037 4037 -1
5655 48 4009 -1
5696 49 4099 -1
5697 219 4099 4037 4037 4065 -1
5714 42 4041 4099 -1
5763 4 4041 -1
5773 63 4037 4037 -1
5775 39 4037 4071 -1
5783 15 4041 -1
5787 29 4041 -1
5796 173 4037 4041 4099 4065 4037 -1
5800 182 4037 4037 4065 -1
5802 248 4071 4099 4065 -1
5810 26 4037 -1
5812 42 4099 -1
5814 106 4037 -1
5816 50 4099 -1
5818 40 4099 -1
5819 52 4041 -1
5821 18 4065 -1
5857 62 4099 4041 -1
5913 5 4041 4037 -1
5915 39 4071 -1
5934 32 4065 -1
5965 3 4037 -1
5978 1 4041 -1
5981 6 4099 -1
5993 3 4037 4037 -1
5999 16 4037 -1
6016 10 4071 -1
6030 1 4041 -1
6031 2 4041 -1
6032 70 4041 4037 4071 -1
6033 1 4041 -1
6034 1 4041 -1
6035 1 4041 -1
6072 45 4037 -1
6082 4 4065 -1
6097 24 4099 -1
6119 3 4037 -1
6151 13 4037 -1
6160 1 4037 -1
6179 7 4065 -1
6202 1 4037 -1
6207 1 4099 -1
6216 5 4099 -1
6217 28 4065 4099 -1
6218 47 4037 -1
6221 26 4037 4071 -1
6229 18 4037 -1
6270 57 4099 4037 -1
6272 80 4099 -1
6305 147 4037 4099 -1
6316 15 4037 -1
6327 71 4037 -1
6359 72 4037 4065 4037 -1
6360 35 4037 -1
6414 15 4037 -1
6440 1 4099 -1
6443 51 4037 4037 4071 -1
6445 7 4037 -1
6447 11 4099 -1
6458 22 4099 4037 -1
6477 1 4099 -1
6478 1 4099 -1
6479 13 4037 -1
6494 70 4065 4071 -1
6523 31 4037 -1
6548 8 4071 -1
6563 54 4037 -1
6596 137 4037 -1
6608 16 4065 -1
6613 8 4037 -1
6614 2 4037 -1
6615 119 4037 -1
6618 79 4037 -1
6620 91 4037 -1
6624 122 4071 -1
6627 12 4065 -1
6665 25 4065 -1
6780 6 4071 -1
6834 2 4037 -1
6859 10 4037 4037 -1
6863 3 4037 4037 -1
6886 6 4037 -1
6900 29 4037 4037 -1
6902 20 4037 -1
6906 49 4037 -1
6907 183 4071 4037 4037 -1
6913 34 4037 -1
6934 51 4037 -1
6976 37 4037 4037 -1
6993 75 4071 -1
7005 13 4037 -1
7047 133 4071 4037 -1
7052 114 4071 -1
7057 100 4037 -1
7086 111 4037 4071 -1
7092 75 4071 4037 -1
7100 15 4037 -1
7124 1 4037 -1
7125 2 4037 4037 -1
7127 2 4037 -1
7128 2 4037 -1
7129 6 4037 -1
7130 2 4037 -1
7131 23 4037 4037 -1
7132 21 4037 -1
7133 1 4037 -1
7134 3 4037 -1
7135 1 4037 -1
7180 2 4037 -1
7181 2 4037 -1
7198 5 4037 -1
7225 24 4071 -1
7231 87 4071 -1
7271 2 4037 -1
7280 71 4071 -1
7295 6 4071 -1
7301 18 4071 -1
7378 40 4037 -1
7405 17 4037 -1
7421 9 4037 -1
7424 4 4037 -1
7425 7 4037 -1
7452 2 4037 -1
7564 30 4037 -1
7578 24 4071 4037 -1
7597 4 4037 -1
7677 8 4037 -1
7682 15 4037 -1
7691 18 4071 -1
7719 3 4071 -1
7727 26 4071 4037 -1
7733 42 4037 -1
7743 10 4037 -1
7744 49 4037 -1
7769 19 4071 -1
7808 12 4037 -1
7862 8 4037 -1
7873 5 4071 -1
7874 4 4071 -1
7877 5 4037 -1
7885 3 4037 -1
7900 27 4037 -1
7901 28 4037 -1
7903 4 4037 -1
7929 3 4037 -1
7933 3 4037 -1
7993 1 4037 -1
8012 7 4037 -1
8061 3 4037 -1
8092 4 4037 -1
8098 1 4037 -1
8099 1 4037 -1
8100 1 4037 -1
8101 1 4037 -1
8102 1 4037 -1
8103 1 4037 -1
8104 1 4037 -1
8105 1 4037 -1
8106 1 4037 -1
8107 11 4037 -1
8109 1 4037 -1
8110 1 4037 -1