24 270 5484 5423 5412 5423 -1
27 89 5412 5459 -1
29 136 5404 -1
36 231 5412 5459 -1
37 21 5412 -1
42 88 5423 -1
44 42 5439 -1
47 113 5412 -1
58 35 5412 -1
59 94 5404 -1
68 187 5430 5437 5463 5484 5445 5412 5404 5459 5449 -1
72 113 5459 -1
87 164 5439 5449 5421 5459 5412 5484 -1
90 63 5412 -1
103 55 5452 5412 -1
109 166 5423 5404 5479 5465 -1
113 68 5484 -1
122 193 5454 5412 5459 -1
127 83 5449 5404 5412 -1
136 64 5482 5445 -1
139 32 5459 -1
147 50 5412 5430 -1
173 332 5484 -1
178 52 5412 -1
203 26 5423 5423 -1
290 61 5412 -1
306 215 5445 5457 -1
311 312 5463 5412 5404 5449 -1
319 193 5423 5459 5430 -1
335 48 5421 5482 -1
336 28 5412 -1
371 117 5412 5459 -1
395 37 5479 -1
405 17 5412 -1
425 49 5487 -1
432 155 5466 5430 5459 -1
457 640 5437 5412 5439 5484 5449 5404 5454 5459 5463 5479 -1
465 9 5449 -1
546 107 5484 -1
553 19 5466 -1
556 117 5423 5412 -1
582 29 5412 -1
600 171 5423 5404 5484 5423 -1
633 48 5479 -1
634 106 5459 5437 -1
667 18 5421 -1
689 27 5412 5452 -1
695 87 5487 -1
697 85 5412 5449 -1
704 82 5412 -1
710 88 5412 -1
722 124 5484 -1
727 19 5412 -1
730 29 5412 -1
737 120 5412 5466 5404 -1
749 62 5412 5445 -1
759 55 5430 -1
763 45 5430 -1
766 709 5439 5412 5430 5479 5466 5459 5445 5423 5404 5432 5437 5465 -1
769 137 5412 -1
789 209 5463 5430 5412 5449 -1
825 139 5423 5459 5423 5454 5487 5412 -1
865 45 5423 5423 5482 -1
896 25 5465 -1
898 7 5412 -1
943 28 5412 -1
946 85 5412 -1
947 21 5412 -1
950 8 5454 5459 -1
971 53 5452 -1
982 32 5432 -1
988 257 5417 -1
994 42 5412 -1
996 279 5452 5423 5449 5463 5454 5484 5412 -1
1041 31 5404 -1
1055 139 5412 -1
1075 59 5423 5484 -1
1097 93 5452 5449 5412 -1
1098 260 5466 5415 5432 -1
1111 42 5423 -1
1128 10 5449 -1
1133 282 5412 5484 5437 -1
1151 460 5445 5430 5423 5459 5437 5454 -1
1164 23 5412 5479 -1
1166 318 5430 5423 5449 -1
1169 24 5449 5423 -1
1200 92 5412 5404 -1
1207 24 5479 -1
1210 221 5430 5423 -1
1247 69 5449 -1
1286 55 5459 -1
1305 227 5404 -1
1353 24 5423 -1
1358 7 5484 -1
1360 10 5412 -1
1374 385 5452 5463 5445 5404 5484 5482 5412 5465 5454 -1
1377 31 5412 -1
1393 3 5484 -1
1395 192 5445 -1
1462 30 5449 -1
1470 115 5439 5412 5449 -1
1473 70 5445 -1
1492 159 5412 -1
1496 190 5459 5452 5412 -1
1530 10 5459 -1
1537 72 5412 -1
1542 237 5415 5404 5482 5437 5479 -1
1549 522 5445 5484 5482 5430 5459 5412 5452 -1
1552 50 5412 -1
1621 76 5466 -1
1623 36 5479 -1
1644 46 5412 -1
1647 15 5412 -1
1691 47 5463 -1
1697 42 5449 5412 -1
1701 98 5412 5445 -1
1707 29 5465 -1
1733 40 5449 -1
1789 11 5452 -1
1799 42 5459 5463 5412 -1
1807 6 5484 -1
1808 103 5459 -1
1811 37 5445 -1
1814 79 5454 5412 -1
1823 45 5439 5423 -1
1847 46 5412 5449 -1
1879 13 5423 -1
1888 28 5412 -1
1914 2 5445 -1
1915 16 5412 5459 -1
1937 6 5423 -1
1951 26 5423 -1
1972 184 5439 5449 5463 5430 -1
2001 37 5452 5459 -1
2033 13 5484 -1
2102 31 5459 -1
2115 12 5459 -1
2118 114 5459 5412 -1
2120 56 5412 -1
2135 143 5404 5449 5412 5484 5463 5459 5454 -1
2145 134 5463 5404 5404 5412 -1
2186 57 5423 5404 -1
2210 16 5412 -1
2225 36 5412 -1
2231 26 5412 -1
2237 254 5430 5459 5482 5412 -1
2246 7 5412 -1
2249 38 5404 5432 5439 -1
2256 125 5412 5423 -1
2257 47 5459 -1
2258 90 5482 5466 5437 -1
2264 51 5454 -1
2277 6 5412 -1
2297 150 5412 -1
2323 54 5449 5412 -1
2369 134 5452 5484 5412 5454 5404 -1
2371 93 5459 5412 -1
2376 22 5482 -1
2381 37 5452 5449 -1
2384 65 5482 5459 -1
2387 52 5430 5449 -1
2410 27 5412 5459 -1
2411 96 5484 -1
2440 43 5412 -1
2452 29 5432 -1
2485 286 5445 5482 5484 5459 5430 -1
2504 82 5449 5412 -1
2507 64 5445 -1
2510 69 5412 -1
2516 36 5459 5463 -1
2547 64 5487 -1
2549 63 5459 5412 -1
2565 827 5454 5465 5430 5412 5459 5404 5452 5466 5449 5421 5432 -1
2576 138 5459 -1
2585 46 5412 -1
2587 12 5459 -1
2592 8 5484 -1
2594 42 5412 -1
2599 9 5412 -1
2605 58 5449 5404 5459 -1
2621 8 5412 -1
2623 47 5412 -1
2651 216 5412 5445 -1
2655 30 5449 5412 5423 -1
2658 231 5466 -1
2660 148 5459 5482 5423 5423 -1
2667 93 5449 5437 5484 5463 5452 5439 5482 -1
2674 83 5430 -1
2680 6 5454 -1
2686 120 5479 -1
2688 516 5484 5430 5412 5437 5452 5449 5445 5423 5454 5459 -1
2689 34 5412 5454 5452 -1
2691 39 5404 5459 -1
2693 132 5449 -1
2696 61 5452 5459 -1
2704 40 5482 5445 -1
2707 100 5445 5432 5404 5459 -1
2744 36 5482 -1
2760 20 5412 5482 -1
2765 30 5482 5452 -1
2775 36 5412 -1
2790 145 5449 5412 5423 5404 5487 -1
2802 3 5484 -1
2811 9 5412 5459 -1
2822 29 5412 -1
2831 39 5454 5459 -1
2851 45 5412 5449 5445 -1
2889 11 5430 -1
2909 51 5412 -1
2958 48 5412 -1
2967 232 5445 5459 -1
2968 37 5459 -1
2972 271 5459 5404 5423 5449 5463 5412 5430 -1
2981 36 5463 5432 5430 5459 -1
2988 56 5459 5487 5445 -1
3002 5 5412 -1
3010 118 5449 5412 5445 -1
3015 30 5459 5445 5439 -1
3026 151 5452 5412 -1
3028 99 5459 5412 -1
3032 205 5452 5449 5430 -1
3034 38 5412 -1
3035 13 5412 5482 -1
3073 33 5412 -1
3088 24 5452 -1
3092 52 5459 5412 -1
3110 19 5459 -1
3168 69 5412 5454 -1
3191 55 5459 5449 5463 5430 5484 5412 -1
3192 39 5452 -1
3238 22 5484 -1
3256 20 5423 5412 -1
3258 69 5412 -1
3274 60 5421 5423 5459 5423 -1
3275 10 5459 -1
3292 8 5404 -1
3315 13 5457 -1
3321 16 5412 5479 -1
3333 14 5482 -1
3345 36 5459 -1
3348 16 5432 -1
3352 165 5430 5412 5449 5423 -1
3355 3 5432 -1
3366 31 5459 5449 5454 -1
3375 36 5421 -1
3378 37 5412 5459 -1
3381 177 5432 5465 -1
3390 47 5459 -1
3393 10 5459 -1
3394 121 5412 -1
3402 88 5412 5463 5449 -1
3404 73 5465 5430 5439 -1
3439 69 5412 -1
3447 214 5459 5479 5432 5463 5449 -1
3449 306 5423 5449 5432 5452 5430 5412 5454 5445 5423 5415 5463 5404 5437 5439 5459 -1
3452 91 5449 5459 -1
3453 241 5412 5459 5445 5463 5430 -1
3456 250 5459 5430 5412 5421 5449 -1
3457 97 5432 5479 5430 5437 -1
3458 61 5421 5412 -1
3459 73 5449 5437 -1
3462 36 5484 -1
3478 42 5454 -1
3479 83 5459 -1
3483 16 5430 5484 -1
3498 96 5463 5454 5423 5412 5449 5459 5452 5482 -1
3519 49 5459 -1
3522 53 5454 -1
3563 3 5479 -1
3568 128 5459 5484 -1
3586 135 5484 5479 5423 -1
3593 26 5452 5404 -1
3600 6 5430 -1
3614 187 5412 5463 5430 5459 5454 -1
3624 49 5459 -1
3631 70 5449 5412 -1
3634 57 5463 5423 -1
3641 194 5439 5459 5437 5454 5452 5404 5404 5412 5415 5449 -1
3642 291 5423 5404 5479 5415 5482 5437 5459 5439 -1
3643 35 5452 -1
3658 38 5459 -1
3666 125 5430 5445 5463 5449 5484 5459 -1
3691 70 5449 5459 5404 -1
3692 4 5423 5484 -1
3723 7 5412 -1
3728 71 5412 5430 -1
3729 12 5484 -1
3752 15 5412 -1
3770 9 5432 -1
3786 72 5463 5423 5412 5452 5445 5454 -1
3787 233 5454 5412 5445 5449 5452 5415 5482 5457 5484 -1
3794 44 5484 5423 5484 -1
3796 107 5459 -1
3813 72 5445 5459 5454 5404 -1
3830 18 5479 5463 5412 -1
3835 26 5454 5449 5430 -1
3854 79 5412 5430 5459 5445 5463 -1
3885 2 5466 -1
3916 25 5454 5459 -1
3922 5 5412 -1
3956 55 5484 5412 -1
3965 79 5437 -1
3976 43 5463 -1
3983 4 5452 -1
3995 53 5437 5459 -1
4008 7 5484 -1
4036 139 5430 5445 5423 5454 5449 5404 5459 5452 -1
4040 71 5459 5404 -1
4041 54 5412 5439 5459 -1
4045 244 5479 5439 5445 5404 5404 5437 -1
4046 40 5432 -1
4063 26 5412 -1
4070 56 5449 5445 5459 -1
4071 15 5412 -1
4073 90 5412 5452 5430 -1
4077 63 5449 5412 5463 5430 -1
4082 15 5463 -1
4099 101 5484 5463 5459 5412 -1
4116 8 5484 -1
4138 59 5484 -1
4144 38 5449 5463 -1
4151 79 5459 -1
4186 7 5445 -1
4191 14 5412 -1
4192 7 5484 -1
4211 39 5445 -1
4219 101 5459 -1
4221 41 5459 5484 -1
4263 1 5445 -1
4269 3 5404 -1
4276 47 5423 5430 -1
4295 16 5459 -1
4297 32 5463 5412 -1
4310 225 5463 5484 5449 5404 5404 5412 5445 5484 5423 5452 5459 5439 -1
4315 19 5449 5412 -1
4319 4 5484 5412 -1
4335 28 5412 -1
4338 11 5423 -1
4347 33 5466 -1
4353 69 5445 5459 5482 5412 5454 5449 -1
4355 40 5412 5459 5415 -1
4400 2 5412 -1
4433 17 5404 -1
4437 33 5432 -1
4441 186 5445 5412 5423 5404 5421 5439 -1
4448 32 5412 -1
4459 4 5404 -1
4483 137 5459 5484 -1
4487 6 5412 -1
4488 35 5412 -1
4547 41 5459 -1
4550 81 5484 5423 5463 5430 5452 -1
4557 15 5445 -1
4564 30 5459 5452 -1
4574 37 5412 5459 -1
4598 34 5404 -1
4600 15 5482 5445 -1
4632 202 5404 5404 5484 5423 5439 5466 5484 5437 -1
4653 80 5459 5463 5484 -1
4661 19 5459 -1
4662 44 5459 5454 5452 -1
4666 23 5482 -1
4671 6 5459 -1
4673 68 5439 5479 5423 -1
4686 40 5452 5404 5412 5404 5449 5463 -1
4709 24 5459 -1
4712 91 5463 5449 5459 5452 -1
4717 57 5463 5439 -1
4718 31 5449 5459 -1
4748 19 5430 -1
4756 32 5459 5457 -1
4764 52 5454 5484 5479 -1
4781 28 5484 5484 5479 -1
4792 45 5466 5465 5459 -1
4795 66 5459 5439 5406 -1
4813 45 5439 5479 -1
4814 16 5459 -1
4818 15 5484 -1
4824 88 5459 5432 -1
4828 105 5439 5449 5404 5452 -1
4829 57 5430 5449 5412 -1
4840 3 5482 -1
4843 12 5484 5484 5423 -1
4846 24 5484 -1
4894 34 5482 5459 -1
4899 160 5479 5463 5449 5452 5459 5445 5430 5437 -1
4915 5 5404 -1
4924 9 5404 -1
4938 13 5412 5452 -1
4943 31 5432 -1
4948 194 5426 5465 5454 5412 5459 -1
4964 51 5404 5459 5412 -1
4966 25 5459 -1
4967 317 5423 5463 5404 5479 5430 5412 5432 5459 5445 5439 5437 -1
4974 41 5463 -1
4981 49 5430 -1
4982 27 5454 5459 -1
4988 22 5404 5459 -1
5002 116 5432 5404 5484 5459 -1
5006 16 5459 5412 -1
5008 23 5484 5449 -1
5013 6 5449 -1
5020 45 5449 5430 5452 5463 5423 -1
5022 173 5404 5482 5439 5423 5415 5487 -1
5029 21 5449 5459 5430 -1
5050 7 5452 5484 -1
5059 15 5432 -1
5068 10 5452 5454 -1
5079 240 5466 5459 5404 5449 5499 5437 5454 5439 -1
5090 3 5459 -1
5096 14 5412 -1
5102 48 5484 -1
5103 118 5465 -1
5106 24 5459 5412 -1
5110 84 5439 5487 5415 5423 5412 5430 5457 -1
5118 9 5459 -1
5119 18 5463 -1
5123 60 5466 5459 5449 -1
5125 16 5445 -1
5140 50 5457 -1
5150 14 5459 -1
5151 3 5430 -1
5153 5 5437 -1
5155 16 5430 -1
5160 9 5452 -1
5171 40 5459 -1
5172 18 5459 -1
5173 121 5404 5421 5465 5484 -1
5175 20 5459 -1
5176 100 5426 5484 5463 5430 5449 5459 5454 5423 -1
5177 92 5437 5423 5439 5457 -1
5179 212 5454 5437 5404 5404 5459 5445 5439 5423 -1
5180 47 5459 5482 5454 5445 -1
5181 29 5459 5484 -1
5184 64 5412 5463 5449 5459 5430 -1
5185 120 5459 5439 5479 -1
5187 28 5459 5457 5482 -1
5188 211 5445 5459 5454 5479 -1
5189 237 5459 5463 5487 5404 5466 5423 5430 5412 5404 5445 5449 5437 -1
5190 56 5454 5459 5463 5412 5430 5423 -1
5193 15 5482 -1
5194 9 5457 -1
5199 19 5459 -1
5200 14 5463 5465 5412 -1
5201 12 5459 5412 -1
5203 12 5463 -1
5217 17 5459 5404 -1
5222 1 5479 -1
5233 19 5430 -1
5243 11 5430 -1
5254 34 5412 -1
5262 35 5404 5459 -1
5263 74 5482 5499 5445 5454 5449 -1
5264 2 5463 -1
5282 4 5449 -1
5284 2 5412 -1
5285 20 5452 -1
5301 42 5479 5454 5459 5404 -1
5313 11 5412 5484 -1
5316 22 5459 -1
5317 10 5459 -1
5321 13 5449 5484 -1
5332 6 5459 5412 -1
5334 3 5449 5454 -1
5339 3 5484 -1
5342 22 5459 -1
5347 1 5423 -1
5360 9 5430 -1
5366 2 5459 -1
5378 13 5432 -1
5382 19 5449 5430 -1
5390 2 5423 -1
5391 14 5459 -1
5397 1 5412 -1
5398 2 5412 -1
5399 8 5412 -1
5400 4 5412 -1
5401 3 5412 -1
5413 1 5414 -1
5416 1 5417 -1
5418 1 5423 -1
5419 8 5423 -1
5421 4 5423 -1
5422 1 5423 -1
5427 34 5430 5459 -1
5428 3 5430 -1
5429 1 5430 -1
5445 39 5482 5449 5437 -1
5446 21 5449 5445 5465 -1
5447 1 5449 -1
5454 19 5459 5452 -1
5455 7 5482 -1
5460 1 5463 -1
5461 1 5463 -1
5468 7 5484 -1
5472 15 5452 -1
5474 6 5484 -1
5479 12 5454 -1
5482 12 5445 -1
5484 18 5459 -1
5485 13 5484 5484 -1
5499 3 5452 -1
5500 1 5452 -1
5524 402 5439 5459 5484 5466 5404 5406 5465 5479 5423 -1
5529 31 5465 -1
5531 224 5459 5423 5437 5404 5487 5454 5479 -1
5534 11 5459 -1
5540 3 5459 -1
5543 128 5423 5437 -1
5548 1 5484 -1
5549 7 5484 5484 -1
5550 12 5484 5484 -1
5551 8 5484 5459 -1
5552 8 5484 -1
5553 36 5484 -1
5582 105 5432 5439 5479 -1
5589 10 5459 -1
5591 21 5487 -1
5596 11 5459 -1
5606 23 5445 5459 -1
5616 12 5404 -1
5620 6 5459 -1
5624 20 5445 -1
5627 1 5454 -1
5639 3 5454 -1
5644 13 5439 -1
5675 8 5459 -1
5691 49 5457 5445 5482 5437 -1
5696 49 5487 5439 5479 5437 -1
5697 219 5457 5484 5423 5439 5479 -1
5702 10 5454 -1
5703 1 5454 -1
5707 4 5459 -1
5708 7 5459 -1
5709 4 5459 -1
5710 1 5459 -1
5711 1 5459 -1
5712 1 5459 -1
5713 1 5459 -1
5714 42 5459 -1
5749 2 5457 -1
5750 1 5437 -1
5781 1 5445 -1
5796 173 5484 5465 5404 5404 -1
5799 14 5439 -1
5800 182 5465 5466 5432 -1
5802 248 5466 5479 5404 5432 -1
5805 10 5423 5479 -1
5812 42 5423 5415 -1
5814 106 5432 -1
5816 50 5423 -1
5818 40 5423 -1
5819 52 5457 -1
5822 81 5432 5466 5421 -1
5827 14 5404 -1
5829 11 5415 -1
5839 36 5439 5457 -1
5855 8 5482 -1
5861 2 5482 -1
5868 3 5482 -1
5871 51 5457 -1
5873 5 5457 5482 -1
5874 1 5482 -1
5875 1 5482 -1
5876 1 5482 -1
5877 7 5482 -1
5878 1 5482 -1
5899 2 5457 -1
5932 35 5479 5487 5437 -1
5934 32 5437 -1
5958 3 5487 -1
5981 6 5479 -1
5998 80 5439 5404 -1
6004 5 5484 -1
6023 16 5439 5479 -1
6043 38 5437 -1
6044 2 5484 -1
6068 30 5421 -1
6072 45 5421 -1
6075 16 5437 -1
6094 11 5423 -1
6108 4 5437 -1
6116 1 5487 -1
6126 11 5404 -1
6133 4 5437 -1
6134 6 5423 -1
6152 1 5437 -1
6153 1 5437 -1
6155 1 5404 -1
6156 20 5404 5439 -1
6157 2 5404 -1
6220 13 5479 -1
6236 1 5415 -1
6241 64 5465 -1
6243 32 5484 -1
6245 1 5465 -1
6263 4 5423 -1
6286 3 5423 -1
6287 1 5423 -1
6288 1 5423 -1
6305 147 5404 5479 -1
6323 49 5432 -1
6327 71 5479 -1
6360 35 5484 -1
6428 3 5439 -1
6486 57 5432 5404 -1
6504 7 5479 -1
6510 54 5465 -1
6516 1 5479 -1
6560 42 5404 -1
6563 54 5465 5421 -1
6596 137 5421 5466 5465 -1
6615 119 5404 5432 -1
6618 79 5432 5465 -1
6619 77 5404 5465 5432 5421 -1
6620 91 5432 5484 5404 -1
6624 122 5465 5404 5432 -1
6665 25 5465 -1
6714 92 5421 5432 5404 -1
6766 16 5432 -1
6772 49 5432 -1
6779 3 5484 -1
6833 1 5404 -1
6885 13 5404 -1
6905 1 5484 -1
6906 49 5432 5484 5404 -1
6907 183 5484 5465 5466 5404 5432 -1
6908 1 5484 -1
6909 1 5484 -1
6910 1 5484 -1
6911 2 5484 -1
6912 3 5484 -1
6918 23 5466 -1
6934 51 5404 -1
6941 35 5432 -1
6946 25 5421 -1
6993 75 5466 -1
6994 9 5432 -1
7021 15 5466 -1
7046 19 5465 -1
7047 133 5421 5466 -1
7049 27 5466 -1
7052 114 5466 5404 5421 5465 -1
7055 95 5465 -1
7057 100 5466 -1
7086 111 5404 5432 -1
7100 15 5432 -1
7104 15 5432 5404 -1
7113 8 5466 -1
7220 1 5404 -1
7231 87 5465 -1
7266 6 5432 -1
7280 71 5466 -1
7282 2 5432 -1
7283 1 5432 -1
7284 2 5432 -1
7285 1 5432 -1
7286 1 5432 -1
7287 1 5432 -1
7378 40 5465 -1
7391 47 5466 -1
7490 25 5421 -1
7546 2 5421 -1
7564 30 5465 -1
7598 26 5421 5466 -1
7614 37 5466 -1
7623 2 5465 -1
7953 1 5466 -1