11 733 3180 3140 3136 3114 3125 3117 3192 3144 -1
20 153 3136 -1
24 270 3136 -1
36 231 3136 3150 3192 -1
42 88 3136 -1
47 113 3136 -1
53 25 3192 -1
68 187 3192 3145 3150 -1
72 113 3136 -1
74 69 3117 -1
86 101 3136 -1
87 164 3192 -1
113 68 3144 -1
122 193 3148 3140 3117 3114 3173 3144 3192 3106 -1
127 83 3114 -1
128 51 3126 -1
136 64 3164 -1
172 120 3117 3164 3173 3117 3150 3140 3126 -1
173 332 3136 -1
180 54 3136 -1
182 59 3192 -1
263 21 3106 -1
270 14 3144 -1
280 76 3136 -1
290 61 3117 -1
304 64 3136 -1
306 215 3144 3117 3191 3114 -1
308 144 3136 3150 -1
310 236 3136 -1
311 312 3144 3136 3117 3117 -1
315 70 3117 -1
317 126 3136 -1
319 193 3192 -1
346 27 3180 -1
376 36 3150 -1
407 101 3130 -1
412 21 3130 -1
432 155 3148 -1
457 640 3117 3106 3140 3192 3125 3136 3144 -1
465 9 3180 -1
546 107 3136 -1
553 19 3136 -1
556 117 3136 -1
600 171 3136 -1
626 31 3136 -1
635 52 3148 -1
646 15 3150 3140 -1
650 85 3117 3130 -1
689 27 3173 -1
697 85 3106 -1
698 7 3117 -1
707 110 3136 -1
737 120 3106 -1
759 55 3136 -1
763 45 3130 -1
764 22 3192 -1
766 709 3140 3117 3103 3192 3125 3148 3114 3144 3150 3117 -1
769 137 3148 -1
784 205 3117 3117 -1
789 209 3103 -1
805 82 3192 -1
813 261 3103 3192 3148 3173 -1
825 139 3140 3103 3148 3125 3192 -1
826 218 3117 3140 3136 3150 3105 3130 -1
872 26 3136 -1
879 108 3180 3148 3125 -1
918 15 3136 -1
922 147 3136 -1
937 33 3117 -1
941 74 3164 3136 -1
948 26 3148 -1
960 17 3136 -1
978 54 3136 -1
988 257 3114 3140 3173 3150 3164 3180 3140 3148 -1
993 233 3117 3117 3130 3136 -1
994 42 3192 -1
996 279 3103 3140 3106 3148 -1
1006 130 3136 -1
1009 43 3148 -1
1010 6 3148 -1
1024 40 3150 3145 3164 3125 -1
1032 34 3136 -1
1037 50 3130 -1
1051 48 3180 -1
1055 139 3136 3103 -1
1062 157 3192 3117 3117 -1
1063 29 3103 -1
1097 93 3155 3117 3192 -1
1098 260 3117 3150 3130 -1
1102 13 3173 -1
1132 42 3173 -1
1133 282 3125 3144 3140 3192 3136 3191 -1
1135 112 3130 -1
1137 104 3117 3192 -1
1150 8 3136 -1
1151 460 3144 3117 3192 3136 3114 -1
1166 318 3150 3136 -1
1185 25 3136 -1
1200 92 3150 3164 3140 -1
1202 68 3136 -1
1210 221 3148 -1
1211 66 3117 -1
1215 40 3130 -1
1230 31 3117 -1
1247 69 3106 -1
1296 9 3192 -1
1297 48 3140 -1
1305 227 3117 3148 3150 3114 3173 3117 3140 -1
1316 7 3192 -1
1319 185 3130 3136 -1
1352 118 3136 -1
1354 5 3136 -1
1357 84 3130 3192 -1
1374 385 3114 3136 3164 -1
1381 51 3144 3173 3192 -1
1385 24 3164 -1
1395 192 3136 3150 -1
1424 41 3117 3130 -1
1428 159 3192 3117 3136 -1
1463 22 3144 3136 -1
1470 115 3130 -1
1471 45 3180 -1
1473 70 3136 -1
1487 115 3130 -1
1492 159 3117 -1
1496 190 3136 -1
1501 19 3140 -1
1521 104 3136 -1
1522 90 3130 3125 -1
1525 33 3136 -1
1537 72 3140 -1
1549 522 3117 3150 3140 3140 3144 3117 3103 3192 3148 3136 3164 3130 -1
1550 20 3180 3117 3192 3117 -1
1552 50 3130 -1
1555 67 3136 -1
1566 42 3173 3192 -1
1569 4 3136 -1
1570 4 3164 3136 -1
1571 23 3136 -1
1583 78 3130 -1
1585 80 3136 -1
1592 25 3164 3140 -1
1594 108 3136 3192 -1
1596 31 3117 3117 -1
1604 4 3136 -1
1608 344 3192 3150 3117 3136 -1
1614 71 3136 -1
1615 109 3136 -1
1622 39 3136 -1
1623 36 3140 -1
1661 36 3144 -1
1687 6 3125 -1
1688 24 3144 3192 -1
1691 47 3150 -1
1697 42 3164 3136 -1
1700 48 3136 -1
1711 7 3136 -1
1717 98 3136 3144 -1
1719 10 3117 3117 -1
1749 63 3173 3130 -1
1769 64 3117 3125 -1
1772 95 3136 -1
1783 58 3130 -1
1808 103 3136 3130 -1
1813 33 3144 3125 3117 -1
1814 79 3130 3150 3140 -1
1820 90 3117 3117 -1
1833 5 3164 -1
1835 55 3148 -1
1847 46 3103 3130 -1
1855 12 3136 -1
1875 26 3130 -1
1885 43 3155 3136 3130 -1
1896 50 3117 3117 -1
1919 113 3136 3117 -1
1922 126 3117 3117 -1
1925 22 3136 -1
1951 26 3114 -1
1962 27 3136 -1
1967 31 3140 3117 -1
1972 184 3148 3114 3150 3173 3180 3117 3140 -1
1980 44 3117 3117 -1
1991 66 3130 3150 3140 -1
1997 88 3136 -1
2001 37 3191 -1
2003 42 3117 -1
2009 46 3173 -1
2062 118 3117 3192 3117 -1
2065 45 3130 3164 -1
2067 3 3114 -1
2093 52 3117 3106 -1
2105 3 3114 -1
2114 31 3140 3117 -1
2118 114 3125 -1
2129 42 3144 -1
2134 13 3192 3125 -1
2145 134 3125 3140 -1
2160 11 3140 -1
2174 49 3155 -1
2186 57 3148 -1
2209 25 3148 -1
2214 3 3136 -1
2217 6 3125 -1
2223 13 3125 -1
2229 17 3150 -1
2230 38 3130 -1
2234 12 3145 3150 -1
2236 75 3117 3150 3126 3145 3164 3140 -1
2237 254 3150 3164 3192 3148 3117 3125 3114 3144 3117 3140 -1
2240 106 3130 -1
2246 7 3130 -1
2256 125 3117 -1
2257 47 3117 -1
2274 33 3130 -1
2289 13 3117 -1
2290 95 3117 3148 3173 3114 -1
2297 150 3150 3192 -1
2298 26 3144 -1
2299 65 3117 -1
2307 4 3117 -1
2323 54 3103 3130 -1
2326 249 3173 3192 3148 3117 3180 3114 -1
2328 205 3192 3114 3148 -1
2352 2 3117 -1
2356 57 3117 3140 -1
2365 58 3180 -1
2368 17 3117 -1
2371 93 3173 3192 3117 3150 3140 3144 3117 -1
2375 32 3192 -1
2379 46 3192 -1
2381 37 3192 -1
2398 56 3180 3130 3117 -1
2411 96 3148 3117 3140 -1
2472 76 3117 3150 3164 -1
2476 35 3140 3150 3145 -1
2485 286 3114 3145 3125 3173 3144 3117 3103 3148 3192 3117 -1
2497 37 3193 -1
2504 82 3117 -1
2510 69 3130 -1
2547 64 3150 -1
2559 54 3148 3173 -1
2560 89 3114 -1
2564 49 3164 -1
2565 827 3125 3106 3114 3164 3126 3117 3145 3140 3192 3173 3150 3103 3117 3148 3140 3144 -1
2576 138 3148 3106 3125 3117 -1
2578 13 3130 -1
2585 46 3117 3192 -1
2593 26 3117 -1
2594 42 3130 -1
2595 42 3117 -1
2611 8 3130 -1
2614 4 3130 -1
2615 3 3130 -1
2617 22 3117 3130 -1
2618 50 3164 3130 3148 -1
2619 44 3164 3103 -1
2620 26 3193 -1
2645 5 3192 -1
2646 30 3144 -1
2651 216 3125 3114 3144 3180 3148 3130 3140 3117 -1
2653 102 3125 3117 3117 3114 3173 3192 -1
2654 56 3148 3180 3140 -1
2657 35 3130 3173 3180 -1
2658 231 3173 3114 3106 -1
2660 148 3125 3114 3150 3192 -1
2667 93 3106 -1
2674 83 3114 3148 -1
2686 120 3150 3164 3126 3191 3140 3145 -1
2688 516 3150 3192 3173 3144 3103 3164 3125 3130 3114 3140 3148 3191 -1
2690 25 3117 3117 3164 -1
2691 39 3125 3103 3106 3117 3130 -1
2693 132 3148 3106 3114 3117 -1
2696 61 3173 3192 3125 3144 -1
2697 45 3192 -1
2699 63 3106 3117 3148 -1
2700 113 3114 3180 3148 3117 -1
2702 39 3150 -1
2707 100 3144 3180 3130 -1
2713 166 3117 3192 3125 3180 3144 3148 3173 -1
2719 20 3180 -1
2737 16 3106 -1
2747 65 3125 3148 3117 3114 -1
2765 30 3117 -1
2790 145 3114 3117 3155 3125 3180 3117 3130 -1
2831 39 3103 -1
2832 27 3144 3125 -1
2838 20 3117 -1
2842 93 3148 3114 -1
2851 45 3144 -1
2859 90 3144 -1
2871 165 3106 3150 3192 3114 -1
2872 54 3180 -1
2883 18 3103 -1
2904 16 3117 3164 -1
2909 51 3144 3130 3125 -1
2923 33 3117 3117 -1
2932 50 3192 3140 -1
2936 5 3148 -1
2940 91 3117 3148 3114 -1
2948 23 3130 3150 3117 3140 -1
2958 48 3125 3117 -1
2964 59 3192 -1
2967 232 3192 3173 3140 3148 3117 -1
2972 271 3140 3125 3144 3103 3192 -1
2978 4 3164 -1
2987 7 3130 -1
2988 56 3173 3192 -1
2989 10 3192 3173 -1
3000 31 3144 -1
3009 38 3103 3140 3144 3148 -1
3010 118 3148 3114 3173 3103 3117 -1
3018 18 3140 -1
3020 48 3130 -1
3024 47 3114 3117 -1
3026 151 3103 3148 3144 3173 3192 3180 3117 3106 -1
3028 99 3130 -1
3031 42 3150 3173 3130 3145 -1
3032 205 3145 3180 3192 3106 3173 3140 -1
3033 38 3150 -1
3034 38 3106 -1
3039 14 3130 -1
3041 14 3140 3150 -1
3047 10 3117 -1
3053 8 3117 -1
3055 42 3148 -1
3056 34 3148 -1
3057 36 3148 3106 -1
3059 34 3192 3173 -1
3061 2 3164 -1
3062 30 3140 -1
3072 24 3117 -1
3073 33 3130 -1
3081 14 3117 -1
3084 52 3117 -1
3095 25 3140 -1
3098 25 3164 3150 3140 -1
3110 19 3103 -1
3112 1 3117 -1
3113 1 3117 -1
3123 3 3130 -1
3124 2 3130 -1
3125 16 3130 -1
3126 1 3130 -1
3127 12 3130 -1
3128 1 3130 -1
3129 2 3130 -1
3131 1 3136 -1
3132 2 3136 3164 -1
3133 1 3136 -1
3134 1 3136 -1
3137 5 3140 3140 3138 -1
3144 66 3148 -1
3145 17 3140 3125 -1
3149 1 3150 -1
3158 1 3164 -1
3159 8 3164 3192 -1
3160 1 3164 -1
3162 3 3164 -1
3163 1 3164 -1
3168 69 3180 3117 3192 -1
3172 13 3180 -1
3173 6 3192 -1
3191 55 3103 -1
3200 8 3114 -1
3225 13 3192 -1
3258 69 3192 3173 -1
3276 60 3180 3173 3117 -1
3304 31 3114 3173 -1
3326 12 3192 -1
3333 14 3148 -1
3343 10 3117 -1
3350 55 3117 3144 3103 -1
3352 165 3103 3114 3144 3125 -1
3373 12 3192 -1
3380 33 3173 3148 -1
3394 121 3125 3103 3180 3144 3117 -1
3402 88 3180 3144 3103 3106 -1
3404 73 3114 3103 3148 -1
3417 31 3173 -1
3439 69 3148 -1
3447 214 3103 -1
3449 306 3140 3103 3106 3125 3144 -1
3450 27 3140 -1
3451 49 3140 3144 -1
3452 91 3103 3125 -1
3453 241 3140 3103 3144 3106 3125 -1
3454 124 3180 3125 3117 -1
3456 250 3144 3192 3125 3140 3103 -1
3457 97 3103 3144 3140 3125 3117 -1
3458 61 3191 -1
3459 73 3103 -1
3461 49 3140 -1
3463 54 3140 3144 3125 3106 -1
3469 21 3192 -1
3470 21 3148 3173 -1
3477 45 3117 3173 -1
3479 83 3125 3192 -1
3481 11 3117 -1
3482 10 3114 -1
3519 49 3117 -1
3521 23 3125 -1
3522 53 3192 -1
3523 15 3148 3114 -1
3541 62 3117 -1
3560 12 3125 -1
3567 17 3148 -1
3568 128 3103 3114 3125 3192 -1
3571 39 3144 -1
3595 2 3173 -1
3596 1 3173 -1
3597 11 3192 3173 -1
3598 2 3192 -1
3610 4 3148 -1
3611 19 3114 3148 -1
3614 187 3192 3103 3106 -1
3615 113 3192 3125 3140 -1
3618 1 3148 -1
3619 1 3148 -1
3624 49 3125 -1
3629 4 3114 -1
3630 30 3117 -1
3631 70 3192 3180 -1
3633 26 3117 -1
3634 57 3144 -1
3635 33 3192 -1
3637 4 3117 -1
3639 11 3144 -1
3641 194 3117 3103 3192 -1
3642 291 3191 -1
3645 34 3144 3125 -1
3648 3 3117 -1
3658 38 3192 -1
3659 32 3117 -1
3660 67 3144 -1
3661 28 3180 3192 -1
3666 125 3180 3191 3106 3192 -1
3667 5 3117 -1
3691 70 3106 -1
3719 14 3117 -1
3724 69 3192 3125 3144 3117 -1
3728 71 3192 3106 -1
3748 26 3192 -1
3775 10 3180 -1
3787 233 3191 3192 3140 -1
3806 31 3192 3144 -1
3812 32 3125 -1
3813 72 3192 3144 -1
3814 24 3125 3144 -1
3854 79 3192 -1
3863 5 3192 -1
3876 3 3117 -1
3877 10 3117 -1
3917 23 3125 3144 -1
3922 5 3191 -1
3925 6 3144 -1
3948 10 3144 -1
3961 16 3180 -1
3969 58 3125 3103 3144 -1
3971 4 3192 -1
3973 20 3192 -1
3985 26 3140 -1
4007 9 3192 -1
4020 6 3192 -1
4036 139 3103 -1
4041 54 3103 -1
4045 244 3140 3144 3125 3106 -1
4056 20 3106 -1
4062 4 3125 -1
4063 26 3125 -1
4065 104 3125 3140 3144 -1
4070 56 3144 3103 -1
4071 15 3192 -1
4073 90 3192 -1
4077 63 3103 -1
4111 10 3125 -1
4127 42 3192 -1
4128 9 3192 -1
4136 27 3192 -1
4137 6 3192 -1
4138 59 3125 3192 3144 -1
4141 5 3125 -1
4142 30 3125 3192 3144 -1
4151 79 3125 3144 -1
4152 34 3144 3125 -1
4189 9 3192 -1
4191 14 3125 -1
4197 2 3144 -1
4214 8 3144 -1
4216 1 3140 -1
4219 101 3106 -1
4222 28 3125 3140 -1
4273 19 3192 -1
4274 1 3192 -1
4295 16 3125 -1
4297 32 3125 -1
4298 10 3125 -1
4324 8 3140 -1
4363 13 3106 -1
4371 4 3125 -1
4433 17 3125 -1
4441 186 3106 3103 -1
4448 32 3140 -1
4465 2 3144 -1
4469 1 3144 -1
4502 2 3125 -1
4503 1 3125 -1
4547 41 3140 -1
4550 81 3103 -1
4563 11 3140 -1
4564 30 3140 -1
4569 1 3140 -1
4625 3 3103 -1
4632 202 3106 -1
4709 24 3106 -1
4715 8 3103 -1
4718 31 3103 -1
4726 12 3106 -1
4829 57 3103 -1
4899 160 3103 -1
4948 194 3103 3106 -1
4967 317 3103 3191 -1
5009 14 3106 -1
5020 45 3106 3103 -1
5022 173 3191 -1
5029 21 3103 -1
5079 240 3103 3191 -1
5106 24 3103 -1
5110 84 3103 -1
5140 50 3106 -1
5155 16 3106 -1
5176 100 3103 -1
5177 92 3191 -1
5184 64 3103 -1
5189 237 3191 3103 -1
5190 56 3103 -1
5195 3 3106 -1
5233 19 3106 3103 -1
5243 11 3103 -1
5246 29 3191 -1
5247 2 3106 -1
5248 2 3106 -1
5249 1 3106 -1
5262 35 3191 -1
5263 74 3191 -1
5296 15 3103 -1
5324 12 3191 -1
5361 3 3191 -1
5382 19 3103 -1
5395 1 3103 -1
5624 20 3191 -1
5684 17 3191 -1
5691 49 3191 -1
5697 219 3191 -1
5708 7 3191 -1
5809 20 3191 -1
5834 6 3191 -1
5871 51 3191 -1
5939 2 3191 -1
5960 3 3191 -1