29 136 7295 -1
68 187 7233 -1
72 113 7279 -1
109 166 7280 7225 -1
199 11 7279 -1
371 117 7277 -1
457 640 7237 7279 7280 7238 -1
737 120 7233 -1
742 85 7277 7214 -1
766 709 7277 7237 7280 7238 7214 -1
988 257 7233 -1
1009 43 7225 -1
1098 260 7277 7233 -1
1151 460 7277 7280 -1
1374 385 7295 7233 7214 7277 7237 7280 -1
1549 522 7237 -1
1813 33 7279 -1
2003 42 7233 7279 -1
2120 56 7277 -1
2145 134 7279 -1
2249 38 7295 -1
2369 134 7214 7279 7238 -1
2560 89 7277 -1
2565 827 7277 7280 7237 7225 7295 7238 7214 7279 7233 -1
2619 44 7277 -1
2658 231 7237 7233 7279 -1
2940 91 7277 -1
3084 52 7280 7277 -1
3274 60 7277 -1
3381 177 7237 7214 7279 7295 7280 -1
3453 241 7238 -1
3456 250 7225 7214 -1
3457 97 7237 -1
3527 47 7214 -1
3571 39 7233 -1
3586 135 7237 -1
3642 291 7295 7233 7225 -1
3770 9 7214 -1
3787 233 7225 7280 7277 -1
3969 58 7214 -1
4040 71 7280 7233 -1
4045 244 7214 -1
4065 104 7280 -1
4140 10 7233 -1
4151 79 7280 -1
4211 39 7237 -1
4310 225 7277 7237 7238 7214 -1
4437 33 7237 -1
4441 186 7238 7279 7280 7277 -1
4483 137 7280 7237 -1
4488 35 7238 -1
4524 7 7279 -1
4527 6 7257 -1
4632 202 7295 -1
4712 91 7237 7214 7279 -1
4717 57 7277 -1
4764 52 7279 7233 -1
4771 2 7277 -1
4792 45 7280 -1
4879 20 7279 -1
4948 194 7233 7279 7238 -1
4964 51 7214 -1
4967 317 7214 -1
4992 4 7279 -1
5079 240 7295 7238 -1
5096 14 7238 -1
5102 48 7201 7280 7225 -1
5103 118 7237 7233 7295 7280 -1
5106 24 7297 7280 -1
5173 121 7279 7238 7225 7295 -1
5179 212 7237 7233 -1
5188 211 7233 -1
5189 237 7214 -1
5196 29 7279 -1
5199 19 7279 -1
5215 7 7279 -1
5295 23 7225 -1
5445 39 7280 7277 -1
5446 21 7279 -1
5524 402 7277 7233 7237 7280 7214 7295 7279 7225 -1
5529 31 7214 -1
5543 128 7279 -1
5582 105 7214 -1
5616 12 7214 -1
5655 48 7237 7214 -1
5697 219 7214 -1
5741 9 7295 -1
5761 8 7279 -1
5775 39 7277 -1
5776 9 7237 -1
5800 182 7262 7277 7201 7280 7214 7238 7295 -1
5802 248 7277 7214 7280 7233 7237 -1
5806 45 7295 7225 7279 -1
5810 26 7237 -1
5811 65 7295 -1
5814 106 7280 7237 7233 -1
5816 50 7279 -1
5817 30 7295 -1
5819 52 7238 -1
5820 19 7280 -1
5822 81 7237 7238 -1
5827 14 7277 -1
5915 39 7277 7280 -1
5932 35 7225 -1
5952 14 7238 7237 -1
5988 4 7279 -1
5998 80 7280 7225 7279 -1
6006 47 7280 -1
6020 23 7277 7280 -1
6032 70 7233 7280 7238 -1
6043 38 7280 -1
6068 30 7280 -1
6072 45 7225 -1
6097 24 7214 -1
6241 64 7277 7280 7237 -1
6272 80 7279 -1
6299 70 7295 -1
6305 147 7233 7295 7277 7279 -1
6320 17 7237 7214 -1
6327 71 7214 -1
6359 72 7214 -1
6360 35 7214 -1
6443 51 7238 7214 -1
6460 56 7277 -1
6486 57 7214 7237 -1
6494 70 7280 -1
6518 30 7279 7277 -1
6520 2 7280 -1
6550 3 7238 -1
6555 33 7225 7214 -1
6560 42 7214 -1
6563 54 7233 7279 7214 -1
6595 12 7279 -1
6596 137 7238 7277 7233 7280 -1
6615 119 7214 7279 7295 7280 -1
6618 79 7238 7279 7280 -1
6619 77 7279 7214 7237 7295 -1
6620 91 7257 7214 7201 -1
6624 122 7280 7237 7225 7277 -1
6657 9 7279 -1
6665 25 7214 -1
6702 10 7225 -1
6714 92 7214 7295 7237 7279 -1
6758 9 7279 -1
6772 49 7279 -1
6784 41 7279 -1
6804 5 7237 -1
6869 1 7214 -1
6889 4 7233 -1
6900 29 7279 -1
6902 20 7237 -1
6906 49 7214 7295 -1
6907 183 7225 7279 7237 7214 7233 7280 -1
6913 34 7214 -1
6914 52 7225 7277 -1
6916 30 7237 7279 -1
6918 23 7214 -1
6934 51 7277 7214 -1
6941 35 7280 -1
6959 5 7295 -1
6971 5 7295 -1
6976 37 7214 -1
6991 18 7295 -1
6993 75 7237 7279 7280 7277 7295 -1
6994 9 7214 -1
7043 9 7238 -1
7045 36 7295 7280 -1
7046 19 7225 -1
7047 133 7280 7277 7233 -1
7049 27 7277 7280 -1
7052 114 7237 7279 7233 7225 -1
7055 95 7237 7279 7277 -1
7056 29 7233 7280 7277 -1
7057 100 7225 7280 7237 7279 7238 7233 -1
7080 58 7279 7277 7225 7280 -1
7086 111 7279 7237 7238 7233 -1
7092 75 7214 7225 7237 7280 -1
7099 15 7214 -1
7104 15 7214 -1
7113 8 7237 -1
7121 6 7279 -1
7131 23 7280 -1
7132 21 7280 -1
7138 1 7214 -1
7139 2 7214 -1
7150 10 7280 -1
7183 6 7225 -1
7210 1 7214 -1
7211 1 7214 -1
7212 1 7214 -1
7225 24 7237 -1
7227 9 7277 7225 -1
7231 87 7237 7280 7277 7279 -1
7237 8 7233 -1
7238 9 7233 -1
7239 21 7237 7279 -1
7241 18 7238 7279 -1
7279 17 7280 7237 -1
7280 71 7225 7233 7277 -1
7281 12 7277 7295 -1
7295 6 7277 -1
7327 6 7295 -1
7329 2 7295 -1
7330 2 7295 -1
7376 4 7237 -1
7378 40 7225 7277 -1
7379 7 7237 -1
7380 3 7279 -1
7386 14 7280 -1
7390 18 7280 -1
7391 47 7237 7233 -1
7400 15 7225 -1
7413 1 7279 -1
7415 4 7225 -1
7421 9 7279 7238 -1
7443 10 7280 -1
7449 20 7279 7277 -1
7455 3 7237 -1
7471 9 7237 -1
7480 1 7279 -1
7481 1 7279 -1
7490 25 7280 -1
7593 3 7225 -1
7594 3 7225 -1
7595 1 7225 -1
7661 4 7280 -1
7666 13 7277 -1
7676 5 7238 -1
7677 8 7238 -1
7679 21 7277 7280 7238 -1
7727 26 7233 7238 -1
7744 49 7238 -1
7747 5 7277 -1
7755 10 7277 -1
7767 2 7280 7277 -1
7772 15 7233 -1
7774 30 7233 -1
7789 1 7277 -1
7790 2 7277 -1
7791 4 7277 -1
7792 7 7277 -1
7833 4 7238 -1
7861 1 7233 -1
7865 22 7238 7233 -1
7877 5 7233 -1
7901 28 7233 -1
7902 18 7233 -1
7928 2 7233 -1
8036 19 7238 7233 -1
8047 17 7238 7233 -1
8050 6 7238 -1
8152 10 7233 -1
8171 3 7233 -1
8173 6 7233 -1
8190 4 7238 -1
8202 1 7233 -1
8203 1 7233 -1
8204 2 7233 -1
8205 1 7233 -1
8211 10 7238 -1
8264 1 7238 -1
8265 1 7238 -1
8266 1 7238 -1