103 55 7553 -1
109 166 7553 -1
136 64 7553 -1
155 16 7587 -1
231 44 7553 -1
265 30 7587 -1
335 48 7587 -1
425 49 7587 -1
457 640 7561 7587 7544 -1
580 28 7587 -1
633 48 7587 -1
667 18 7553 -1
737 120 7517 7553 -1
749 62 7587 -1
762 42 7587 -1
766 709 7561 7510 -1
1098 260 7587 7553 7553 -1
1374 385 7544 7529 7587 7512 7510 7561 -1
1549 522 7510 -1
1722 14 7587 -1
1811 37 7587 -1
1814 79 7553 -1
1896 50 7553 -1
1982 26 7553 7553 -1
2113 5 7561 -1
2135 143 7587 -1
2223 13 7553 -1
2240 106 7517 -1
2297 150 7587 -1
2328 205 7553 -1
2369 134 7512 -1
2371 93 7561 -1
2387 52 7561 -1
2452 29 7587 -1
2485 286 7561 7510 -1
2544 9 7553 -1
2565 827 7510 7517 7512 7553 7544 7529 7561 7553 -1
2658 231 7510 7561 7587 7512 7529 -1
2774 45 7510 -1
2833 7 7561 -1
2851 45 7553 7553 -1
2936 5 7517 -1
3032 205 7587 -1
3142 41 7553 -1
3227 20 7587 -1
3310 18 7587 -1
3381 177 7529 7512 7510 -1
3447 214 7510 -1
3456 250 7553 -1
3457 97 7561 -1
3460 17 7510 -1
3498 96 7587 -1
3586 135 7587 -1
3631 70 7553 -1
3634 57 7561 -1
3642 291 7587 7510 -1
3658 38 7512 -1
3662 4 7512 -1
3691 70 7587 -1
3723 7 7587 -1
3787 233 7587 7529 7517 7544 -1
3910 14 7587 -1
3969 58 7553 -1
4036 139 7587 -1
4110 4 7553 -1
4151 79 7553 -1
4221 41 7510 -1
4310 225 7587 -1
4398 8 7561 -1
4441 186 7544 -1
4447 12 7561 -1
4483 137 7553 7553 -1
4632 202 7587 7510 -1
4709 24 7510 -1
4712 91 7587 -1
4828 105 7553 7587 -1
4879 20 7561 7553 7587 -1
4948 194 7561 7510 -1
4967 317 7561 -1
4981 49 7553 7587 7510 -1
5002 116 7553 7553 -1
5053 53 7587 7561 -1
5079 240 7553 -1
5102 48 7561 -1
5103 118 7544 7512 7553 7510 7529 7587 -1
5140 50 7587 -1
5162 4 7553 -1
5173 121 7553 7512 7529 7553 -1
5179 212 7587 7544 7517 7553 -1
5188 211 7553 -1
5196 29 7561 -1
5199 19 7587 -1
5386 3 7512 -1
5446 21 7512 -1
5472 15 7510 -1
5489 10 7553 -1
5524 402 7553 7588 7529 7512 7553 7510 7587 7557 7588 7544 -1
5529 31 7553 7510 -1
5531 224 7510 7512 7561 7587 -1
5543 128 7510 -1
5655 48 7510 -1
5775 39 7510 -1
5776 9 7553 -1
5796 173 7553 7561 -1
5800 182 7544 7529 7553 7561 -1
5802 248 7510 7561 7553 7553 -1
5806 45 7587 7529 7553 7510 -1
5814 106 7553 7587 7553 -1
5815 4 7510 -1
5816 50 7510 -1
5822 81 7510 -1
5857 62 7510 7561 -1
5871 51 7553 7587 -1
5872 25 7510 7561 7587 7553 -1
5922 7 7561 -1
5927 8 7544 -1
5998 80 7553 7553 7510 -1
6006 47 7510 -1
6032 70 7553 7553 7544 -1
6043 38 7544 -1
6064 4 7517 -1
6151 13 7587 -1
6218 47 7587 -1
6221 26 7517 7561 -1
6229 18 7544 -1
6241 64 7561 -1
6272 80 7553 7510 -1
6280 31 7512 -1
6299 70 7553 7587 -1
6305 147 7517 -1
6316 15 7553 -1
6323 49 7510 7553 -1
6414 15 7553 7587 -1
6415 3 7510 -1
6443 51 7517 7587 7510 -1
6486 57 7587 7553 -1
6510 54 7587 7544 -1
6518 30 7553 -1
6555 33 7553 -1
6560 42 7553 7553 -1
6596 137 7544 7587 -1
6613 8 7587 -1
6615 119 7544 -1
6618 79 7529 7553 7561 7553 -1
6619 77 7529 7553 7510 -1
6624 122 7510 7561 7587 7529 7512 -1
6627 12 7529 -1
6714 92 7520 7512 7561 7510 7553 -1
6766 16 7561 7512 -1
6774 23 7553 -1
6784 41 7512 -1
6804 5 7561 -1
6875 15 7553 7561 -1
6907 183 7510 7553 7553 7561 -1
6914 52 7553 7553 7510 7544 -1
6916 30 7587 -1
6918 23 7553 -1
6934 51 7529 7587 7512 7561 -1
6941 35 7587 7561 7557 -1
6945 16 7587 7529 7544 -1
6976 37 7510 -1
7005 13 7553 -1
7026 11 7587 -1
7043 9 7553 -1
7045 36 7544 -1
7046 19 7553 7561 -1
7047 133 7553 7544 -1
7052 114 7553 7561 7544 7510 -1
7053 19 7517 7553 7553 -1
7054 21 7510 7587 7561 -1
7055 95 7561 7512 7510 -1
7057 100 7587 7529 7510 7544 7512 7561 -1
7063 15 7553 7510 -1
7080 58 7529 7510 -1
7086 111 7561 7553 7512 7510 -1
7090 6 7529 -1
7092 75 7561 7587 7553 7510 -1
7096 1 7529 -1
7109 2 7510 -1
7113 8 7529 7587 -1
7131 23 7553 7587 -1
7132 21 7561 -1
7134 3 7587 -1
7178 1 7587 -1
7225 24 7510 -1
7226 3 7553 -1
7227 9 7587 -1
7228 4 7561 -1
7229 5 7553 -1
7231 87 7510 7587 7544 -1
7233 18 7529 -1
7236 16 7553 7529 -1
7237 8 7529 -1
7239 21 7553 7587 7561 -1
7241 18 7561 -1
7279 17 7587 -1
7281 12 7510 7529 -1
7294 37 7510 -1
7348 2 7561 -1
7350 20 7561 7553 -1
7352 11 7544 -1
7357 5 7553 -1
7371 2 7567 -1
7378 40 7587 7553 -1
7379 7 7529 -1
7386 14 7553 -1
7387 3 7553 -1
7391 47 7553 7553 7544 -1
7393 10 7553 -1
7400 15 7553 -1
7401 3 7510 -1
7409 10 7553 -1
7425 7 7553 -1
7449 20 7553 -1
7455 3 7510 -1
7471 9 7512 -1
7476 1 7512 -1
7502 3 7544 7553 -1
7509 1 7510 -1
7511 14 7512 -1
7527 1 7529 -1
7528 1 7529 -1
7544 10 7553 -1
7545 1 7553 -1
7546 2 7553 -1
7564 30 7587 -1
7585 1 7587 -1
7586 6 7587 -1
7614 37 7544 -1
7677 8 7517 -1
7727 26 7553 -1
7733 42 7553 -1
7744 49 7553 7544 -1
7775 11 7553 -1
7865 22 7517 -1
7884 5 7553 -1
7900 27 7574 7517 -1
7901 28 7553 -1
7967 3 7553 -1
7968 1 7553 -1
8036 19 7553 -1
8051 5 7553 -1
8053 17 7553 -1
8085 16 7553 -1
8107 11 7553 -1
8133 1 7517 -1
8134 1 7553 -1
8152 10 7553 -1
8189 2 7553 -1
8193 2 7553 -1
8214 1 7553 -1
8222 5 7553 -1
8238 1 7553 -1