11 733 2193 2114 2145 2119 2137 2168 2178 2151 2117 2145 2144 2134 2109 2181 2128 2157 -1
14 105 2134 2117 2193 -1
15 42 2144 -1
20 153 2165 2134 -1
21 77 2117 2181 -1
24 270 2137 2119 2144 2193 2117 -1
33 20 2119 2165 -1
36 231 2120 2117 2135 2145 2109 -1
42 88 2181 2157 2128 -1
44 42 2157 -1
47 113 2193 -1
53 25 2114 -1
56 20 2151 -1
59 94 2174 -1
62 11 2193 -1
66 41 2117 2193 -1
68 187 2102 2134 2174 2160 -1
71 68 2114 2106 -1
74 69 2181 2119 -1
86 101 2157 2128 -1
89 21 2144 2145 -1
90 63 2193 -1
110 59 2193 -1
113 68 2157 -1
122 193 2145 2102 2135 2120 -1
127 83 2145 -1
128 51 2137 -1
136 64 2151 -1
143 95 2135 -1
161 27 2151 -1
172 120 2135 -1
173 332 2145 2128 2181 2151 2137 2165 2106 2193 2119 2168 2157 2109 -1
178 52 2145 -1
180 54 2114 -1
193 19 2157 -1
204 10 2151 -1
237 35 2102 -1
259 42 2181 -1
265 30 2151 -1
290 61 2135 -1
304 64 2151 -1
306 215 2114 2145 2144 -1
308 144 2165 2193 2157 -1
310 236 2106 2120 2174 2117 2128 2144 2151 -1
311 312 2109 2145 2106 2128 2102 2120 2151 2145 -1
313 41 2157 2193 2106 -1
315 70 2120 2102 2135 -1
319 193 2181 2117 2145 -1
325 15 2134 -1
326 9 2160 -1
371 117 2165 2145 -1
403 18 2144 -1
405 17 2134 -1
407 101 2120 2168 2137 2151 2128 -1
412 21 2120 -1
425 49 2160 -1
432 155 2117 2193 -1
439 8 2157 -1
457 640 2151 2165 2120 2145 2160 2128 2145 2117 2144 2157 2137 -1
545 25 2135 -1
546 107 2128 2144 2145 2160 -1
553 19 2117 -1
582 29 2144 -1
595 1 2193 -1
600 171 2117 2106 -1
650 85 2128 2117 -1
663 133 2135 2174 2102 -1
667 18 2135 -1
689 27 2128 -1
691 24 2117 -1
695 87 2145 -1
697 85 2116 -1
704 82 2181 2117 2106 2119 2102 -1
706 56 2157 2165 -1
708 39 2120 2193 -1
710 88 2174 2117 2120 -1
722 124 2117 2145 2120 -1
761 7 2151 -1
764 22 2117 2120 2174 -1
766 709 2135 2120 2145 2102 2114 2174 2144 2193 2117 2134 2116 -1
769 137 2193 2128 -1
781 5 2151 -1
784 205 2106 2174 2144 2135 2145 -1
789 209 2193 -1
795 57 2157 2117 -1
805 82 2106 -1
813 261 2134 2193 2174 2144 2128 -1
825 139 2145 2102 -1
826 218 2128 2157 2116 2120 2106 2174 -1
854 56 2117 2135 2145 -1
879 108 2144 -1
899 22 2120 -1
920 10 2151 -1
922 147 2157 2106 -1
928 13 2151 -1
937 33 2114 -1
941 74 2120 2106 2102 -1
943 28 2134 -1
946 85 2128 2137 2114 -1
948 26 2137 2181 -1
949 9 2165 -1
956 40 2106 -1
961 11 2128 2181 -1
974 30 2144 2144 -1
978 54 2174 2120 2117 2151 -1
986 50 2117 -1
988 257 2120 2116 2145 2114 2117 2135 2134 -1
993 233 2102 2168 2157 2106 2119 2137 2120 2117 2134 2128 -1
994 42 2114 -1
996 279 2128 2174 2145 2102 2120 2116 2135 -1
1000 34 2120 -1
1006 130 2178 2128 2181 -1
1011 4 2193 -1
1032 34 2128 -1
1037 50 2137 2165 -1
1039 6 2157 -1
1042 38 2109 -1
1044 9 2114 -1
1051 48 2109 2135 -1
1055 139 2144 2106 2151 2157 -1
1062 157 2134 2128 2120 2144 2174 2178 2117 -1
1063 29 2145 -1
1074 75 2160 -1
1075 59 2137 -1
1097 93 2174 2102 -1
1098 260 2106 2178 2117 2174 2181 2128 2193 2109 2102 2120 -1
1102 13 2144 -1
1111 42 2106 -1
1124 17 2151 2128 2117 2168 -1
1125 22 2151 -1
1127 58 2145 2135 -1
1129 53 2157 2160 -1
1132 42 2101 -1
1133 282 2134 2151 2145 2144 -1
1135 112 2135 2102 2128 -1
1137 104 2128 -1
1142 28 2117 -1
1151 460 2114 2117 2165 2106 2174 2160 2128 2193 2120 2157 2135 2119 2145 2151 2116 2137 2181 -1
1166 318 2165 2193 2109 2145 2174 2128 2134 2119 2102 2145 2120 2135 2178 2117 -1
1167 78 2106 2114 2128 -1
1168 5 2178 -1
1169 24 2117 -1
1184 57 2120 2157 2145 -1
1193 23 2160 -1
1200 92 2135 2120 2116 2102 2174 -1
1202 68 2181 -1
1203 20 2168 -1
1210 221 2117 2181 2109 2165 2120 2168 2193 2157 2128 2135 -1
1211 66 2174 2151 2106 2157 2193 2128 -1
1215 40 2117 -1
1221 75 2174 2168 -1
1230 31 2117 -1
1236 98 2151 2120 -1
1243 2 2128 -1
1247 69 2145 -1
1248 22 2151 -1
1267 61 2135 -1
1286 55 2193 2145 -1
1291 34 2106 2102 -1
1293 26 2193 -1
1297 48 2145 -1
1305 227 2114 2135 2102 2116 2120 2174 -1
1319 185 2145 2160 2117 2128 2106 2119 2151 -1
1331 6 2160 -1
1335 39 2168 2178 -1
1350 114 2157 2117 2178 2151 -1
1352 118 2151 2157 2165 2119 2137 2106 2181 -1
1353 24 2181 -1
1357 84 2102 -1
1374 385 2120 2193 2145 2109 2117 2135 2116 2137 2168 2102 2121 2174 2181 -1
1380 59 2193 2119 2151 2117 -1
1381 51 2165 2137 -1
1390 28 2151 2174 -1
1395 192 2178 2181 2117 2120 2145 2151 2174 2168 2137 2193 2109 2106 2114 -1
1416 6 2109 -1
1419 29 2157 -1
1420 13 2165 2151 -1
1428 159 2165 2137 2168 2106 2114 2151 2119 -1
1441 23 2101 -1
1462 30 2165 -1
1470 115 2135 -1
1473 70 2174 2102 -1
1480 44 2128 -1
1492 159 2106 2178 2128 -1
1496 190 2145 2116 2120 2114 2117 -1
1497 18 2157 2145 -1
1500 26 2174 2134 -1
1506 34 2135 2160 -1
1521 104 2120 2174 2128 2117 2178 -1
1522 90 2145 -1
1537 72 2145 2174 -1
1538 75 2120 -1
1542 237 2193 2129 -1
1547 27 2117 -1
1549 522 2144 2168 2151 2102 2128 2120 2116 2117 2165 2135 2114 2181 2145 2178 2134 2193 2157 2174 -1
1552 50 2134 2114 2116 -1
1555 67 2117 -1
1564 27 2151 -1
1566 42 2117 -1
1583 78 2117 2174 -1
1585 80 2114 2117 2145 2193 -1
1592 25 2109 2157 2165 2174 -1
1594 108 2193 2174 2135 -1
1596 31 2120 2117 -1
1608 344 2145 2137 2168 2128 2109 2117 2193 2116 2135 2160 2178 2120 2119 2145 2174 2101 2181 2165 -1
1615 109 2178 2109 2168 2137 2181 2119 -1
1621 76 2174 2128 2120 -1
1628 10 2128 2193 -1
1644 46 2165 -1
1647 15 2144 -1
1661 36 2102 2151 -1
1670 16 2145 2120 2165 2117 -1
1684 9 2102 -1
1687 6 2151 -1
1691 47 2117 -1
1700 48 2117 2178 2151 2120 2128 -1
1701 98 2120 -1
1705 44 2120 2102 -1
1706 4 2114 -1
1707 29 2181 2116 -1
1714 4 2137 -1
1717 98 2157 2128 -1
1730 29 2109 -1
1734 47 2128 -1
1741 6 2174 -1
1749 63 2145 -1
1754 18 2117 -1
1756 82 2145 2193 -1
1757 16 2151 2106 -1
1767 75 2114 -1
1769 64 2117 2120 2102 -1
1772 95 2174 2106 2117 2178 2168 2151 2157 2128 2120 -1
1781 6 2114 -1
1783 58 2120 -1
1789 11 2144 -1
1794 25 2135 -1
1796 38 2160 -1
1803 20 2168 2109 -1
1808 103 2145 2174 2120 2117 2106 2157 -1
1811 37 2114 -1
1813 33 2145 2144 -1
1814 79 2134 -1
1820 90 2120 2102 2128 2117 -1
1823 45 2128 -1
1833 5 2112 -1
1836 16 2193 -1
1837 26 2119 2168 -1
1838 54 2109 2178 2157 2106 2151 2128 2168 -1
1847 46 2178 -1
1848 13 2102 -1
1868 20 2128 -1
1875 26 2174 2102 -1
1879 13 2120 -1
1885 43 2135 2114 2102 -1
1888 28 2102 2128 2145 2157 -1
1891 23 2102 -1
1896 50 2109 2144 -1
1918 18 2117 -1
1919 113 2157 2119 2137 2120 2145 -1
1922 126 2145 2135 2116 2117 2174 -1
1925 22 2165 -1
1948 8 2157 -1
1951 26 2128 2117 -1
1962 27 2151 2157 2165 2106 -1
1965 9 2137 -1
1967 31 2178 -1
1972 184 2114 -1
1977 33 2145 -1
1980 44 2145 2174 2128 -1
1985 57 2117 2128 2157 -1
1986 13 2193 2145 -1
1991 66 2120 2174 2102 -1
1992 16 2117 2128 2120 -1
1997 88 2109 2157 2106 2165 2178 2168 2151 2128 2119 2117 2181 -1
2009 46 2193 2135 2174 -1
2012 3 2135 -1
2014 11 2135 -1
2029 2 2135 -1
2052 13 2193 2117 -1
2062 118 2128 2151 2178 2145 2137 2114 2119 2109 2165 2168 2181 2193 2157 -1
2063 16 2117 -1
2071 8 2145 -1
2072 121 2157 2117 2193 2128 2106 2151 2102 2137 2178 -1
2084 8 2185 -1
2085 28 2128 2117 -1
2091 6 2193 -1
2092 6 2185 -1
2093 52 2137 2119 2157 2174 2117 -1
2095 6 2182 2193 2185 -1
2099 21 2185 2182 2193 2101 -1
2102 31 2106 -1
2103 2 2106 -1
2108 4 2109 -1
2116 14 2117 2114 2114 -1
2117 18 2119 -1
2118 114 2128 2114 2119 -1
2120 56 2145 2128 2117 -1
2125 3 2145 -1
2129 42 2144 -1
2133 122 2102 2174 2120 2117 2193 -1
2134 13 2144 -1
2135 143 2174 2145 2117 2120 -1
2136 1 2137 -1
2141 2 2151 -1
2142 2 2151 -1
2143 1 2151 -1
2144 17 2151 -1
2145 134 2144 2120 2151 -1
2146 1 2151 -1
2147 1 2151 -1
2148 1 2151 -1
2149 2 2151 -1
2150 1 2151 -1
2155 1 2157 -1
2159 7 2128 -1
2167 1 2168 -1
2168 3 2174 -1
2169 32 2174 2120 2117 -1
2174 49 2102 2160 2120 -1
2179 1 2181 -1
2180 1 2181 -1
2182 1 2185 -1
2183 1 2185 -1
2184 3 2185 -1
2186 57 2174 -1
2194 1 2145 -1
2209 25 2120 -1
2224 3 2102 2128 -1
2225 36 2135 2128 2145 2117 -1
2226 23 2128 -1
2227 4 2128 -1
2229 17 2116 2135 2117 -1
2230 38 2120 2135 2117 -1
2231 26 2117 -1
2233 34 2117 2193 -1
2234 12 2116 -1
2236 75 2145 2135 2116 -1
2237 254 2134 2114 2145 2144 -1
2240 106 2160 2174 2102 2120 2117 -1
2241 14 2117 -1
2249 38 2145 -1
2255 31 2193 -1
2256 125 2145 2102 2117 2174 2134 2120 -1
2257 47 2135 2145 2144 2120 -1
2258 90 2145 -1
2272 31 2117 2120 2193 -1
2274 33 2135 2145 2117 -1
2281 2 2193 -1
2285 16 2135 -1
2290 95 2144 2114 -1
2297 150 2174 2144 2193 2134 2145 2117 -1
2299 65 2120 -1
2323 54 2114 2174 2193 -1
2326 249 2144 2129 2134 2114 2145 -1
2328 205 2160 2117 2120 2193 2174 2134 -1
2332 20 2116 -1
2356 57 2114 -1
2363 4 2193 -1
2365 58 2174 -1
2369 134 2160 -1
2371 93 2117 2174 -1
2372 5 2182 -1
2373 3 2135 -1
2375 32 2120 -1
2379 46 2134 2114 -1
2381 37 2117 -1
2387 52 2193 -1
2388 1 2193 -1
2389 1 2193 -1
2390 2 2193 -1
2398 56 2144 -1
2411 96 2114 2144 2129 2120 -1
2416 22 2120 -1
2435 29 2117 2174 -1
2462 3 2182 -1
2472 76 2102 2120 2116 2174 -1
2473 83 2120 2102 2135 2174 2117 2116 -1
2474 101 2116 2174 2145 2117 2120 2135 -1
2478 2 2120 -1
2485 286 2116 2120 2114 2174 2135 2145 -1
2488 20 2120 2145 2102 2144 -1
2491 1 2182 -1
2492 1 2182 -1
2493 5 2182 -1
2497 37 2174 2117 2120 -1
2502 22 2174 -1
2504 82 2144 -1
2506 28 2145 -1
2507 64 2117 2116 2102 2135 2120 -1
2510 69 2134 2102 2174 2117 2120 -1
2517 4 2117 2120 -1
2535 24 2145 -1
2541 27 2144 -1
2542 73 2102 2120 2145 2174 -1
2546 28 2102 2145 2174 -1
2548 12 2117 2144 -1
2550 16 2174 2116 -1
2555 11 2120 2102 -1
2557 77 2174 2120 2102 -1
2559 54 2120 -1
2560 89 2114 -1
2564 49 2134 -1
2565 827 2120 2116 2160 2144 2174 2134 2114 2145 2135 2144 2133 2102 -1
2566 6 2102 -1
2576 138 2144 2174 2160 2102 -1
2578 13 2117 -1
2585 46 2120 -1
2592 8 2117 -1
2593 26 2117 2102 -1
2594 42 2120 2117 2174 -1
2595 42 2134 2174 2117 -1
2596 13 2117 -1
2597 1 2117 -1
2598 5 2117 -1
2599 9 2117 -1
2605 58 2120 2174 2144 -1
2608 14 2174 -1
2613 17 2114 -1
2617 22 2102 -1
2618 50 2120 2174 -1
2620 26 2120 -1
2621 8 2160 -1
2646 30 2120 -1
2647 16 2174 -1
2651 216 2174 2145 -1
2653 102 2144 -1
2654 56 2116 -1
2658 231 2114 2129 2144 -1
2660 148 2144 2135 2114 2116 2145 -1
2674 83 2114 2116 -1
2686 120 2116 2135 -1
2688 516 2135 2114 2134 2145 2144 2116 -1
2690 25 2116 -1
2691 39 2134 -1
2692 18 2135 -1
2693 132 2134 -1
2696 61 2144 2135 -1
2697 45 2144 2134 -1
2699 63 2116 -1
2700 113 2134 2114 -1
2701 12 2174 -1
2702 39 2135 -1
2703 42 2135 2116 -1
2704 40 2135 -1
2713 166 2144 2134 -1
2719 20 2134 -1
2737 16 2135 -1
2740 28 2120 2102 -1
2746 20 2102 -1
2747 65 2145 -1
2757 3 2102 -1
2760 20 2145 -1
2765 30 2144 -1
2768 29 2120 2174 -1
2774 45 2114 -1
2775 36 2174 2120 -1
2788 4 2102 -1
2790 145 2120 2144 2116 2114 2174 2135 2160 -1
2792 17 2174 2120 -1
2815 10 2102 -1
2822 29 2114 2174 -1
2830 7 2120 -1
2840 11 2174 -1
2842 93 2135 2144 -1
2859 90 2144 2145 -1
2871 165 2134 2145 2135 2116 -1
2872 54 2114 2135 -1
2898 2 2174 -1
2899 1 2174 -1
2900 28 2134 2174 -1
2909 51 2135 -1
2912 26 2135 -1
2932 50 2145 -1
2940 91 2135 2114 -1
2951 14 2145 -1
2958 48 2134 -1
2964 59 2134 -1
2967 232 2129 2145 2144 2114 2134 -1
2968 37 2135 -1
2972 271 2145 2134 2144 -1
2981 36 2145 -1
3000 31 2144 2114 -1
3009 38 2145 -1
3010 118 2135 2160 -1
3020 48 2135 2116 -1
3024 47 2135 -1
3026 151 2135 2134 2145 -1
3028 99 2145 -1
3032 205 2134 2135 -1
3033 38 2135 -1
3034 38 2145 -1
3055 42 2114 -1
3056 34 2144 2114 -1
3062 30 2116 2135 -1
3072 24 2135 -1
3081 14 2135 -1
3084 52 2160 2114 -1
3092 52 2135 -1
3095 25 2135 2116 -1
3098 25 2116 2135 -1
3145 17 2145 -1
3168 69 2129 -1
3199 13 2135 -1
3200 8 2114 -1
3252 33 2134 -1
3257 1 2116 -1
3258 69 2145 -1
3276 60 2134 -1
3297 39 2114 -1
3301 15 2114 -1
3317 15 2134 -1
3338 3 2114 -1
3345 36 2145 -1
3350 55 2144 2145 -1
3352 165 2145 2114 2144 2134 -1
3378 37 2160 -1
3394 121 2144 2129 -1
3404 73 2114 -1
3417 31 2134 -1
3439 69 2144 -1
3449 306 2145 2144 -1
3450 27 2144 -1
3451 49 2144 -1
3453 241 2144 2145 -1
3454 124 2144 2134 -1
3455 59 2144 2145 -1
3456 250 2144 2145 -1
3457 97 2144 2129 2144 2114 -1
3458 61 2114 -1
3461 49 2144 -1
3462 36 2144 -1
3479 83 2134 -1
3519 49 2145 2134 -1
3522 53 2134 -1
3525 13 2114 -1
3527 47 2114 -1
3541 62 2114 2145 -1
3556 11 2114 -1
3568 128 2134 -1
3569 2 2114 -1
3586 135 2160 -1
3607 24 2145 -1
3614 187 2145 -1
3615 113 2144 2145 -1
3631 70 2145 -1
3633 26 2114 -1
3641 194 2160 2134 2144 2145 -1
3642 291 2160 -1
3643 35 2144 -1
3661 28 2134 -1
3666 125 2144 2134 -1
3678 13 2114 -1
3682 20 2114 -1
3724 69 2134 -1
3787 233 2134 2129 2145 -1
3794 44 2129 -1
3796 107 2145 2144 -1
3806 31 2134 -1
3812 32 2145 -1
3813 72 2134 -1
3815 14 2114 -1
3819 9 2134 -1
3834 1 2114 -1
3835 26 2114 -1
3836 1 2114 -1
3837 1 2114 -1
3854 79 2134 -1
3902 16 2145 -1
3912 15 2134 -1
3948 10 2134 -1
3956 55 2145 2160 -1
3965 79 2144 2134 -1
3973 20 2134 -1
3976 43 2144 -1
3977 13 2144 -1
4001 27 2145 -1
4007 9 2134 -1
4036 139 2134 -1
4040 71 2144 2145 -1
4044 53 2145 -1
4045 244 2145 2144 -1
4063 26 2144 -1
4065 104 2129 2144 2134 -1
4073 90 2144 2134 -1
4074 33 2129 -1
4076 52 2134 2160 2144 -1
4077 63 2145 -1
4099 101 2160 -1
4116 8 2160 -1
4123 23 2134 -1
4124 27 2129 2134 -1
4127 42 2134 2144 -1
4136 27 2134 -1
4144 38 2160 2145 -1
4151 79 2144 2145 -1
4152 34 2145 -1
4162 15 2134 -1
4191 14 2144 2134 -1
4199 5 2144 -1
4201 1 2134 -1
4212 30 2145 -1
4219 101 2144 2145 -1
4222 28 2145 -1
4229 4 2134 -1
4250 2 2144 -1
4255 9 2134 -1
4377 11 2145 -1
4431 4 2144 -1
4440 5 2144 -1
4448 32 2144 2145 -1
4459 4 2144 -1
4486 9 2145 -1
4488 35 2145 -1
4547 41 2145 2144 -1
4564 30 2145 -1
4587 25 2145 -1
4594 1 2144 -1
4595 2 2144 -1
4596 1 2144 -1
4597 1 2144 -1
4598 34 2160 -1
4647 9 2145 -1
4664 5 2145 -1
4665 8 2145 -1
4967 317 2160 -1
5022 173 2160 -1
5121 9 2160 -1
5123 60 2160 -1
5179 212 2160 -1
5185 120 2160 -1
5188 211 2160 -1
5189 237 2160 -1
5254 34 2160 -1
5524 402 2160 -1
5582 105 2160 -1
5655 48 2160 -1
5697 219 2160 -1
5796 173 2160 -1
5814 106 2160 -1
5816 50 2160 -1
5822 81 2160 -1
6097 24 2160 -1
6243 32 2160 -1
6272 80 2160 -1
6305 147 2160 -1
6443 51 2160 -1
6483 18 2160 -1
6488 19 2160 -1
6522 21 2160 -1
6526 6 2160 -1
6577 10 2160 -1
6608 16 2160 -1
6615 119 2160 -1
6717 3 2160 -1
6744 1 2160 -1
6753 4 2160 -1
6781 5 2160 -1
6793 1 2160 -1
6794 1 2160 -1
6795 2 2160 -1